5.105000000000000426e+01 4.999285745529852498e+00 1.585786194634270993e-02
5.215000000000000568e+01 5.059162196988205018e+00 1.585786194634270993e-02
5.345000000000000284e+01 5.089535081564257268e+00 1.585786194634270993e-02
5.450000000000000000e+01 5.012939909102094305e+00 1.585786194634270993e-02
5.560000000000000142e+01 5.229774115878261576e+00 1.585786194634270993e-02
5.685000000000000142e+01 5.209397414787627412e+00 1.585786194634270993e-02
5.785000000000000142e+01 5.193915746347239626e+00 1.585786194634270993e-02
5.880000000000000426e+01 4.955823416662514802e+00 1.585786194634270993e-02
6.010000000000000142e+01 5.079275470381450219e+00 1.585786194634270993e-02
6.095000000000000284e+01 4.971190024586151779e+00 1.585786194634270993e-02
6.185000000000000142e+01 4.965344374612485900e+00 1.585786194634270993e-02
6.265000000000000568e+01 4.942912028485535458e+00 1.585786194634270993e-02
6.375000000000000000e+01 4.957607979123829445e+00 1.585786194634270993e-02
6.465000000000000568e+01 4.748305571820591098e+00 1.585786194634270993e-02
6.550000000000000000e+01 4.608238275594374045e+00 1.585786194634270993e-02
6.645000000000000284e+01 4.736775456555341712e+00 1.585786194634270993e-02
6.735000000000000853e+01 4.640390738477793597e+00 1.585786194634270993e-02
6.854999999999999716e+01 4.708053906986088499e+00 1.585786194634270993e-02
6.965000000000000568e+01 4.924210304834270246e+00 1.585786194634270993e-02
7.050000000000000000e+01 4.796629969723507081e+00 1.585786194634270993e-02
7.145000000000000284e+01 4.971848665941838163e+00 1.585786194634270993e-02
7.245000000000000284e+01 5.001188606800164749e+00 1.585786194634270993e-02
7.354999999999999716e+01 4.913226977518617922e+00 1.585786194634270993e-02
7.465000000000000568e+01 4.766463630307881338e+00 1.585786194634270993e-02
7.570000000000000284e+01 4.841908582464879984e+00 1.585786194634270993e-02
7.725000000000000000e+01 4.959796098262954978e+00 1.585786194634270993e-02
7.810000000000000853e+01 4.689794621422858967e+00 1.585786194634270993e-02
7.935000000000000853e+01 4.457073388246961088e+00 1.585786194634270993e-02
8.020000000000000284e+01 4.582747571871908399e+00 1.585786194634270993e-02
8.110000000000000853e+01 4.603974479209732351e+00 1.585786194634270993e-02
8.220000000000000284e+01 4.057884144068927057e+00 1.585786194634270993e-02
8.345000000000000284e+01 3.830472526571478742e+00 1.585786194634270993e-02
8.425000000000000000e+01 3.676852377834318730e+00 1.585786194634270993e-02
8.545000000000000284e+01 3.358336679539045022e+00 1.585786194634270993e-02
8.645000000000000284e+01 3.386022098385486068e+00 1.585786194634270993e-02
8.760000000000000853e+01 3.231291614263634315e+00 1.585786194634270993e-02
8.920000000000000284e+01 3.321073994564625043e+00 1.585786194634270993e-02
9.025000000000000000e+01 3.013367805475458905e+00 1.585786194634270993e-02
9.155000000000001137e+01 3.029797490757927925e+00 1.585786194634270993e-02
9.275000000000000000e+01 3.006993400713976694e+00 1.585786194634270993e-02
9.380000000000001137e+01 3.139294492826247840e+00 1.585786194634270993e-02
9.530000000000001137e+01 3.093541362960937846e+00 1.585786194634270993e-02
9.655000000000001137e+01 3.326814544044016664e+00 1.585786194634270993e-02
9.755000000000001137e+01 3.227336373538656655e+00 1.585786194634270993e-02
9.840000000000000568e+01 3.058210188754950209e+00 1.585786194634270993e-02
9.935000000000000853e+01 3.246425889641350704e+00 1.585786194634270993e-02
1.004500000000000028e+02 3.115194815364485059e+00 1.585786194634270993e-02
1.013000000000000114e+02 2.843616808048711420e+00 1.585786194634270993e-02
1.025500000000000114e+02 2.957271137713990861e+00 1.585786194634270993e-02
1.035000000000000000e+02 2.849449509603980246e+00 1.585786194634270993e-02
1.047500000000000000e+02 2.878179081100979086e+00 1.585786194634270993e-02
1.059000000000000057e+02 2.764849475940715617e+00 1.585786194634270993e-02
1.070000000000000000e+02 2.940299781331598972e+00 1.585786194634270993e-02
1.084000000000000057e+02 3.143826118447458740e+00 1.585786194634270993e-02
1.094500000000000028e+02 3.256381356637910063e+00 1.585786194634270993e-02
1.104500000000000028e+02 3.210205281647435793e+00 1.585786194634270993e-02
1.112500000000000000e+02 3.018597886965631805e+00 1.585786194634270993e-02
1.121000000000000085e+02 3.013491761494491605e+00 1.585786194634270993e-02
1.132500000000000000e+02 3.115211723814381717e+00 1.585786194634270993e-02
1.141500000000000057e+02 3.262920257816449343e+00 1.585786194634270993e-02
1.151000000000000085e+02 3.026606132342726241e+00 1.585786194634270993e-02
1.161500000000000057e+02 3.419845808230411066e+00 1.585786194634270993e-02
1.170000000000000000e+02 3.393848174581702182e+00 1.585786194634270993e-02
1.181500000000000057e+02 3.244616508416650724e+00 1.585786194634270993e-02
1.192000000000000028e+02 3.229523206349930398e+00 1.585786194634270993e-02
1.202000000000000028e+02 3.156997810765515222e+00 1.585786194634270993e-02
1.213000000000000114e+02 3.165212710688118936e+00 1.585786194634270993e-02
1.222000000000000028e+02 3.458621525622796788e+00 1.585786194634270993e-02
1.234000000000000057e+02 3.502635391862020331e+00 1.585786194634270993e-02
1.246000000000000085e+02 3.359483213248263045e+00 1.585786194634270993e-02
1.254000000000000057e+02 3.336789555148855779e+00 1.585786194634270993e-02
1.266500000000000057e+02 3.411236508643074927e+00 1.585786194634270993e-02
1.279500000000000028e+02 3.413439798623287391e+00 1.585786194634270993e-02
1.288499999999999943e+02 3.243533905441275511e+00 1.585786194634270993e-02
1.300500000000000114e+02 3.349290157757937259e+00 1.585786194634270993e-02
1.310999999999999943e+02 3.175839955084302613e+00 1.585786194634270993e-02
1.320999999999999943e+02 3.095716803945482987e+00 1.585786194634270993e-02
1.335500000000000114e+02 3.324374205357099488e+00 1.585786194634270993e-02
1.345500000000000114e+02 3.545792369706095570e+00 1.585786194634270993e-02
1.354000000000000057e+02 3.590236763934151476e+00 1.585786194634270993e-02
1.366500000000000057e+02 3.582461466687949958e+00 1.585786194634270993e-02
1.375000000000000000e+02 3.574898544511583065e+00 1.585786194634270993e-02
1.385000000000000000e+02 3.355222024606267617e+00 1.585786194634270993e-02
1.393000000000000114e+02 3.495367542588777354e+00 1.585786194634270993e-02
1.402000000000000171e+02 3.480745280093088034e+00 1.585786194634270993e-02
1.413000000000000114e+02 3.443454844875038390e+00 1.585786194634270993e-02
1.422500000000000000e+02 3.295965942642455904e+00 1.585786194634270993e-02
1.432000000000000171e+02 3.246908112584347084e+00 1.585786194634270993e-02
1.443499999999999943e+02 3.443274996426369139e+00 1.585786194634270993e-02
1.454500000000000171e+02 3.256344877416033956e+00 1.585786194634270993e-02
1.470000000000000000e+02 3.243240762065544569e+00 1.585786194634270993e-02
