# Time	Flux
1.0000000000e+02 6.3126590385e+01
2.0000000000e+02 6.2132249584e+01
3.0000000000e+02 7.4998186938e+01
4.0000000000e+02 6.7810359570e+01
5.0000000000e+02 7.5430288947e+01
6.0000000000e+02 8.5192139759e+01
7.0000000000e+02 8.4814563153e+01
8.0000000000e+02 6.7680420230e+01
9.0000000000e+02 6.1906493025e+01
1.0000000000e+03 6.6651684400e+01
1.1000000000e+03 6.0176750318e+01
1.2000000000e+03 6.2432325649e+01
1.3000000000e+03 6.1624596731e+01
1.4000000000e+03 7.3828428858e+01
1.5000000000e+03 7.2897270171e+01
1.6000000000e+03 6.0057536212e+01
1.7000000000e+03 5.9312429024e+01
1.8000000000e+03 6.1450058486e+01
1.9000000000e+03 8.2985425288e+01
2.0000000000e+03 8.1144187721e+01
2.1000000000e+03 6.4866031496e+01
2.2000000000e+03 6.0201710894e+01
2.3000000000e+03 5.7720880989e+01
2.4000000000e+03 5.8211100713e+01
2.5000000000e+03 5.4875295854e+01
2.6000000000e+03 5.2544293195e+01
2.7000000000e+03 5.3703790201e+01
2.8000000000e+03 4.9707940557e+01
2.9000000000e+03 4.9933668712e+01
3.0000000000e+03 5.4307208062e+01
3.1000000000e+03 5.2339150417e+01
3.2000000000e+03 4.9494483969e+01
3.3000000000e+03 4.9569037173e+01
3.4000000000e+03 4.4154861068e+01
3.5000000000e+03 4.3239200129e+01
3.6000000000e+03 3.8308411648e+01
3.7000000000e+03 3.2814513265e+01
3.8000000000e+03 3.1566690214e+01
3.9000000000e+03 3.7922384022e+01
4.0000000000e+03 3.3952518135e+01
4.1000000000e+03 3.6189940286e+01
4.2000000000e+03 3.2257087707e+01
4.3000000000e+03 3.9233303012e+01
4.4000000000e+03 4.8720758764e+01
4.5000000000e+03 5.2686628234e+01
4.6000000000e+03 4.7886687817e+01
4.7000000000e+03 4.4946216407e+01
4.8000000000e+03 4.7773157504e+01
4.9000000000e+03 4.5480212318e+01
5.0000000000e+03 4.7422100186e+01
5.1000000000e+03 5.1003086998e+01
5.2000000000e+03 5.4755280522e+01
5.3000000000e+03 5.4318036062e+01
5.4000000000e+03 5.4974868526e+01
5.5000000000e+03 5.4017845188e+01
5.6000000000e+03 5.4967408188e+01
5.7000000000e+03 5.5745639202e+01
5.8000000000e+03 5.5251531070e+01
5.9000000000e+03 5.2014420972e+01
6.0000000000e+03 4.9182168636e+01
6.1000000000e+03 4.2651343230e+01
6.2000000000e+03 3.6159611712e+01
6.3000000000e+03 3.2341382707e+01
6.4000000000e+03 2.9971865941e+01
6.5000000000e+03 2.4346312863e+01
6.6000000000e+03 2.8429477279e+01
6.7000000000e+03 3.4341751429e+01
6.8000000000e+03 4.0558571539e+01
6.9000000000e+03 3.5610882231e+01
7.0000000000e+03 3.3193129644e+01
7.1000000000e+03 3.7329264441e+01
7.2000000000e+03 3.4888630434e+01
7.3000000000e+03 3.4516641565e+01
7.4000000000e+03 4.0360973412e+01
7.5000000000e+03 4.1287488509e+01
7.6000000000e+03 3.9319476834e+01
7.7000000000e+03 4.3643845292e+01
7.8000000000e+03 4.3613200007e+01
7.9000000000e+03 4.3413765425e+01
8.0000000000e+03 3.9990237040e+01
8.1000000000e+03 4.0137185162e+01
8.2000000000e+03 3.4074822828e+01
8.3000000000e+03 3.6022823951e+01
8.4000000000e+03 3.4891900082e+01
8.5000000000e+03 4.0403880200e+01
8.6000000000e+03 3.6747545348e+01
8.7000000000e+03 3.7667423662e+01
8.8000000000e+03 3.1081560674e+01
8.9000000000e+03 3.1556895213e+01
9.0000000000e+03 3.3251444362e+01
9.1000000000e+03 2.9243651660e+01
9.2000000000e+03 2.7653836497e+01
9.3000000000e+03 2.6384015364e+01
9.4000000000e+03 3.0188043540e+01
9.5000000000e+03 3.3245649583e+01
9.6000000000e+03 3.3153200499e+01
9.7000000000e+03 2.7189198800e+01
9.8000000000e+03 1.6695209368e+01
9.9000000000e+03 1.9218688337e+01
1.0000000000e+04 2.3208374459e+01
1.0100000000e+04 2.6173780081e+01
1.0200000000e+04 2.7099030154e+01
1.0300000000e+04 2.4928327024e+01
1.0400000000e+04 2.6868695373e+01
1.0500000000e+04 2.8994249887e+01
1.0600000000e+04 2.3887544721e+01
1.0700000000e+04 2.2099654823e+01
1.0800000000e+04 2.2740211435e+01
1.0900000000e+04 2.0698316589e+01
1.1000000000e+04 2.3204358199e+01
1.1100000000e+04 2.8414071704e+01
1.1200000000e+04 3.1581724761e+01
1.1300000000e+04 2.9363636325e+01
1.1400000000e+04 2.9246404099e+01
1.1500000000e+04 2.9926235322e+01
1.1600000000e+04 2.9220925650e+01
1.1700000000e+04 3.0326675039e+01
1.1800000000e+04 3.0943653927e+01
1.1900000000e+04 2.9546500821e+01
1.2000000000e+04 2.7317261557e+01
1.2100000000e+04 2.6975780719e+01
1.2200000000e+04 2.2613696092e+01
1.2300000000e+04 2.0292366819e+01
1.2400000000e+04 2.5750222468e+01
1.2500000000e+04 2.1746989482e+01
1.2600000000e+04 1.9419129691e+01
1.2700000000e+04 2.2735337325e+01
1.2800000000e+04 2.3222283318e+01
1.2900000000e+04 2.5426008404e+01
1.3000000000e+04 2.5034740615e+01
1.3100000000e+04 2.4899255527e+01
1.3200000000e+04 2.6696246963e+01
1.3300000000e+04 2.4697319091e+01
1.3400000000e+04 2.2129011438e+01
1.3500000000e+04 1.7005151363e+01
1.3600000000e+04 1.6008260188e+01
1.3700000000e+04 1.4085967154e+01
1.3800000000e+04 1.6215152073e+01
1.3900000000e+04 1.3077304623e+01
1.4000000000e+04 1.1831974483e+01
1.4100000000e+04 1.1276448797e+01
1.4200000000e+04 1.0323205145e+01
1.4300000000e+04 9.0553224458e+00
1.4400000000e+04 8.5045084594e+00
1.4500000000e+04 1.1519465936e+01
1.4600000000e+04 1.1982433993e+01
1.4700000000e+04 1.1105550274e+01
1.4800000000e+04 1.4802633311e+01
1.4900000000e+04 1.7891045751e+01
1.5000000000e+04 2.2993534695e+01
1.5100000000e+04 2.0966579874e+01
1.5200000000e+04 1.9417309291e+01
1.5300000000e+04 1.8599092340e+01
1.5400000000e+04 2.2362818592e+01
1.5500000000e+04 1.3314168294e+01
1.5600000000e+04 1.2397883881e+01
1.5700000000e+04 1.1591865504e+01
1.5800000000e+04 1.3188057902e+01
1.5900000000e+04 1.2279080410e+01
1.6000000000e+04 2.0490921673e+01
1.6100000000e+04 1.8347338601e+01
1.6200000000e+04 1.8359277518e+01
1.6300000000e+04 2.2732273010e+01
1.6400000000e+04 2.6022267378e+01
1.6500000000e+04 2.6170406013e+01
1.6600000000e+04 2.3773870157e+01
1.6700000000e+04 2.4700447867e+01
1.6800000000e+04 2.3194580432e+01
1.6900000000e+04 2.3674476558e+01
1.7000000000e+04 1.9385266279e+01
1.7100000000e+04 1.7188893972e+01
1.7200000000e+04 1.5675921705e+01
1.7300000000e+04 2.1572820729e+01
1.7400000000e+04 2.1512178268e+01
1.7500000000e+04 2.6116994334e+01
1.7600000000e+04 3.0050040908e+01
1.7700000000e+04 3.4625580407e+01
1.7800000000e+04 3.5564467374e+01
1.7900000000e+04 3.2421953513e+01
1.8000000000e+04 3.0993266940e+01
1.8100000000e+04 2.7309743003e+01
1.8200000000e+04 2.3641301235e+01
1.8300000000e+04 2.1379923887e+01
1.8400000000e+04 2.6202562424e+01
1.8500000000e+04 2.5899818601e+01
1.8600000000e+04 1.8944156891e+01
1.8700000000e+04 1.8650386150e+01
1.8800000000e+04 2.2000645405e+01
1.8900000000e+04 2.0383354961e+01
1.9000000000e+04 1.2379766879e+01
1.9100000000e+04 1.2929579427e+01
1.9200000000e+04 1.3267881725e+01
1.9300000000e+04 1.7003684679e+01
1.9400000000e+04 1.8526001548e+01
1.9500000000e+04 1.8698087748e+01
1.9600000000e+04 2.1089625688e+01
1.9700000000e+04 1.9133628758e+01
1.9800000000e+04 1.5978140233e+01
1.9900000000e+04 1.0833562336e+01
2.0000000000e+04 7.8216632647e+00
2.0100000000e+04 8.2664731159e+00
2.0200000000e+04 9.1303447542e+00
2.0300000000e+04 9.6880460992e+00
2.0400000000e+04 1.0335523950e+01
2.0500000000e+04 9.7219778233e+00
2.0600000000e+04 1.4433495852e+01
2.0700000000e+04 2.1291098808e+01
2.0800000000e+04 2.2744663813e+01
2.0900000000e+04 2.0730121362e+01
2.1000000000e+04 1.9317710860e+01
2.1100000000e+04 2.0865105853e+01
2.1200000000e+04 1.8815029211e+01
2.1300000000e+04 1.2756952702e+01
2.1400000000e+04 2.1340931768e+01
2.1500000000e+04 2.1985009048e+01
2.1600000000e+04 2.0013742781e+01
2.1700000000e+04 1.4376330105e+01
2.1800000000e+04 2.0486127459e+01
2.1900000000e+04 1.4729654538e+01
2.2000000000e+04 1.1460172778e+01
2.2100000000e+04 1.6109009939e+01
2.2200000000e+04 2.0697602241e+01
2.2300000000e+04 2.0029400846e+01
2.2400000000e+04 2.1730756308e+01
2.2500000000e+04 9.2004541150e+00
2.2600000000e+04 7.4551561919e+00
2.2700000000e+04 7.9779170412e+00
2.2800000000e+04 9.2869583223e+00
2.2900000000e+04 9.9568004940e+00
2.3000000000e+04 8.7692715339e+00
2.3100000000e+04 1.6114268239e+01
2.3200000000e+04 1.7105777401e+01
2.3300000000e+04 1.9323127067e+01
2.3400000000e+04 2.4171086793e+01
2.3500000000e+04 1.8695500136e+01
2.3600000000e+04 1.9335362033e+01
2.3700000000e+04 1.8371620276e+01
2.3800000000e+04 1.6717137141e+01
2.3900000000e+04 2.1579896231e+01
2.4000000000e+04 1.1949721342e+01
2.4100000000e+04 9.5274583256e+00
2.4200000000e+04 1.0385064177e+01
2.4300000000e+04 9.0875533596e+00
2.4400000000e+04 1.3377573328e+01
2.4500000000e+04 1.3609388296e+01
2.4600000000e+04 1.4278481536e+01
2.4700000000e+04 2.2704852702e+01
2.4800000000e+04 2.2250678167e+01
2.4900000000e+04 2.3550609461e+01
2.5000000000e+04 2.3469969225e+01
2.5100000000e+04 2.3418671575e+01
2.5200000000e+04 2.5796734809e+01
2.5300000000e+04 2.8146045867e+01
2.5400000000e+04 2.9656543371e+01
2.5500000000e+04 2.4623071234e+01
2.5600000000e+04 2.3037140845e+01
2.5700000000e+04 2.8586672572e+01
2.5800000000e+04 3.0767899953e+01
2.5900000000e+04 3.1072579689e+01
2.6000000000e+04 3.2789350517e+01
2.6100000000e+04 3.0742996218e+01
2.6200000000e+04 3.2572528299e+01
2.6300000000e+04 3.2123697241e+01
2.6400000000e+04 2.9918541052e+01
2.6500000000e+04 3.1606617779e+01
2.6600000000e+04 3.1290665755e+01
2.6700000000e+04 2.9428911148e+01
2.6800000000e+04 3.0355264850e+01
2.6900000000e+04 2.7193356099e+01
2.7000000000e+04 2.2577124660e+01
2.7100000000e+04 1.8916906091e+01
2.7200000000e+04 1.4898689036e+01
2.7300000000e+04 8.1260229357e+00
2.7400000000e+04 7.3477670841e+00
2.7500000000e+04 9.7626178342e+00
2.7600000000e+04 1.2559422443e+01
2.7700000000e+04 1.1097494810e+01
2.7800000000e+04 1.3692256959e+01
2.7900000000e+04 1.3880983242e+01
2.8000000000e+04 1.2195514740e+01
2.8100000000e+04 8.0874736548e+00
2.8200000000e+04 7.6294112817e+00
2.8300000000e+04 7.2493159705e+00
2.8400000000e+04 7.8456046508e+00
2.8500000000e+04 8.0535719054e+00
2.8600000000e+04 8.0433526281e+00
2.8700000000e+04 5.9405044430e+00
2.8800000000e+04 6.3136020661e+00
2.8900000000e+04 4.6552306375e+00
2.9000000000e+04 4.2662167578e+00
2.9100000000e+04 4.6334689751e+00
2.9200000000e+04 4.3607206523e+00
2.9300000000e+04 4.3501280255e+00
2.9400000000e+04 4.9516400631e+00
2.9500000000e+04 4.9852727458e+00
2.9600000000e+04 4.2761540365e+00
2.9700000000e+04 4.4244069133e+00
2.9800000000e+04 4.8942946597e+00
2.9900000000e+04 4.5510939761e+00
3.0000000000e+04 4.3378349008e+00
3.0100000000e+04 4.8070841260e+00
3.0200000000e+04 5.1288580690e+00
3.0300000000e+04 5.0500036523e+00
3.0400000000e+04 6.8062844877e+00
3.0500000000e+04 8.9344879441e+00
3.0600000000e+04 7.5847878820e+00
3.0700000000e+04 5.6496638264e+00
3.0800000000e+04 7.3237638242e+00
3.0900000000e+04 7.9889615253e+00
3.1000000000e+04 7.0428228048e+00
3.1100000000e+04 8.8269904082e+00
3.1200000000e+04 8.4413536243e+00
3.1300000000e+04 9.2101742153e+00
3.1400000000e+04 8.0499166635e+00
3.1500000000e+04 6.1795813527e+00
3.1600000000e+04 7.2774691691e+00
3.1700000000e+04 6.6504483823e+00
3.1800000000e+04 7.4561528340e+00
3.1900000000e+04 5.9822598226e+00
3.2000000000e+04 6.5123149569e+00
3.2100000000e+04 6.6299052053e+00
3.2200000000e+04 7.3581288275e+00
3.2300000000e+04 5.3927587166e+00
3.2400000000e+04 4.9158567476e+00
3.2500000000e+04 8.5863935611e+00
3.2600000000e+04 1.1869505691e+01
3.2700000000e+04 1.2005085286e+01
3.2800000000e+04 1.4785536327e+01
3.2900000000e+04 1.6041374083e+01
3.3000000000e+04 1.1165288427e+01
3.3100000000e+04 1.0869284975e+01
3.3200000000e+04 1.4216656891e+01
3.3300000000e+04 1.1032332551e+01
3.3400000000e+04 9.1288201086e+00
3.3500000000e+04 8.5334116129e+00
3.3600000000e+04 1.1560105579e+01
3.3700000000e+04 1.2222199462e+01
3.3800000000e+04 1.6837667775e+01
3.3900000000e+04 1.5543950481e+01
3.4000000000e+04 1.1107798255e+01
3.4100000000e+04 1.0170044866e+01
3.4200000000e+04 9.7314822110e+00
3.4300000000e+04 1.1098665083e+01
3.4400000000e+04 8.3353444541e+00
3.4500000000e+04 7.1174785650e+00
3.4600000000e+04 7.2105506541e+00
3.4700000000e+04 7.3962510220e+00
3.4800000000e+04 5.1458959513e+00
3.4900000000e+04 4.6642774638e+00
3.5000000000e+04 4.7689400771e+00
3.5100000000e+04 5.5713914417e+00
3.5200000000e+04 8.4842367240e+00
3.5300000000e+04 9.6955039035e+00
3.5400000000e+04 8.6385940506e+00
3.5500000000e+04 9.4467872229e+00
3.5600000000e+04 8.4911812909e+00
3.5700000000e+04 8.7425539676e+00
3.5800000000e+04 1.3066839312e+01
3.5900000000e+04 1.5469932987e+01
3.6000000000e+04 1.5335237038e+01
3.6100000000e+04 1.3538269164e+01
3.6200000000e+04 1.3436265590e+01
3.6300000000e+04 2.1742765257e+01
3.6400000000e+04 2.2501135630e+01
3.6500000000e+04 2.0911791239e+01
3.6600000000e+04 2.3093106302e+01
3.6700000000e+04 2.5401797514e+01
3.6800000000e+04 3.0639298071e+01
3.6900000000e+04 3.4074157613e+01
3.7000000000e+04 3.2253909461e+01
3.7100000000e+04 3.0403642756e+01
3.7200000000e+04 2.8059105299e+01
3.7300000000e+04 3.2156953911e+01
3.7400000000e+04 2.7979148347e+01
3.7500000000e+04 2.5805060431e+01
3.7600000000e+04 2.7663038881e+01
3.7700000000e+04 2.3354031928e+01
3.7800000000e+04 1.6418463427e+01
3.7900000000e+04 1.2306792923e+01
3.8000000000e+04 1.5278985991e+01
3.8100000000e+04 2.0386798012e+01
3.8200000000e+04 1.6524322316e+01
3.8300000000e+04 1.7571728964e+01
3.8400000000e+04 1.2560385299e+01
3.8500000000e+04 1.9459299711e+01
3.8600000000e+04 2.6282243109e+01
3.8700000000e+04 2.6449089040e+01
3.8800000000e+04 2.9141157171e+01
3.8900000000e+04 2.7220542023e+01
3.9000000000e+04 1.7705151657e+01
3.9100000000e+04 1.8732346340e+01
3.9200000000e+04 1.8928743929e+01
3.9300000000e+04 2.1209061571e+01
3.9400000000e+04 3.0548456496e+01
3.9500000000e+04 3.1194785605e+01
3.9600000000e+04 3.1299335664e+01
3.9700000000e+04 3.5715473199e+01
3.9800000000e+04 3.9171688672e+01
3.9900000000e+04 3.3584342036e+01
4.0000000000e+04 3.3565904790e+01
4.0100000000e+04 3.3605041019e+01
4.0200000000e+04 3.5338586318e+01
4.0300000000e+04 3.8275531190e+01
4.0400000000e+04 3.7323597014e+01
4.0500000000e+04 3.2677979440e+01
4.0600000000e+04 3.4699036755e+01
4.0700000000e+04 3.4801088748e+01
4.0800000000e+04 3.6794226004e+01
4.0900000000e+04 3.7667139033e+01
4.1000000000e+04 3.9579876272e+01
4.1100000000e+04 3.6943614474e+01
4.1200000000e+04 3.7341608108e+01
4.1300000000e+04 3.9360891744e+01
4.1400000000e+04 3.9830429427e+01
4.1500000000e+04 4.1608689506e+01
4.1600000000e+04 4.1496730429e+01
4.1700000000e+04 4.3519258249e+01
4.1800000000e+04 4.1990533616e+01
4.1900000000e+04 4.1072793744e+01
4.2000000000e+04 3.8288132178e+01
4.2100000000e+04 4.0671804635e+01
4.2200000000e+04 4.4905653209e+01
4.2300000000e+04 4.9257823238e+01
4.2400000000e+04 4.9008803901e+01
4.2500000000e+04 5.2604718811e+01
4.2600000000e+04 5.6081131879e+01
4.2700000000e+04 4.9072409405e+01
4.2800000000e+04 5.3340294127e+01
4.2900000000e+04 5.5101840719e+01
4.3000000000e+04 5.2274722049e+01
4.3100000000e+04 4.8852419498e+01
4.3200000000e+04 4.9524239497e+01
4.3300000000e+04 4.7231968098e+01
4.3400000000e+04 4.3219335847e+01
4.3500000000e+04 4.2976232220e+01
4.3600000000e+04 4.4651861069e+01
4.3700000000e+04 4.4331965381e+01
4.3800000000e+04 4.3640722498e+01
4.3900000000e+04 4.0552236868e+01
4.4000000000e+04 3.2429732474e+01
4.4100000000e+04 3.6608152824e+01
4.4200000000e+04 3.5695941452e+01
4.4300000000e+04 3.2673334305e+01
4.4400000000e+04 3.3721146068e+01
4.4500000000e+04 3.0230820677e+01
4.4600000000e+04 2.8589572897e+01
4.4700000000e+04 2.6996238633e+01
4.4800000000e+04 2.7181251024e+01
4.4900000000e+04 2.8563566554e+01
4.5000000000e+04 2.2807609274e+01
4.5100000000e+04 1.2044089496e+01
4.5200000000e+04 9.7908870660e+00
4.5300000000e+04 1.0227403896e+01
4.5400000000e+04 9.5578200451e+00
4.5500000000e+04 1.0104939996e+01
4.5600000000e+04 1.2043581406e+01
4.5700000000e+04 1.2647607951e+01
4.5800000000e+04 1.6488207751e+01
4.5900000000e+04 1.2306507598e+01
4.6000000000e+04 8.8785474680e+00
4.6100000000e+04 1.1616294357e+01
4.6200000000e+04 1.2536424855e+01
4.6300000000e+04 1.2893800766e+01
4.6400000000e+04 1.6510974107e+01
4.6500000000e+04 1.3918620311e+01
4.6600000000e+04 1.8733490071e+01
4.6700000000e+04 1.8837388126e+01
4.6800000000e+04 1.8177402368e+01
4.6900000000e+04 1.9329492382e+01
4.7000000000e+04 2.3125310732e+01
4.7100000000e+04 2.1770321183e+01
4.7200000000e+04 2.2780444250e+01
4.7300000000e+04 1.6207014652e+01
4.7400000000e+04 1.0136583277e+01
4.7500000000e+04 1.1898873801e+01
4.7600000000e+04 1.1500454097e+01
4.7700000000e+04 1.1814857373e+01
4.7800000000e+04 9.7222800288e+00
4.7900000000e+04 1.0709680238e+01
4.8000000000e+04 9.5038722002e+00
4.8100000000e+04 7.8435923705e+00
4.8200000000e+04 5.5916751129e+00
4.8300000000e+04 7.4809035781e+00
4.8400000000e+04 6.1571637992e+00
4.8500000000e+04 7.7702325005e+00
4.8600000000e+04 5.9220714930e+00
4.8700000000e+04 5.8301716252e+00
4.8800000000e+04 5.1430420049e+00
4.8900000000e+04 6.6930746029e+00
4.9000000000e+04 8.0142955964e+00
4.9100000000e+04 9.2766310059e+00
4.9200000000e+04 8.8466919606e+00
4.9300000000e+04 9.0824493394e+00
4.9400000000e+04 1.0889081118e+01
4.9500000000e+04 8.5785723836e+00
4.9600000000e+04 9.7813151739e+00
4.9700000000e+04 9.0309832919e+00
4.9800000000e+04 9.3747402516e+00
4.9900000000e+04 8.3336763033e+00
5.0000000000e+04 8.6831715060e+00
5.0100000000e+04 5.9655965461e+00
5.0200000000e+04 5.3648895768e+00
5.0300000000e+04 5.9895515902e+00
5.0400000000e+04 6.0831685093e+00
5.0500000000e+04 4.7927097204e+00
5.0600000000e+04 5.3145913986e+00
5.0700000000e+04 6.6502255193e+00
5.0800000000e+04 7.2182692625e+00
5.0900000000e+04 4.9543952066e+00
5.1000000000e+04 4.6262118095e+00
5.1100000000e+04 5.1045294276e+00
5.1200000000e+04 6.0398020652e+00
5.1300000000e+04 7.2218345480e+00
5.1400000000e+04 8.0146932060e+00
5.1500000000e+04 7.5083231745e+00
5.1600000000e+04 7.0248124273e+00
5.1700000000e+04 1.0668898336e+01
5.1800000000e+04 1.6043744488e+01
5.1900000000e+04 2.5391727652e+01
5.2000000000e+04 1.6383142391e+01
5.2100000000e+04 1.1162552362e+01
5.2200000000e+04 1.1696831600e+01
5.2300000000e+04 1.7980162127e+01
5.2400000000e+04 1.2279288109e+01
5.2500000000e+04 9.8760964630e+00
5.2600000000e+04 1.2121325324e+01
5.2700000000e+04 1.3031515558e+01
5.2800000000e+04 1.2829800791e+01
5.2900000000e+04 1.1747189152e+01
5.3000000000e+04 1.0856709162e+01
5.3100000000e+04 7.6654611733e+00
5.3200000000e+04 8.7760877621e+00
5.3300000000e+04 7.4504316650e+00
5.3400000000e+04 6.0389654984e+00
5.3500000000e+04 7.6166952150e+00
5.3600000000e+04 7.7038259281e+00
5.3700000000e+04 6.3999893596e+00
5.3800000000e+04 6.2732200287e+00
5.3900000000e+04 5.6738704334e+00
5.4000000000e+04 5.6389691220e+00
5.4100000000e+04 7.9845474068e+00
5.4200000000e+04 7.6310240398e+00
5.4300000000e+04 7.4831965305e+00
5.4400000000e+04 9.8120258159e+00
5.4500000000e+04 1.0057865590e+01
5.4600000000e+04 1.2274673307e+01
5.4700000000e+04 1.8483347209e+01
5.4800000000e+04 1.5068475492e+01
5.4900000000e+04 1.2974563946e+01
5.5000000000e+04 1.6699476821e+01
5.5100000000e+04 1.2730680128e+01
5.5200000000e+04 1.1869633055e+01
5.5300000000e+04 1.5055270601e+01
5.5400000000e+04 1.1009212538e+01
5.5500000000e+04 9.3301787067e+00
5.5600000000e+04 7.8585475998e+00
5.5700000000e+04 8.4692415305e+00
5.5800000000e+04 1.2289254153e+01
5.5900000000e+04 1.6815733061e+01
5.6000000000e+04 2.0585309597e+01
5.6100000000e+04 2.0129640124e+01
5.6200000000e+04 2.0349504485e+01
5.6300000000e+04 1.9124815458e+01
5.6400000000e+04 1.4740504110e+01
5.6500000000e+04 1.1381036582e+01
5.6600000000e+04 1.6476306667e+01
5.6700000000e+04 2.1929812891e+01
5.6800000000e+04 2.2430476208e+01
5.6900000000e+04 2.2674962823e+01
5.7000000000e+04 1.9543538109e+01
5.7100000000e+04 1.9445434919e+01
5.7200000000e+04 2.2177626507e+01
5.7300000000e+04 2.5025144120e+01
5.7400000000e+04 2.4447211770e+01
5.7500000000e+04 1.5383847746e+01
5.7600000000e+04 1.4972618722e+01
5.7700000000e+04 1.8496212448e+01
5.7800000000e+04 1.9724391763e+01
5.7900000000e+04 1.6698227308e+01
5.8000000000e+04 1.3595688593e+01
5.8100000000e+04 1.5949355776e+01
5.8200000000e+04 1.6526768248e+01
5.8300000000e+04 2.0847415068e+01
5.8400000000e+04 2.2789236845e+01
5.8500000000e+04 1.5631289987e+01
5.8600000000e+04 1.2548888889e+01
5.8700000000e+04 1.1808381211e+01
5.8800000000e+04 1.0725933767e+01
5.8900000000e+04 1.2667729570e+01
5.9000000000e+04 8.3309830332e+00
5.9100000000e+04 1.0593733496e+01
5.9200000000e+04 1.1091284368e+01
5.9300000000e+04 1.2853990462e+01
5.9400000000e+04 1.7464976298e+01
5.9500000000e+04 2.6889162582e+01
5.9600000000e+04 2.7825259009e+01
5.9700000000e+04 3.1332985715e+01
5.9800000000e+04 2.9516370929e+01
5.9900000000e+04 2.5109166389e+01
6.0000000000e+04 2.8277225417e+01
6.0100000000e+04 2.5095423550e+01
6.0200000000e+04 3.0293314746e+01
6.0300000000e+04 2.9309163573e+01
6.0400000000e+04 3.0238419571e+01
6.0500000000e+04 2.8754987815e+01
6.0600000000e+04 2.9710437636e+01
6.0700000000e+04 3.2310782605e+01
6.0800000000e+04 3.3885761974e+01
6.0900000000e+04 3.5858766349e+01
6.1000000000e+04 3.2735124400e+01
6.1100000000e+04 3.6169628857e+01
6.1200000000e+04 4.0149791944e+01
6.1300000000e+04 3.8084864007e+01
6.1400000000e+04 3.3170480494e+01
6.1500000000e+04 2.8721869307e+01
6.1600000000e+04 2.8238382826e+01
6.1700000000e+04 2.5574501804e+01
6.1800000000e+04 2.5720232182e+01
6.1900000000e+04 2.1460620813e+01
6.2000000000e+04 1.4588528900e+01
6.2100000000e+04 1.2510512541e+01
6.2200000000e+04 1.7275628089e+01
6.2300000000e+04 2.0259294386e+01
6.2400000000e+04 2.5337756758e+01
6.2500000000e+04 2.0054880050e+01
6.2600000000e+04 8.3436635056e+00
6.2700000000e+04 6.0731219258e+00
6.2800000000e+04 7.6585661374e+00
6.2900000000e+04 9.4634604334e+00
6.3000000000e+04 8.9331243264e+00
6.3100000000e+04 7.6620487523e+00
6.3200000000e+04 1.6166178487e+01
6.3300000000e+04 1.7042997922e+01
6.3400000000e+04 1.5227867996e+01
6.3500000000e+04 2.0581382844e+01
6.3600000000e+04 2.3471351458e+01
6.3700000000e+04 2.4982057304e+01
6.3800000000e+04 2.3923297720e+01
6.3900000000e+04 1.9775409567e+01
6.4000000000e+04 1.7504734565e+01
6.4100000000e+04 1.7619354435e+01
6.4200000000e+04 1.8764055631e+01
6.4300000000e+04 1.3197205556e+01
6.4400000000e+04 1.2635973093e+01
6.4500000000e+04 1.6839606289e+01
6.4600000000e+04 2.2430377805e+01
6.4700000000e+04 2.5063721359e+01
6.4800000000e+04 2.4814750297e+01
6.4900000000e+04 1.8703149249e+01
6.5000000000e+04 2.4516069099e+01
6.5100000000e+04 2.5826204135e+01
6.5200000000e+04 2.3665833557e+01
6.5300000000e+04 2.7990560413e+01
6.5400000000e+04 2.7809859091e+01
6.5500000000e+04 2.6091636561e+01
6.5600000000e+04 2.6948213560e+01
6.5700000000e+04 2.6499496249e+01
6.5800000000e+04 3.0398652889e+01
6.5900000000e+04 3.6063177761e+01
6.6000000000e+04 3.3504449285e+01
6.6100000000e+04 2.9145115054e+01
6.6200000000e+04 2.9832094590e+01
6.6300000000e+04 3.3862347664e+01
6.6400000000e+04 4.2256474801e+01
6.6500000000e+04 4.6516940087e+01
6.6600000000e+04 4.6776716042e+01
6.6700000000e+04 4.5760074900e+01
6.6800000000e+04 4.3970102737e+01
6.6900000000e+04 4.2813885367e+01
6.7000000000e+04 3.6409401091e+01
6.7100000000e+04 3.2125263618e+01
6.7200000000e+04 3.0592379406e+01
6.7300000000e+04 2.7812503472e+01
6.7400000000e+04 2.3122136148e+01
6.7500000000e+04 2.4892014327e+01
6.7600000000e+04 2.0856293657e+01
6.7700000000e+04 1.8612144357e+01
6.7800000000e+04 1.6308757290e+01
6.7900000000e+04 1.8044528778e+01
6.8000000000e+04 1.7402181330e+01
6.8100000000e+04 1.7120897478e+01
6.8200000000e+04 1.7365573653e+01
6.8300000000e+04 2.7646443222e+01
6.8400000000e+04 3.3543610314e+01
6.8500000000e+04 3.1268403299e+01
6.8600000000e+04 2.7268604332e+01
6.8700000000e+04 2.7408978702e+01
6.8800000000e+04 3.1120949693e+01
6.8900000000e+04 3.4790309711e+01
6.9000000000e+04 3.9344322910e+01
6.9100000000e+04 4.1507902285e+01
6.9200000000e+04 3.6193761664e+01
6.9300000000e+04 3.8065861527e+01
6.9400000000e+04 3.2594346683e+01
6.9500000000e+04 3.0814393379e+01
6.9600000000e+04 3.3356557833e+01
6.9700000000e+04 3.4127406708e+01
6.9800000000e+04 3.9815312485e+01
6.9900000000e+04 3.8585548860e+01
7.0000000000e+04 4.3945329148e+01
7.0100000000e+04 5.1509459790e+01
7.0200000000e+04 5.1749976526e+01
7.0300000000e+04 5.2331637200e+01
7.0400000000e+04 5.1654771031e+01
7.0500000000e+04 4.9818648505e+01
7.0600000000e+04 5.2978111298e+01
7.0700000000e+04 4.8897920625e+01
7.0800000000e+04 4.6124954273e+01
7.0900000000e+04 4.3680189495e+01
7.1000000000e+04 4.2752210249e+01
7.1100000000e+04 4.2747005401e+01
7.1200000000e+04 4.5063356468e+01
7.1300000000e+04 4.3272901270e+01
7.1400000000e+04 3.9461770024e+01
7.1500000000e+04 3.9948944477e+01
7.1600000000e+04 4.2532134632e+01
7.1700000000e+04 3.4892301454e+01
7.1800000000e+04 3.9835730368e+01
7.1900000000e+04 3.8022289550e+01
7.2000000000e+04 4.1282103177e+01
7.2100000000e+04 4.0754567526e+01
7.2200000000e+04 4.5742615947e+01
7.2300000000e+04 4.5724394118e+01
7.2400000000e+04 4.7913736411e+01
7.2500000000e+04 4.7338962875e+01
7.2600000000e+04 4.4839567644e+01
7.2700000000e+04 4.3536523639e+01
7.2800000000e+04 3.4161734050e+01
7.2900000000e+04 3.0016787528e+01
7.3000000000e+04 3.1184378488e+01
7.3100000000e+04 3.9297643056e+01
7.3200000000e+04 3.3911217063e+01
7.3300000000e+04 3.9890838822e+01
7.3400000000e+04 4.1872869234e+01
7.3500000000e+04 3.6007312548e+01
7.3600000000e+04 3.4594028663e+01
7.3700000000e+04 3.1571133516e+01
7.3800000000e+04 2.8639085492e+01
7.3900000000e+04 3.2296404885e+01
7.4000000000e+04 3.2128766535e+01
7.4100000000e+04 3.7420812260e+01
7.4200000000e+04 3.6682900504e+01
7.4300000000e+04 3.2215966326e+01
7.4400000000e+04 2.9641327876e+01
7.4500000000e+04 2.9708775386e+01
7.4600000000e+04 2.9768598588e+01
7.4700000000e+04 3.2674845174e+01
7.4800000000e+04 3.7467454606e+01
7.4900000000e+04 3.4964390214e+01
7.5000000000e+04 3.2706361826e+01
7.5100000000e+04 3.1933172303e+01
7.5200000000e+04 3.6130021231e+01
7.5300000000e+04 3.5275581268e+01
7.5400000000e+04 3.2371885077e+01
7.5500000000e+04 3.0805506390e+01
7.5600000000e+04 3.1157628040e+01
7.5700000000e+04 2.9546825522e+01
7.5800000000e+04 2.6296368489e+01
7.5900000000e+04 2.6494505001e+01
7.6000000000e+04 2.9917178000e+01
7.6100000000e+04 3.1049523515e+01
7.6200000000e+04 2.7911272413e+01
7.6300000000e+04 2.8134191725e+01
7.6400000000e+04 2.3980396730e+01
7.6500000000e+04 2.3629382827e+01
7.6600000000e+04 2.8722439237e+01
7.6700000000e+04 2.9987313637e+01
7.6800000000e+04 3.1469693132e+01
7.6900000000e+04 3.0111919099e+01
7.7000000000e+04 2.7403370926e+01
7.7100000000e+04 2.3225461976e+01
7.7200000000e+04 2.3241792967e+01
7.7300000000e+04 2.9362769370e+01
7.7400000000e+04 3.2130081080e+01
7.7500000000e+04 3.6191218829e+01
7.7600000000e+04 4.6012090267e+01
7.7700000000e+04 4.4214123206e+01
7.7800000000e+04 4.1140992804e+01
7.7900000000e+04 4.3783893961e+01
7.8000000000e+04 3.5196869915e+01
7.8100000000e+04 3.6831639685e+01
7.8200000000e+04 4.0664475386e+01
7.8300000000e+04 4.1957870648e+01
7.8400000000e+04 4.3852509512e+01
7.8500000000e+04 4.5613636055e+01
7.8600000000e+04 4.2247057863e+01
7.8700000000e+04 4.5348929137e+01
7.8800000000e+04 4.6015585608e+01
7.8900000000e+04 4.2267655439e+01
7.9000000000e+04 4.2436675277e+01
7.9100000000e+04 4.8416013245e+01
7.9200000000e+04 4.8835667367e+01
7.9300000000e+04 4.7636942223e+01
7.9400000000e+04 5.1096252297e+01
7.9500000000e+04 5.1680511441e+01
7.9600000000e+04 4.6726689379e+01
7.9700000000e+04 4.3777642471e+01
7.9800000000e+04 4.4389798396e+01
7.9900000000e+04 4.2357391907e+01
8.0000000000e+04 3.6373713988e+01
8.0100000000e+04 3.2031728137e+01
8.0200000000e+04 3.4380060085e+01
8.0300000000e+04 3.8138164989e+01
8.0400000000e+04 3.5826566516e+01
8.0500000000e+04 3.3289864858e+01
8.0600000000e+04 3.1677586903e+01
8.0700000000e+04 3.2798588344e+01
8.0800000000e+04 3.4213989095e+01
8.0900000000e+04 3.4632974235e+01
8.1000000000e+04 3.2598644671e+01
8.1100000000e+04 3.0970476405e+01
8.1200000000e+04 3.0481988943e+01
8.1300000000e+04 2.8606262392e+01
8.1400000000e+04 2.9485227282e+01
8.1500000000e+04 3.0715038640e+01
8.1600000000e+04 3.0490437448e+01
8.1700000000e+04 2.9185137568e+01
8.1800000000e+04 3.1178288881e+01
8.1900000000e+04 3.1675216775e+01
8.2000000000e+04 2.9350693725e+01
8.2100000000e+04 2.6802700432e+01
8.2200000000e+04 2.7135399869e+01
8.2300000000e+04 2.6427065908e+01
8.2400000000e+04 2.8114906068e+01
8.2500000000e+04 3.0945541497e+01
8.2600000000e+04 3.1294163412e+01
8.2700000000e+04 2.5118539192e+01
8.2800000000e+04 2.5887807869e+01
8.2900000000e+04 2.4008267502e+01
8.3000000000e+04 2.7865378965e+01
8.3100000000e+04 2.6480435119e+01
8.3200000000e+04 2.7337333382e+01
8.3300000000e+04 2.7101342047e+01
8.3400000000e+04 2.6093130454e+01
8.3500000000e+04 2.5581962283e+01
8.3600000000e+04 2.1863240924e+01
8.3700000000e+04 2.1699115422e+01
8.3800000000e+04 1.7099694988e+01
8.3900000000e+04 2.0911493329e+01
8.4000000000e+04 2.7729787324e+01
8.4100000000e+04 2.6256486075e+01
8.4200000000e+04 3.1961233019e+01
8.4300000000e+04 3.7995946385e+01
8.4400000000e+04 4.1050537116e+01
8.4500000000e+04 3.8803817672e+01
8.4600000000e+04 3.5737841318e+01
8.4700000000e+04 3.3492005378e+01
8.4800000000e+04 3.3781156401e+01
8.4900000000e+04 3.9989996425e+01
8.5000000000e+04 3.8872908404e+01
8.5100000000e+04 3.4996097097e+01
8.5200000000e+04 3.4880403881e+01
8.5300000000e+04 3.5042709420e+01
8.5400000000e+04 3.3006268307e+01
8.5500000000e+04 4.1537818822e+01
8.5600000000e+04 4.1796871959e+01
8.5700000000e+04 4.4718679869e+01
8.5800000000e+04 4.8266552632e+01
8.5900000000e+04 4.8249735467e+01
8.6000000000e+04 4.7797448796e+01
8.6100000000e+04 4.5911218812e+01
8.6200000000e+04 4.5260715496e+01
8.6300000000e+04 4.6140183285e+01
8.6400000000e+04 4.6016186344e+01
8.6500000000e+04 4.3256256852e+01
8.6600000000e+04 4.2990522193e+01
8.6700000000e+04 4.6666577272e+01
8.6800000000e+04 4.8583316394e+01
8.6900000000e+04 4.7022517838e+01
8.7000000000e+04 4.2718720200e+01
8.7100000000e+04 3.6260698240e+01
8.7200000000e+04 3.1117080177e+01
8.7300000000e+04 3.4415820601e+01
8.7400000000e+04 3.5028099944e+01
8.7500000000e+04 3.4623427276e+01
8.7600000000e+04 4.4817843756e+01
8.7700000000e+04 4.4176989826e+01
8.7800000000e+04 4.2742016571e+01
8.7900000000e+04 4.1340884906e+01
8.8000000000e+04 3.7457570665e+01
8.8100000000e+04 3.6100544565e+01
8.8200000000e+04 3.2512124603e+01
8.8300000000e+04 3.6707320390e+01
8.8400000000e+04 4.0963229183e+01
8.8500000000e+04 4.2229859320e+01
8.8600000000e+04 3.9752666901e+01
8.8700000000e+04 3.7735515127e+01
8.8800000000e+04 3.9697748184e+01
8.8900000000e+04 3.8555041766e+01
8.9000000000e+04 4.2601754631e+01
8.9100000000e+04 4.2179257788e+01
8.9200000000e+04 4.4604310954e+01
8.9300000000e+04 4.3757431143e+01
8.9400000000e+04 4.0832585022e+01
8.9500000000e+04 4.0278403147e+01
8.9600000000e+04 3.7986757788e+01
8.9700000000e+04 4.3507471696e+01
8.9800000000e+04 4.1750760852e+01
8.9900000000e+04 3.3725630904e+01
9.0000000000e+04 3.1611378945e+01
9.0100000000e+04 3.6301887384e+01
9.0200000000e+04 3.7076557499e+01
9.0300000000e+04 3.2427582769e+01
9.0400000000e+04 3.4925301299e+01
9.0500000000e+04 3.9240669924e+01
9.0600000000e+04 3.6878446723e+01
9.0700000000e+04 3.8431533780e+01
9.0800000000e+04 3.8145739049e+01
9.0900000000e+04 3.5354612093e+01
9.1000000000e+04 4.1536551676e+01
9.1100000000e+04 4.1907926023e+01
9.1200000000e+04 4.3091148475e+01
9.1300000000e+04 4.0291854341e+01
9.1400000000e+04 4.7598101592e+01
9.1500000000e+04 4.5021963385e+01
9.1600000000e+04 4.8722271426e+01
9.1700000000e+04 4.8461713832e+01
9.1800000000e+04 5.1478968450e+01
9.1900000000e+04 5.1643451819e+01
9.2000000000e+04 5.3604841778e+01
9.2100000000e+04 4.8153221243e+01
9.2200000000e+04 4.5207166603e+01
9.2300000000e+04 4.3220357860e+01
9.2400000000e+04 3.6465315758e+01
9.2500000000e+04 3.6577497600e+01
9.2600000000e+04 3.2984006448e+01
9.2700000000e+04 2.9257640362e+01
9.2800000000e+04 2.7853166423e+01
9.2900000000e+04 2.5010179745e+01
9.3000000000e+04 2.4499348810e+01
9.3100000000e+04 2.6894402354e+01
9.3200000000e+04 3.0196415222e+01
9.3300000000e+04 2.8724094502e+01
9.3400000000e+04 2.3079448539e+01
9.3500000000e+04 1.5203745635e+01
9.3600000000e+04 1.4081568981e+01
9.3700000000e+04 1.5238959663e+01
9.3800000000e+04 1.2255363783e+01
9.3900000000e+04 9.4328823799e+00
9.4000000000e+04 1.6582933451e+01
9.4100000000e+04 1.3400871784e+01
9.4200000000e+04 1.7167792615e+01
9.4300000000e+04 2.3605943625e+01
9.4400000000e+04 2.4438560460e+01
9.4500000000e+04 2.7293662071e+01
9.4600000000e+04 2.7183009047e+01
9.4700000000e+04 2.8012729504e+01
9.4800000000e+04 3.1598700824e+01
9.4900000000e+04 3.6051890053e+01
9.5000000000e+04 3.4540518209e+01
9.5100000000e+04 3.5578023214e+01
9.5200000000e+04 3.7011602714e+01
9.5300000000e+04 4.2029739636e+01
9.5400000000e+04 3.5125688326e+01
9.5500000000e+04 3.6609374658e+01
9.5600000000e+04 3.0951153064e+01
9.5700000000e+04 3.1015543518e+01
9.5800000000e+04 3.5211240301e+01
9.5900000000e+04 4.1075774500e+01
9.6000000000e+04 3.6423274867e+01
9.6100000000e+04 4.0590999132e+01
9.6200000000e+04 3.9659905256e+01
9.6300000000e+04 3.7524383937e+01
9.6400000000e+04 4.3925215822e+01
9.6500000000e+04 3.7254625754e+01
9.6600000000e+04 4.0846620895e+01
9.6700000000e+04 4.5533184479e+01
9.6800000000e+04 4.2722677047e+01
9.6900000000e+04 3.5889229497e+01
9.7000000000e+04 3.1428748306e+01
9.7100000000e+04 2.8437993696e+01
9.7200000000e+04 2.7568515626e+01
9.7300000000e+04 2.7929753882e+01
9.7400000000e+04 2.9846912315e+01
9.7500000000e+04 2.7750361502e+01
9.7600000000e+04 2.8882415813e+01
9.7700000000e+04 3.0058348447e+01
9.7800000000e+04 3.1850691838e+01
9.7900000000e+04 3.1818520601e+01
9.8000000000e+04 3.1656082734e+01
9.8100000000e+04 3.1003022717e+01
9.8200000000e+04 3.3174462336e+01
9.8300000000e+04 3.7120108385e+01
9.8400000000e+04 4.0683214237e+01
9.8500000000e+04 3.5647181396e+01
9.8600000000e+04 3.0640068493e+01
9.8700000000e+04 2.7986232956e+01
9.8800000000e+04 2.6205558547e+01
9.8900000000e+04 2.8955052982e+01
9.9000000000e+04 2.8350031873e+01
9.9100000000e+04 2.6030052506e+01
9.9200000000e+04 2.0254501652e+01
9.9300000000e+04 1.4882640541e+01
9.9400000000e+04 1.5118061428e+01
9.9500000000e+04 1.2655303338e+01
9.9600000000e+04 1.1650841194e+01
9.9700000000e+04 9.8186116582e+00
9.9800000000e+04 8.4783110476e+00
9.9900000000e+04 1.0416467480e+01
1.0000000000e+05 1.9401644893e+01
1.0010000000e+05 2.2227492412e+01
1.0020000000e+05 2.4391778209e+01
1.0030000000e+05 1.8162996806e+01
1.0040000000e+05 1.6650927427e+01
1.0050000000e+05 2.3712376396e+01
1.0060000000e+05 2.7760944626e+01
1.0070000000e+05 2.8120158463e+01
1.0080000000e+05 3.1062893973e+01
1.0090000000e+05 2.8715185294e+01
1.0100000000e+05 2.3394789496e+01
1.0110000000e+05 2.1475818486e+01
1.0120000000e+05 1.6036397255e+01
1.0130000000e+05 1.2270319446e+01
1.0140000000e+05 1.8502598634e+01
1.0150000000e+05 2.2411097611e+01
1.0160000000e+05 2.2193969247e+01
1.0170000000e+05 2.4175156331e+01
1.0180000000e+05 2.0596905677e+01
1.0190000000e+05 1.9303659443e+01
1.0200000000e+05 2.6890223600e+01
1.0210000000e+05 2.6374937893e+01
1.0220000000e+05 2.6040122600e+01
1.0230000000e+05 2.7396455055e+01
1.0240000000e+05 2.8178456308e+01
1.0250000000e+05 2.7776351116e+01
1.0260000000e+05 2.5727833702e+01
1.0270000000e+05 2.2563212278e+01
1.0280000000e+05 2.2604189876e+01
1.0290000000e+05 2.5815407337e+01
1.0300000000e+05 1.9393808798e+01
1.0310000000e+05 2.1500738658e+01
1.0320000000e+05 1.9633738896e+01
1.0330000000e+05 2.0974695077e+01
1.0340000000e+05 2.0619223993e+01
1.0350000000e+05 2.3725965964e+01
1.0360000000e+05 2.2926421761e+01
1.0370000000e+05 1.5411373399e+01
1.0380000000e+05 2.0548893439e+01
1.0390000000e+05 2.3092362278e+01
1.0400000000e+05 2.3431943144e+01
1.0410000000e+05 2.7254836090e+01
1.0420000000e+05 2.7118551229e+01
1.0430000000e+05 2.5695200635e+01
1.0440000000e+05 2.5615359263e+01
1.0450000000e+05 2.4520618511e+01
1.0460000000e+05 2.7112080878e+01
1.0470000000e+05 2.6850407547e+01
1.0480000000e+05 2.2888386924e+01
1.0490000000e+05 1.9799590372e+01
1.0500000000e+05 2.8224909091e+01
1.0510000000e+05 2.6692494373e+01
1.0520000000e+05 3.1602245087e+01
1.0530000000e+05 3.3872772020e+01
1.0540000000e+05 3.1368580841e+01
1.0550000000e+05 3.1849799364e+01
1.0560000000e+05 3.1072208779e+01
1.0570000000e+05 2.9278840665e+01
1.0580000000e+05 2.9762820091e+01
1.0590000000e+05 2.9117781153e+01
1.0600000000e+05 2.7200930081e+01
1.0610000000e+05 2.7333088317e+01
1.0620000000e+05 2.3565382610e+01
1.0630000000e+05 2.5018991341e+01
1.0640000000e+05 2.3100478948e+01
1.0650000000e+05 2.3984802730e+01
1.0660000000e+05 2.6435097426e+01
1.0670000000e+05 2.6889305167e+01
1.0680000000e+05 3.0671086831e+01
1.0690000000e+05 2.9811641553e+01
1.0700000000e+05 3.1064538074e+01
1.0710000000e+05 3.1952355379e+01
1.0720000000e+05 3.0677220851e+01
1.0730000000e+05 3.2802776818e+01
1.0740000000e+05 3.1349077002e+01
1.0750000000e+05 3.0750869443e+01
1.0760000000e+05 3.1070190586e+01
1.0770000000e+05 4.0737265072e+01
1.0780000000e+05 4.3029765159e+01
1.0790000000e+05 4.6163576861e+01
1.0800000000e+05 4.9068126291e+01
1.0810000000e+05 5.4685585739e+01
1.0820000000e+05 5.4803568289e+01
1.0830000000e+05 5.6129228963e+01
1.0840000000e+05 5.8485095014e+01
1.0850000000e+05 5.7319594432e+01
1.0860000000e+05 5.9258678349e+01
1.0870000000e+05 5.5331354507e+01
1.0880000000e+05 5.1654195595e+01
1.0890000000e+05 5.1893522771e+01
1.0900000000e+05 4.8865512991e+01
1.0910000000e+05 4.8445514070e+01
1.0920000000e+05 4.6943378578e+01
1.0930000000e+05 4.5720145448e+01
1.0940000000e+05 4.4762370158e+01
1.0950000000e+05 4.6436882555e+01
1.0960000000e+05 4.9394309189e+01
1.0970000000e+05 4.6274431145e+01
1.0980000000e+05 4.5381496256e+01
1.0990000000e+05 4.7720878222e+01
1.1000000000e+05 4.6372469908e+01
1.1010000000e+05 4.4916894967e+01
1.1020000000e+05 4.8564702882e+01
1.1030000000e+05 4.9909594906e+01
1.1040000000e+05 5.4286881214e+01
1.1050000000e+05 5.7557706183e+01
1.1060000000e+05 5.5083063876e+01
1.1070000000e+05 5.1918209607e+01
1.1080000000e+05 5.7778390602e+01
1.1090000000e+05 7.0442558583e+01
1.1100000000e+05 8.3311387703e+01
1.1110000000e+05 6.9341746218e+01
1.1120000000e+05 6.2586908287e+01
1.1130000000e+05 8.3082062697e+01
1.1140000000e+05 8.3989519422e+01
1.1150000000e+05 8.5031250048e+01
1.1160000000e+05 8.5340202805e+01
1.1170000000e+05 8.4732220720e+01
1.1180000000e+05 8.3498063879e+01
1.1190000000e+05 6.9739507831e+01
1.1200000000e+05 6.3135603678e+01
1.1210000000e+05 6.2248276333e+01
1.1220000000e+05 5.8671994301e+01
1.1230000000e+05 6.0294748045e+01
1.1240000000e+05 6.0645761730e+01
1.1250000000e+05 6.2625600265e+01
1.1260000000e+05 6.2316251531e+01
1.1270000000e+05 6.1518002511e+01
1.1280000000e+05 6.5396888398e+01
1.1290000000e+05 6.3990688517e+01
1.1300000000e+05 7.5306593650e+01
1.1310000000e+05 7.2936782650e+01
1.1320000000e+05 6.2462158671e+01
1.1330000000e+05 5.9382310954e+01
1.1340000000e+05 5.6407422006e+01
1.1350000000e+05 5.5177102891e+01
1.1360000000e+05 5.3768543139e+01
1.1370000000e+05 5.0400096201e+01
1.1380000000e+05 5.0644493887e+01
1.1390000000e+05 4.8645385284e+01
1.1400000000e+05 4.8473661145e+01
1.1410000000e+05 4.7037269044e+01
1.1420000000e+05 4.8723610446e+01
1.1430000000e+05 5.3219328880e+01
1.1440000000e+05 5.3711931827e+01
1.1450000000e+05 5.5862711845e+01
1.1460000000e+05 5.8406674102e+01
1.1470000000e+05 5.5434322534e+01
1.1480000000e+05 4.9277739551e+01
1.1490000000e+05 5.0273452718e+01
1.1500000000e+05 5.4175545180e+01
1.1510000000e+05 5.1695275192e+01
1.1520000000e+05 5.5779535366e+01
1.1530000000e+05 5.8436410608e+01
1.1540000000e+05 5.9277082601e+01
1.1550000000e+05 6.0126762185e+01
1.1560000000e+05 6.0233984762e+01
1.1570000000e+05 5.9202329129e+01
1.1580000000e+05 5.6579134874e+01
1.1590000000e+05 6.0574201805e+01
1.1600000000e+05 6.2249558314e+01
1.1610000000e+05 6.5011646872e+01
1.1620000000e+05 5.2804371579e+01
1.1630000000e+05 4.9996165872e+01
1.1640000000e+05 5.0592980712e+01
1.1650000000e+05 5.2006891079e+01
1.1660000000e+05 5.6358197108e+01
1.1670000000e+05 6.0246906975e+01
1.1680000000e+05 5.5783547583e+01
1.1690000000e+05 5.6471517297e+01
1.1700000000e+05 6.1731639477e+01
