5.260000000000000142e+01 0.000000000000000000e+00 0.000000000000000000e+00
5.620000000000000284e+01 0.000000000000000000e+00 0.000000000000000000e+00
5.990000000000000568e+01 0.000000000000000000e+00 0.000000000000000000e+00
6.290000000000000568e+01 0.000000000000000000e+00 0.000000000000000000e+00
6.595000000000000284e+01 0.000000000000000000e+00 0.000000000000000000e+00
6.890000000000000568e+01 0.000000000000000000e+00 0.000000000000000000e+00
7.225000000000000000e+01 0.000000000000000000e+00 0.000000000000000000e+00
7.460000000000000853e+01 0.000000000000000000e+00 0.000000000000000000e+00
7.820000000000000284e+01 0.000000000000000000e+00 0.000000000000000000e+00
8.160000000000000853e+01 0.000000000000000000e+00 0.000000000000000000e+00
8.495000000000000284e+01 0.000000000000000000e+00 0.000000000000000000e+00
8.695000000000000284e+01 0.000000000000000000e+00 0.000000000000000000e+00
8.970000000000000284e+01 0.000000000000000000e+00 0.000000000000000000e+00
9.275000000000000000e+01 0.000000000000000000e+00 0.000000000000000000e+00
9.575000000000000000e+01 0.000000000000000000e+00 0.000000000000000000e+00
9.900000000000000000e+01 0.000000000000000000e+00 0.000000000000000000e+00
1.021000000000000085e+02 0.000000000000000000e+00 0.000000000000000000e+00
1.043500000000000085e+02 0.000000000000000000e+00 0.000000000000000000e+00
1.071000000000000085e+02 0.000000000000000000e+00 0.000000000000000000e+00
1.103500000000000085e+02 0.000000000000000000e+00 0.000000000000000000e+00
1.127500000000000000e+02 0.000000000000000000e+00 0.000000000000000000e+00
1.159000000000000057e+02 0.000000000000000000e+00 0.000000000000000000e+00
1.188000000000000114e+02 0.000000000000000000e+00 0.000000000000000000e+00
1.225000000000000000e+02 0.000000000000000000e+00 0.000000000000000000e+00
1.249500000000000028e+02 0.000000000000000000e+00 0.000000000000000000e+00
1.285500000000000114e+02 0.000000000000000000e+00 0.000000000000000000e+00
1.320500000000000114e+02 0.000000000000000000e+00 0.000000000000000000e+00
1.363499999999999943e+02 0.000000000000000000e+00 0.000000000000000000e+00
1.398000000000000114e+02 0.000000000000000000e+00 0.000000000000000000e+00
1.433499999999999943e+02 0.000000000000000000e+00 0.000000000000000000e+00
1.456500000000000057e+02 0.000000000000000000e+00 0.000000000000000000e+00
1.480999999999999943e+02 0.000000000000000000e+00 0.000000000000000000e+00
