|   id   |      a       |      b       |      c       |
        0   -5.84059e-04   -5.73450e-03    8.64511e+01
        1    4.85085e-03   -1.24106e-03    6.78018e+01
        4   -6.64793e-05   -3.95053e-03   -2.33406e+00
        5    5.51364e-03   -7.26939e-04   -1.88453e+01
       11    1.01239e-03    6.06257e-04   -8.32759e+00
       12    5.77275e-04   -4.19827e-03   -1.82551e+00
        2   -4.11001e-04    3.87875e-04    7.36171e+01
        6    1.48100e-03   -8.51289e-04   -1.36029e+01
       10    6.67919e-04    1.08533e-03   -8.12593e+00
        3   -7.54508e-04    7.93022e-04    7.20949e+01
        7    4.52197e-04    1.34727e-03   -1.08066e+01
        9    7.84882e-04    1.72472e-03   -8.92678e+00
        8    4.69918e-04    3.38914e-03   -6.18321e+00
       16    2.17688e-04    9.73546e-04   -9.11964e+00
       15    4.20743e-04    6.36075e-04   -9.26156e+00
       14   -2.84442e-04   -4.70489e-04   -7.58713e+00
       13   -9.94398e-04   -5.50850e-03    1.91990e-01
       20    3.82911e-04    2.32610e-04   -7.13871e+00
       21    2.26415e-03   -5.58966e-03   -2.52904e+00
       19    2.65394e-04    1.62813e-03   -8.52802e+00
       18    2.72603e-04    1.81472e-03   -7.46514e+00
       17   -2.03323e-05   -2.09825e-04   -9.84576e+00
       25   -5.90935e-04   -8.14231e-04   -8.34801e+00
       24   -1.09909e-03    8.72409e-04   -6.10656e+00
       23   -2.59481e-04   -4.53245e-04   -5.95598e+00
       22   -3.97875e-03   -3.23201e-03   -3.13473e+00
       29    1.26357e-03    1.06763e-03   -7.21737e+00
       30    1.40449e-03   -1.07926e-03   -6.35675e+00
       28   -1.74499e-04    4.40019e-04   -6.69790e+00
       27   -2.92642e-04    1.94593e-04   -7.63959e+00
       26   -2.48059e-04    1.10025e-03   -6.66548e+00
       34   -5.42503e-04   -8.01287e-04   -4.65311e+00
       33    1.29266e-04    3.09292e-04   -2.80591e+00
       32    2.59843e-04   -7.98733e-04   -3.61650e+00
       31    4.48801e-04   -1.99377e-03   -2.24206e+00
       38    8.88187e-04    7.71626e-04   -4.90774e+00
       39    1.18960e-03   -3.65976e-04   -5.81881e+00
       37    6.69914e-04    6.15116e-04   -3.44661e+00
       36   -5.56191e-04    4.66224e-04   -3.34398e+00
       35   -4.26154e-04    1.74704e-03   -3.80540e-01
       43   -1.84534e-03   -4.47480e-04   -1.16246e+01
       42   -6.35781e-04   -1.60369e-03   -9.67141e+00
       41   -1.19312e-03   -5.57944e-04   -9.35356e+00
       40   -1.27661e-03   -2.40938e-03   -7.44407e+00
       47   -4.26686e-03    2.15039e-04   -1.41409e+01
       48   -2.68254e-03   -1.63979e-03   -1.02891e+01
       46   -5.72257e-03    1.84199e-05   -1.61210e+01
       45   -4.12591e-03    8.40475e-04   -1.18514e+01
       44   -1.67529e-03    1.01620e-03   -6.92486e+00
