 angular_freq	sdprior	gsk	gck
   3.19755003E-02   1.00000000      0.974283159      0.999642015    
   6.39510006E-02  0.250000000      0.967818439      0.922106981    
   9.59265009E-02  0.111111112      0.910452425      0.875667155    
  0.127902001       6.25000000E-02  0.774747014      0.526251793    
  0.159877509       3.99999991E-02  0.347667307      0.467648596    
  0.191853017       2.77777724E-02  0.541208029      0.602753043    
  0.223828495       2.04081628E-02  0.388593405      0.235997319    
  0.255804002       1.56250000E-02   6.44747466E-02  0.160479814    
  0.287779510       1.23456791E-02  0.278212309       5.45965172E-02
  0.319755018       9.99999978E-03   9.44088250E-02   8.70747641E-02
  0.351730525       8.26446153E-03  0.293686986       3.59909423E-02
  0.383706003       6.94444450E-03   8.34457502E-02   7.62686655E-02
  0.415681511       5.91715984E-03   6.39886782E-02   5.73812798E-02
  0.447657019       5.10204071E-03   4.34855483E-02   2.40309518E-02
  0.479632497       4.44444455E-03   3.07799056E-02   8.70897025E-02
  0.511608005       3.90625000E-03   6.45693988E-02   4.90295552E-02
  0.543583512       3.46020772E-03   1.31540298E-02   1.47188036E-02
  0.575559020       3.08641978E-03   1.45878056E-02   1.17511703E-02
  0.607534528       2.77008303E-03   6.17262125E-02   1.41781205E-02
  0.639510036       2.49999994E-03   8.00127815E-03   6.31625531E-03
  0.671485543       2.26757326E-03   3.57018458E-03   8.06068536E-03
  0.703460991       2.06611562E-03   5.77294221E-03   1.74186155E-02
  0.735436499       1.89035921E-03   1.19441189E-02   8.94378126E-03
  0.767412007       1.73611112E-03   6.56965934E-03   5.47188986E-03
  0.799387515       1.59999996E-03   1.10598058E-02   6.97750319E-03
  0.831363022       1.47928996E-03   5.98483393E-03   1.39827458E-02
  0.863338530       1.37174211E-03   1.31529500E-03   8.37580860E-03
  0.895314038       1.27551018E-03   1.59358955E-03   3.37320194E-03
  0.927289486       1.18906063E-03   4.51714545E-03   1.40351069E-03
  0.959264994       1.11111114E-03   3.77704226E-03   3.11794016E-03
  0.991240501       1.04058278E-03   1.57842576E-03   3.00358003E-03
   1.02321601       9.76562500E-04   3.59276938E-03   1.68106856E-03
   1.05519152       9.18273639E-04   4.02290747E-03   6.57110382E-03
   1.08716702       8.65051930E-04   2.55441270E-03   1.81249587E-03
   1.11914253       8.16326530E-04   1.84606353E-03   2.71691498E-03
   1.15111804       7.71604944E-04   2.06839782E-03   1.05004385E-02
   1.18309355       7.30460219E-04   6.75511779E-04   3.87026207E-03
   1.21506906       6.92520756E-04   4.84000833E-04   1.25686703E-02
   1.24704456       6.57462224E-04   1.13020418E-03   1.39317906E-03
   1.27902007       6.24999986E-04   1.99895049E-03   5.93669887E-04
   1.31099558       5.94883866E-04   1.15932501E-03   1.24204753E-03
   1.34297097       5.66893432E-04   1.14893587E-03   2.26420094E-03
   1.37494648       5.40832873E-04   1.29173906E-03   1.10583659E-03
   1.40692198       5.16528904E-04   4.54180501E-03   9.19184007E-04
   1.43889749       4.93827160E-04   1.55196269E-03   1.94466731E-03
   1.47087300       4.72589803E-04   9.93946916E-04   6.57727651E-04
   1.50284851       4.52693523E-04   9.42063343E-04   7.39515061E-04
   1.53482401       4.34027781E-04   2.56541907E-03   1.09574583E-03
   1.56679952       4.16493131E-04   1.40783633E-03   1.02453388E-03
   1.59877503       3.99999990E-04   3.70459026E-03   1.80241931E-03
   1.63075054       3.84467508E-04   5.03173505E-04   1.54834252E-03
   1.66272604       3.69822490E-04   1.69561303E-03   1.00404746E-03
   1.69470155       3.55998578E-04   3.98868928E-04   9.45217791E-04
   1.72667706       3.42935527E-04   3.83481965E-04   6.13730634E-04
   1.75865257       3.30578507E-04   5.37104032E-04   4.38436953E-04
   1.79062808       3.18877544E-04   8.27836397E-04   5.34776656E-04
   1.82260346       3.07787006E-04   3.33154254E-04   7.64722994E-04
   1.85457897       2.97265156E-04   7.70333863E-04   6.67775399E-04
   1.88655448       2.87273782E-04   5.53250255E-04   7.38366740E-04
   1.91852999       2.77777785E-04   4.03280486E-04   1.18878251E-03
   1.95050550       2.68744974E-04   3.67395260E-04   7.64707511E-04
   1.98248100       2.60145694E-04   3.11143987E-04   9.51414811E-04
   2.01445651       2.51952646E-04   6.00832282E-04   9.83519712E-04
   2.04643202       2.44140625E-04   2.10426442E-04   3.98885371E-04
   2.07840753       2.36686392E-04   2.57188309E-04   1.17460219E-03
   2.11038303       2.29568410E-04   1.61504213E-04   6.47980836E-04
   2.14235854       2.22766757E-04   2.24427451E-04   7.04746868E-04
   2.17433405       2.16262983E-04   2.52023980E-04   4.93816508E-04
   2.20630956       2.10039914E-04   1.39713346E-04   1.10106554E-03
   2.23828506       2.04081633E-04   6.49466994E-04   3.49477865E-04
   2.27026057       1.98373338E-04   1.16240734E-03   4.22649930E-04
   2.30223608       1.92901236E-04   3.35084245E-04   6.67598622E-04
   2.33421159       1.87652462E-04   8.83934408E-05   2.41164686E-04
   2.36618710       1.82615055E-04   6.88888133E-04   1.14882998E-04
   2.39816260       1.77777780E-04   2.04453419E-04   2.50709913E-04
   2.43013811       1.73130189E-04   5.19177062E-04   1.23894497E-04
   2.46211362       1.68662504E-04   5.27279510E-04   5.32318489E-04
   2.49408913       1.64365556E-04   5.02713723E-04   6.97061711E-04
   2.52606463       1.60230731E-04   3.12374090E-04   1.32941481E-04
   2.55804014       1.56249997E-04   1.73880224E-04   5.10704471E-04
   2.59001565       1.52415756E-04   3.05202411E-04   2.65194773E-04
   2.62199092       1.48720996E-04   1.47640647E-04   2.75266066E-04
   2.65396643       1.45158949E-04   1.51345143E-04   2.68392439E-04
   2.68594193       1.41723358E-04   9.88261672E-05   2.08639205E-04
   2.71791744       1.38408301E-04   3.45302833E-04   3.27092625E-04
   2.74989295       1.35208218E-04   2.44263763E-04   3.37739504E-04
   2.78186846       1.32117842E-04   1.11733563E-04   1.39694763E-04
   2.81384397       1.29132226E-04   1.41084369E-04   6.69062661E-04
   2.84581947       1.26246683E-04   1.49804066E-04   3.69077956E-04
   2.87779498       1.23456790E-04   1.87672398E-04   1.36042538E-04
   2.90977049       1.20758363E-04   6.06454210E-04   3.71056172E-04
   2.94174600       1.18147451E-04   1.29220964E-04   2.69620417E-04
   2.97372150       1.15620300E-04   3.72596609E-04   9.92074492E-05
   3.00569701       1.13173381E-04   2.81707617E-04   1.67288541E-04
   3.03767252       1.10803325E-04   7.78009344E-05   4.74631670E-04
   3.06964803       1.08506945E-04   2.11135237E-04   5.81572785E-05
   3.10162354       1.06281223E-04   8.88518771E-05   2.76089500E-04
