  0.561696470      0.476464719      0.476188958      0.373256266       14.9018888       15.0808544       3.31044793       3.08171129       3.13099670       2.76159883      0.315922827      0.224333465       1.00000000       1.00000000       1.00000000       1.00000000       1.00000000       1.00000000    
  0.561696470      0.476464719      0.476188958      0.373256266       14.9018888       15.0808544       3.31044793       3.08171129       3.13099670       2.76159883      0.315922827      0.224333465       1.00000000       1.00000000       1.00000000       1.00000000       1.00000000       1.00000000    
  0.561041355      0.476464719      0.476188958      0.373256266       18.3671055       15.0808544       3.31044793       3.18107581       3.30749106       2.76159883      0.125795692      0.217592344      0.976220489       1.63161814      0.853618324       1.43454397       1.25708234       1.12106109    
  0.561696470      0.476464719      0.717755437      0.606206715       18.4970627       15.0808544       3.31044793       3.08171129       3.13099670       2.94094706      0.285899311      0.228315681      0.986922920      0.904561758      0.892653883      0.754375219      0.945450664       1.17480969    
  0.561696470      0.476464719      0.476188958      0.373256266       14.9018888       15.0808544       3.31044793       3.08171129       3.13099670       2.76159883      0.315922827      0.224333465       1.00000000       1.00000000       1.00000000       1.00000000       1.00000000       1.00000000    
  0.561041355      0.476464719      0.476188958      0.373256266       18.3671055       15.0808544       3.31044793       3.18107581       3.30749106       2.87969208      0.125795692      0.211996630      0.772573113       1.45322776       1.11391616       3.59315658      0.865555584       2.03718805    
  0.561696470      0.476464719      0.717755437      0.606206715       18.4970627       16.0495682       3.31044793       3.20780516       3.22603035       3.45918798      0.133128777      0.228993922       1.50366342      0.991407096       1.25084555       1.71550691       1.29365349       1.19782746    
  0.561696470      0.476464719      0.717755437      0.606206715       18.4970627       15.0808544       3.31044793       3.08171129       3.13099670       2.94094706      0.285899311      0.228315681      0.986922920      0.904561758      0.892653883      0.754375219      0.945450664       1.17480969    
  0.907940626      0.476464719      0.717755437      0.606206715       18.4970627       16.0495682       3.39370584       3.31001639       3.37433600       3.45918798      0.133128777      0.226582810       1.17708850       1.58154273       3.23605680       1.77410054       2.57795548       1.29087615    
  0.561041355      0.538880587      0.516930580      0.373256266       16.0044003       15.0808544       3.48440552       3.22821116       3.30749106       2.87969208      0.125795692      0.205273375      0.949249983      0.945341051       3.27063704       2.16697097       1.82777035       1.41050220    
  0.561696470      0.476464719      0.717755437      0.606206715       18.4970627       16.0495682       3.31044793       3.20780516       3.22603035       3.45918798      0.133128777      0.228993922       1.50366342      0.991407096       1.25084555       1.71550691       1.29365349       1.19782746    
  0.907940626      0.584192634      0.717755437      0.606206715       18.4970627       16.0495682       3.39370584       3.80250120       3.52808022       3.45918798      0.180362806      0.199969918       4.33440447       4.61916018       2.47786951      0.494569600       1.94862759       2.71386266    
  0.561041355      0.538880587      0.516930580      0.371535748       16.0044003       15.0808544       3.48440552       3.22821116       3.61912632       3.07512355      0.125795692      0.205273375      0.197485194      0.566148102       1.86090970       2.59315896      0.596641302       5.35372639    
  0.907940626      0.476464719      0.717755437      0.606206715       18.4970627       16.0495682       3.39370584       3.31001639       3.37433600       3.45918798      0.133128777      0.226582810       1.17708850       1.58154273       3.23605680       1.77410054       2.57795548       1.29087615    
  0.907940626      0.584192634      0.717755437      0.606206715       18.4970627       16.0495682       3.39370584       3.67150068       3.52808022       3.45918798      0.180362806      0.197168574       1.40529597       12.2465734      0.970854640      0.457797438       2.84190345       6.95768452    
  0.561041355      0.538880587      0.516930580      0.371535748       16.0044003       16.6951790       3.48440552       3.22821116       3.66262174       3.07512355      0.125795692      0.212296262      0.170029834      0.631952822       3.11316466       15.2367496      0.134097844      0.776207805    
  0.907940626      0.584192634      0.717755437      0.606206715       18.4970627       16.0495682       3.39370584       3.80250120       3.52808022       3.45918798      0.180362806      0.199969918       4.33440447       4.61916018       2.47786951      0.494569600       1.94862759       2.71386266    
  0.907940626      0.623971105      0.717755437      0.606206715       18.4970627       16.0495682       3.98082566       3.67150068       3.52808022       3.45918798      0.180362806      0.201911181      0.588098049       5.12064362       1.05668652      0.160646200       3.14959121       46.3688049    
  0.561041355      0.538880587      0.516930580      0.393793821       16.0044003       17.4049969       3.48440552       3.22821116       3.66262174       3.07512355      0.104112402      0.230168074      0.161968127       1.54739988       101.236969       64.2893066       7.40096420E-02   1.59308839    
  0.561696470      0.476464719      0.476188958      0.373256266       14.9018888       15.0808544       3.31044793       3.08171129       3.13099670       2.76159883      0.315922827      0.224333465       1.00000000       1.00000000       1.00000000       1.00000000       1.00000000       1.00000000    
  0.907940626      0.584192634      0.717755437      0.606206715       18.4970627       16.0495682       3.39370584       3.67150068       3.52808022       3.45918798      0.180362806      0.197168574       1.40529597       12.2465734      0.970854640      0.457797438       2.84190345       6.95768452    
  0.907940626      0.623971105      0.717755437      0.606206715       20.3327579       16.0495682       3.98082566       3.67150068       3.52808022       3.45918798      0.180362806      0.274493039      0.267885894       3.08415103      0.679533005       5.34863696E-02   16.0621223       111.530418    
  0.561041355      0.538880587      0.516930580      0.393793821       16.0044003       17.4049969       3.48989701       3.22821116       3.66262174       3.07512355      0.104112402      0.230168074      0.103214003       48.9849319       223.519745       201.023560      0.109309137      0.642405093    
  0.713674784      0.487685412      0.711591184      0.388041675       14.9018888       8.51715851       3.31044793       3.08171129       3.23363876       2.76159883       8.78014416E-02  0.228117123       1.08408463       1.17132151       1.57316673      0.784326851      0.738341451      0.928076565    
  0.907940626      0.623971105      0.717755437      0.606206715       18.4970627       16.0495682       3.98082566       3.67150068       3.52808022       3.45918798      0.180362806      0.201911181      0.588098049       5.12064362       1.05668652      0.160646200       3.14959121       46.3688049    
  0.907940626      0.623971105      0.717755437      0.606206715       20.3327579       24.3754616       3.69599509       3.67150068       3.52808022       3.39126873      0.180362806      0.274493039       1.89357352       8.29728029E-04   1.32895708       2.02047467       3721.65967       13052.4385    
  0.561041355      0.538880587      0.516930580      0.393793821       15.0038919       17.4049969       3.48989701       3.22821116       3.34867597       3.07512355       6.90446794E-02  0.230168074      0.373791426       111.568504       33.4312973       3197.01050       2.92441633E-04   3.56781244    
  0.713674784      0.858749568      0.711591184      0.527602375       20.6396255       8.51715851       3.31044793       3.08171129       3.30903101       3.18914866       8.78014416E-02  0.227739558      0.877810836      0.916376293       1.89014542      0.596629500      0.720807910      0.815620661    
  0.907940626      0.623971105      0.717755437      0.606206715       20.3327579       16.0495682       3.98082566       3.67150068       3.52808022       3.45918798      0.180362806      0.274493039      0.267885894       3.08415103      0.679533005       5.34863696E-02   16.0621223       111.530418    
  0.875074029      0.858749568       1.03629887      0.592930794       20.6396255       8.63356400       3.55784225       3.52540660       3.30903101       3.18914866       6.82639927E-02  0.228005558      0.578010142      0.767044365      0.991450787      0.491879821      0.890149117       1.71912265    
  0.907940626      0.623971105      0.717755437      0.606206715       20.3327579       24.3754616       3.69599509       3.67150068       3.52808022       3.39126873      0.180362806      0.274493039       1.89357352       8.29728029E-04   1.32895708       2.02047467       3721.65967       13052.4385    
   1.07013714      0.858749568      0.944171250      0.592930794       20.6396255       8.63356400       3.57790136       3.52540660       3.64769387       3.18914866      -5.27893044E-02  0.206757605       1.58076358      0.844883800       4.34184933      0.320564717      0.748070419       10.9088173    
   1.07013714      0.858749568      0.944171250      0.592930794       20.6396255       13.4701929       3.57790136       3.52540660       3.64769387       3.18914866      -5.27893044E-02  0.179234028       1.34521353       3.57918048       2.07474613      0.756000519       1.07739723       37.9109726    
   1.07013714      0.845721662      0.944171250      0.592930794       20.6396255       13.4701929       3.78487778       3.52540660       3.64769387       3.18914866      -5.27893044E-02  0.176534399       5.19483201E-02   1.67425787      0.764059961       37.8401718       4.07262135       81.2963638    
   1.07013714      0.845721662      0.944171250      0.633053422       20.6396255       13.4701929       3.78487778       3.52540660       3.64769387       3.18914866      -5.27893044E-02  0.176534399      0.530203938       1.49714303       61.0110168       621.485535       2.82899904       3003.92944    
   1.07013714      0.845721662      0.944171250      0.633053422       20.6396255       13.4701929       3.78487778       3.55492067       3.61431694       3.18914866      -5.27893044E-02  0.187050834       6.67635864E-03   52.3429832       69.9974060       99790.2891       1.91357016E-04   103.388222    
  0.541321516      0.538880587      0.516930580      0.393793821       15.0038919       17.4049969       3.52640009       3.22821116       3.34867597       3.07512355     -0.187050968      0.195814699       4.73301125       121.777954       12.5223770       32514.9121       4.57984752E-05  0.187773615    
  0.907940626      0.707854033      0.714310944      0.606206715       20.3327579       21.7389488       3.69599509       3.67150068       3.52808022       3.39126873      0.180362806      0.183349967      0.135225996       1.75542496E-02  0.402692914       642.196899       20597.3027       3335382.75    
  0.907940626      0.707854033      0.714310944      0.606206715       20.3327579       21.7389488       3.69599509       3.67150068       3.52808022       3.39126873      0.180362806      0.183349967      0.135225996       1.75542496E-02  0.402692914       642.196899       20597.3027       3335382.75    
   1.07013714      0.845721662      0.944171250      0.633053422       23.3424683       13.4701929       3.78487778       3.55492067       3.61431694       3.23472476      -5.27893044E-02  0.168380901       2.54427921E-03   6.80490541       3.54599738       6112.22852       1.52387694E-02   3.94059777    
  0.907940626      0.707854033      0.714310944      0.606206715       20.3327579       21.7389488       3.69599509       3.67150068       3.52808022       3.39126873      0.180362806      0.255203813      0.890048742       12033.5635       145627.625       26177.1289       1.88623027E+09   9836223.00    
  0.907940626      0.707854033      0.714310944      0.606206715       20.3327579       21.7389488       3.69599509       3.67150068       3.52808022       3.39126873      0.180362806      0.255203813      0.890048742       12033.5635       145627.625       26177.1289       1.88623027E+09   9836223.00    
  0.541321516      0.538880587      0.516930580      0.425250828       15.0038919       17.4049969       3.52640009       3.32993031       3.34867597       3.07512355     -0.187050968      0.200704768      0.168323517       64359.8789       4.53805256       855.034180       4.57984752E-05   114.695396    
  0.907940626      0.707854033      0.732740760      0.606206715       20.3327579       21.7389488       3.71283197       3.67150068       3.52808022       3.39126873      0.180362806      0.263704598      0.890048742       1.19491568E+11   301.344818       10.3086367       968583.188       208.100479    
  0.907940626      0.707854033      0.732740760      0.606206715       20.3327579       21.7389488       3.71283197       3.67150068       3.52808022       3.39126873      0.180362806      0.263704598      0.890048742       1.19491568E+11   301.344818       10.3086367       968583.188       208.100479    
  0.541321516      0.538880587      0.516930580      0.425250828       15.0038919       17.4049969       3.67937422       3.32993031       3.34867597       3.11105108     -0.197053894      0.200704768       6.45363180E-04   30809.7715       1.77346683       65565328.0       2.49483764E-05   2.05017328    
  0.907940626      0.707854033      0.732740760      0.623775125       20.3327579       21.7389488       3.86766124       3.67150068       3.64421821       3.39126873      0.180362806      0.412693501       13.1373348       7.17701222E+09   30441.3730       3900.53394       26.0109310       3.77210999E-05
  0.907940626      0.707854033      0.732740760      0.623775125       20.3327579       21.7389488       3.86766124       3.67150068       3.64421821       3.39126873      0.180362806      0.412693501       13.1373348       7.17701222E+09   30441.3730       3900.53394       26.0109310       3.77210999E-05
  0.541321516      0.538880587      0.516930580      0.425250828       15.0038919       14.7194319       3.67937422       3.59787846       3.34867597       3.11105108     -0.197053894      0.178855792       4.18805983E-03   51579112.0       29377460.0       5.26410983E+18   1.19288910E-04   1.46854181E-05
  0.907940626      0.707854033      0.732740760      0.623775125       20.3327579       21.7389488       3.89507222       3.67150068       3.64421821       3.39126873      0.180362806      0.412693501       332871.344       6642935.50       1.23057318       34.3696060       1.84181463E-02   3.77210999E-05
  0.907940626      0.707854033      0.732740760      0.623775125       20.3327579       21.7389488       3.89507222       3.67150068       3.64421821       3.39126873      0.180362806      0.412693501       332871.344       6642935.50       1.23057318       34.3696060       1.84181463E-02   3.77210999E-05
  0.541321516      0.538880587      0.516930580      0.425250828       15.0038919       14.7194319       3.67937422       3.40096426       3.34867597       3.11105108     -0.197053894      0.178855792       3.79375787E-03  0.162137583       29377460.0       3.47469305E+25  0.477541476       1.46854181E-05
  0.907940626      0.707854033      0.732740760      0.629660666       19.1168537       20.4167252       3.89507222       3.67150068       3.64421821       3.39126873      0.180362806      0.315693080       332871.344       6.37557924E+10   9.53375548E-03   17.6929207       1.84181463E-02   3.77210999E-05
  0.907940626      0.707854033      0.732740760      0.629660666       19.1168537       20.4167252       3.89507222       3.67150068       3.64421821       3.39126873      0.180362806      0.315693080       332871.344       6.37557924E+10   9.53375548E-03   17.6929207       1.84181463E-02   3.77210999E-05
  0.541321516      0.538880587      0.516930580      0.425250828       15.0038919       14.7194319       3.67937422       3.50749516       3.34867597       3.11105108     -0.197053894      0.178855792       5.42116608E+09   19148.0898       1.46387008E+15   6.32629391E+26   5.77029847E-02   1.46854181E-05
  0.907940626      0.707854033      0.732740760      0.629660666       19.1168537       20.4167252       3.89507222       3.67150068       3.64421821       3.40966725      0.180362806      0.322344273       1.91661584       6.37557924E+10   4.61312033E+11   17.6929207       32.6530609       3.77210999E-05
   1.07013714      0.845721662      0.944171250      0.633053422       22.8406467       13.4701929       3.78487778       3.55492067       3.61431694       3.23472476      -5.27893044E-02   8.47371370E-02   3.59964062E-04   5.75860552E-02   3.24771623E-04   31770.5781       25.4958897      0.193184793    
  0.907940626      0.707854033      0.732740760      0.629660666       19.1168537       20.4167252       3.89507222       3.67150068       3.64421821       3.40966725      0.180362806      0.322344273       1.91661584       6.37557924E+10   4.61312033E+11   17.6929207       32.6530609       3.77210999E-05
  0.597510040      0.538880587      0.516930580      0.425250828       15.0038919       14.7194319       3.67937422       3.50749516       3.34867597       3.11105108     -0.197053894       6.88743740E-02   285830.812       1.06215497E+21         Infinity   1.80143684E+37   5.77029847E-02   1.46854181E-05
  0.907940626      0.707854033      0.732740760      0.553111315       19.1168537       20.4167252       3.89507222       3.67150068       3.64421821       3.40966725      0.180362806      0.322344273       5.66660055E-05   257720.250       3.04580223E+26   5.78472027E-05   6.95265500E+12   3.77210999E-05
   1.07013714      0.845721662      0.944171250      0.633053422       22.8406467       17.2432690       3.78487778       3.55492067       3.46573496       3.23472476      -5.27893044E-02   8.47371370E-02   1.33273327       21.1874828       3.24771623E-04   3.23636651       438.662842      0.453407437    
  0.907940626      0.707854033      0.732740760      0.553111315       19.1168537       20.4167252       3.89507222       3.67150068       3.64421821       3.40966725      0.180362806      0.322344273       5.66660055E-05   257720.250       3.04580223E+26   5.78472027E-05   6.95265500E+12   3.77210999E-05
  0.907940626      0.707854033      0.732740760      0.601383865       19.1168537       20.4167252       3.89507222       3.67150068       3.65771174       3.40966725       5.45109995E-02  0.322344273       5.66660055E-05   257720.250       5.85661658E+28   5.78472027E-05         Infinity  0.134109274    
  0.597510040      0.538880587      0.516930580      0.425250828       15.0038919       14.7194319       3.67937422       3.50749516       3.34867597       3.11105108     -0.177010939       6.88743740E-02         Infinity   1.36289489E+20         Infinity         Infinity   5.77029847E-02   1.46854181E-05
  0.907940626      0.707854033      0.732740760      0.601383865       19.1168537       20.4167252       3.89507222       3.67150068       3.65771174       3.40966725       5.45109995E-02  0.322344273       5.66660055E-05   257720.250       5.85661658E+28   5.78472027E-05         Infinity  0.134109274    
   1.07013714      0.845721662      0.944171250      0.633053422       22.8406467       30.6318893       3.74028611       3.55492067       3.48053551       3.23472476      -5.27893044E-02  0.129178584       4.69015958E-03   21.1874828       2.20555448E-05   229595.234      0.261308819       41460.7031    
  0.907940626      0.707854033      0.723904967      0.601383865       19.1168537       20.4167252       3.89507222       3.67150068       3.65771174       3.40966725      0.107825011      0.322344273       5.66660055E-05   257720.250       4.89785876E+34   5.78472027E-05         Infinity   51876948.0    
  0.597510040      0.538880587      0.516930580      0.425250828       15.0038919       14.7194319       3.67937422       3.50749516       3.39978719       3.11105108     -0.177010939       6.88743740E-02         Infinity   28.2966194             Infinity         Infinity   4.65454465E+11   1.46854181E-05
  0.907940626      0.707854033      0.723904967      0.601383865       19.1168537       20.4167252       3.89507222       3.67150068       3.65771174       3.40966725      0.107825011      0.322344273       5.66660055E-05   257720.250       4.89785876E+34   5.78472027E-05         Infinity   51876948.0    
   1.05255759      0.845721662      0.944171250      0.753702223       22.8406467       30.6318893       3.74028611       3.55492067       3.48053551       3.23472476      -5.27893044E-02  0.129178584       4.69015958E-03   62081.6172       1.34412572E-02   2.40007171E+12   6.04799700       55.0759850    
  0.597510040      0.538880587      0.575278163      0.425250828       15.0038919       13.9071865       3.67937422       3.50749516       3.45223904       3.11105108     -0.177010939      0.169626534             Infinity   2.45774749E+20         Infinity         Infinity   3.24383545E+24   1.65000194E-04
   1.05255759      0.845721662      0.944171250      0.753702223       22.8406467       30.6318893       3.74028611       3.55492067       3.48053551       3.23472476      -5.27893044E-02  0.129178584       5.41229844E-02   1184.46851       1.34412572E-02   2.24923851E+16   6.04799700       1.38463865E-05
   1.05255759      0.845721662      0.821547866      0.753702223       22.8406467       30.6318893       3.74028611       3.52268863       3.48053551       3.23472476      -5.27893044E-02   7.07157850E-02   5.41229844E-02   19.2515125       5.64272261       1.07689451E+14   192594608.       1.38463865E-05
   1.05255759      0.845721662      0.833017528      0.615611613       25.8030491       30.6318893       3.70190763       3.52268863       3.48053551       3.17224860     -0.100631326       7.07157850E-02   6.80641075E+09   1.08285596E+16   5.64272261             Infinity   9.44795893E+26   198.732452    
   1.05255759      0.850510955      0.886339843      0.615611613       25.8030491       30.6318893       3.70138192       3.52268863       3.48053551       3.14791822     -0.100631326       7.07157850E-02   8.23286846E+13  0.848816752       1.35352388E+19         Infinity   1.82344589E+18   1.61627460E+24
   1.05255759      0.850510955      0.886339843      0.653578699       25.8030491       30.6318893       3.70138192       3.52268863       3.48053551       3.14791822     -0.100631326       7.07157850E-02   8.23286846E+13   157.798782       3.31474862E+10         Infinity   7.79642138E+25         Infinity
  0.907940626      0.707854033      0.723904967      0.601383865       19.1168537       20.4167252       3.89507222       3.67150068       3.70098782       3.40966725      0.102859199      0.322344273       5.66660055E-05   257720.250             Infinity   140608.078             Infinity   9169640.00    
  0.907940626      0.707854033      0.723904967      0.601383865       19.1168537       20.4167252       3.89507222       3.67150068       3.70098782       3.40966725      0.102859199      0.322344273       5.66660055E-05   257720.250             Infinity   140608.078             Infinity   9169640.00    
  0.588275671      0.538880587      0.482713223      0.425250828       15.0038919       13.9071865       3.67937422       3.50749516       3.45223904       3.11105108     -0.170821264      0.169626534             Infinity         Infinity         Infinity         Infinity   3.24383545E+24   5.58060082E-03
   1.05255759      0.850510955      0.886339843      0.634944677       25.8030491       30.6318893       3.70138192       3.52268863       3.48053551       3.14791822      -6.70794770E-03   7.07157850E-02   2.50162363E+20   157.798782       12847525.0             Infinity         Infinity         Infinity
  0.907940626      0.707854033      0.723904967      0.601383865       19.1168537       20.4167252       3.89507222       3.69537473       3.70098782       3.40966725      0.102859199      0.322344273       1.97114146       8444.01465             Infinity   140608.078             Infinity         Infinity
  0.608348429      0.538880587      0.482713223      0.425250828       15.0038919       15.8537855       3.67937422       3.50749516       3.45223904       3.11105108     -0.170821264      0.169626534             Infinity         Infinity         Infinity         Infinity   2056.22339       1.93199390E-04
  0.907940626      0.707854033      0.723904967      0.601383865       19.1168537       20.4167252       3.89507222       3.69537473       3.70098782       3.40966725      0.102859199      0.322344273       1.97114146       8444.01465             Infinity   140608.078             Infinity         Infinity
  0.907940626      0.707854033      0.723904967      0.601383865       19.4166088       20.4167252       3.89507222       3.69537473       3.70098782       3.43387461      0.102859199      0.322344273       1.97114146       5.97778463             Infinity   2.50222797E+25         Infinity         Infinity
  0.608348429      0.538880587      0.482713223      0.425250828       15.0038919       15.8537855       3.67937422       3.50749516       3.45223904       3.11105108      -4.01944630E-02  0.169626534             Infinity         Infinity         Infinity         Infinity   2056.22339       2.61543756E+11
  0.907940626      0.707854033      0.723904967      0.601383865       19.4166088       20.4167252       3.89507222       3.69537473       3.70098782       3.43387461      0.102859199      0.322344273       1.97114146       5.97778463             Infinity   2.50222797E+25         Infinity         Infinity
  0.907940626      0.707854033      0.723904967      0.601383865       20.2535419       18.8540554       3.89507222       3.69537473       3.77883172       3.41399670      0.102859199      0.322344273             Infinity   103228056.             Infinity         Infinity         Infinity         Infinity
  0.907940626      0.707854033      0.723904967      0.601383865       20.2535419       18.8540554       3.89507222       3.69537473       3.77883172       3.41399670      0.102859199      0.322344273             Infinity   103228056.             Infinity         Infinity         Infinity         Infinity
  0.608348429      0.538001716      0.524230003      0.425250828       14.7411098       15.8537855       3.67937422       3.50749516       3.45223904       3.11105108      -4.01944630E-02  0.169626534             Infinity         Infinity         Infinity         Infinity   2056.22339       4.70677847E+20
  0.917206943      0.707854033      0.777505398      0.601383865       19.5402832       18.8540554       3.89507222       3.71430063       3.77883172       3.41399670      0.102859199      0.322344273             Infinity   103228056.             Infinity         Infinity         Infinity         Infinity
  0.917206943      0.707854033      0.777505398      0.601383865       19.5402832       18.8540554       3.89507222       3.71430063       3.77883172       3.41399670      0.102859199      0.322344273             Infinity   103228056.             Infinity         Infinity         Infinity         Infinity
  0.608348429      0.538001716      0.524230003      0.425250828       14.7411098       15.8537855       3.67937422       3.46418333       3.45223904       3.11105108      -4.01944630E-02  0.176375598             Infinity         Infinity         Infinity         Infinity   2.37406227E+29   6.50317749E+28
  0.917206943      0.707854033      0.777505398      0.601383865       19.5402832       19.9470978       3.89507222       3.71430063       3.77883172       3.43610287      0.102859199      0.322344273             Infinity         Infinity         Infinity         Infinity         Infinity         Infinity
  0.608348429      0.524540424      0.524230003      0.425250828       14.1889906       15.8537855       3.67937422       3.46418333       3.45223904       3.16328049      -4.01944630E-02  0.228066236             Infinity         Infinity         Infinity         Infinity   4.54565639E+19   5.98346487E+20
  0.917206943      0.707854033      0.777505398      0.601383865       19.5402832       19.9470978       3.89507222       3.71430063       3.77883172       3.43610287      0.102859199      0.322344273             Infinity         Infinity         Infinity         Infinity         Infinity         Infinity
  0.917206943      0.740890861      0.777505398      0.601383865       19.5402832       19.9470978       3.89507222       3.70874524       3.77883172       3.43610287      0.150064677      0.322344273             Infinity         Infinity         Infinity         Infinity         Infinity         Infinity
   1.05255759      0.850510955      0.886339843      0.634944677       25.8030491       30.6318893       3.70138192       3.52268863       3.54550052       3.19290805      -6.70794770E-03   7.07157850E-02   7.73129504E+34   157.798782       1.41998939E-03         Infinity         Infinity         Infinity
  0.917206943      0.740890861      0.777505398      0.601383865       19.5402832       19.9470978       3.89507222       3.70874524       3.77883172       3.43610287      0.150064677      0.322344273             Infinity         Infinity         Infinity         Infinity         Infinity         Infinity
  0.608348429      0.524540424      0.524230003      0.425250828       14.7859688       15.8537855       3.67937422       3.46418333       3.47602606       3.16328049      -4.01944630E-02  0.160351247             Infinity         Infinity         Infinity         Infinity         Infinity   3283236.00    
  0.917206943      0.753751218      0.777505398      0.601383865       19.5402832       19.9470978       3.89507222       3.70874524       3.75301695       3.42511058      0.150064677      0.322344273             Infinity         Infinity         Infinity         Infinity         Infinity         Infinity
   1.05255759      0.865769148      0.886339843      0.634944677       25.8030491       24.7671165       3.70138192       3.52268863       3.54550052       3.19290805      -6.70794770E-03  0.315134704             Infinity   2653.26978       1.41998939E-03         Infinity         Infinity         Infinity
  0.596900582      0.542282104      0.524230003      0.425250828       14.7114305       15.6994123       3.67937422       3.46418333       3.47602606       3.16008997      -4.01944630E-02   9.92714912E-02         Infinity         Infinity         Infinity         Infinity         Infinity   3.84900198E+21
  0.917206943      0.753751218      0.777505398      0.601383865       19.5402832       19.9470978       3.89507222       3.70874524       3.75301695       3.42511058      0.150064677      0.322344273             Infinity         Infinity         Infinity         Infinity         Infinity         Infinity
  0.844639063      0.753507018      0.777505398      0.640134573       19.5402832       19.9470978       3.89507222       3.70874524       3.75301695       3.42511058      0.150064677      0.322344273             Infinity         Infinity         Infinity         Infinity         Infinity         Infinity
   1.05255759      0.865769148      0.886339843      0.634944677       25.8030491       24.7671165       3.70138192       3.55864358       3.54550052       3.19290805      -6.70794770E-03  0.315134704             Infinity   2653.26978       1.41998939E-03         Infinity         Infinity         Infinity
  0.844639063      0.753507018      0.777505398      0.640134573       19.5402832       19.9470978       3.89507222       3.70874524       3.75301695       3.42511058      0.150064677      0.322344273             Infinity         Infinity         Infinity         Infinity         Infinity         Infinity
  0.597886920      0.542282104      0.524230003      0.446722686       14.7114305       15.6994123       3.67937422       3.46418333       3.47602606       3.16453362     -0.129569158       9.92714912E-02         Infinity         Infinity         Infinity         Infinity         Infinity   2.39393434E+09
  0.872687519      0.753507018      0.777505398      0.640134573       19.5402832       19.9470978       3.89507222       3.70874524       3.75301695       3.42511058      0.150064677      0.311095208             Infinity         Infinity         Infinity         Infinity         Infinity         Infinity
   1.07022750      0.865769148      0.886339843      0.760693789       25.8030491       24.7671165       3.70138192       3.56688070       3.54550052       3.19290805      -6.70794770E-03  0.349806517             Infinity   3.19002240E+09         Infinity         Infinity         Infinity         Infinity
  0.872687519      0.753507018      0.777505398      0.640134573       19.5402832       19.9470978       3.89507222       3.70874524       3.75301695       3.42511058      0.150064677      0.311095208             Infinity         Infinity         Infinity         Infinity         Infinity         Infinity
  0.597886920      0.542282104      0.524230003      0.409168005       14.7114305       15.6994123       3.67937422       3.46418333       3.54123616       3.16905332     -0.129569158       9.92714912E-02         Infinity         Infinity         Infinity         Infinity         Infinity   12.4027576    
   1.07022750      0.865769148      0.886339843      0.760693789       25.2179661       24.7671165       3.70138192       3.56688070       3.54550052       3.28011370      -6.70794770E-03  0.349806517             Infinity         Infinity         Infinity         Infinity         Infinity         Infinity
   1.06075072      0.865769148      0.886343420      0.760693789       23.9574871       24.7671165       3.70138192       3.56688070       3.54550052       3.28011370      -6.70794770E-03  0.349806517             Infinity         Infinity         Infinity         Infinity         Infinity         Infinity
   1.06075072      0.865769148      0.886343420      0.760693789       23.9574871       24.7671165       3.68059802       3.54600358       3.54550052       3.26048803      -1.19970925E-02  0.349806517             Infinity         Infinity         Infinity         Infinity         Infinity         Infinity
   1.06075072      0.865769148      0.886343420      0.760693789       23.9574871       24.7671165       3.68059802       3.54600358       3.54550052       3.26048803      -5.39369844E-02  0.349806517             Infinity         Infinity         Infinity         Infinity         Infinity         Infinity
   1.06075072      0.865769148      0.957170486      0.760693789       23.7936497       24.7671165       3.68059802       3.50791907       3.58973455       3.26048803      -2.05385983E-02  0.349806517             Infinity         Infinity         Infinity         Infinity         Infinity         Infinity
  0.872687519      0.753507018      0.777505398      0.597326040       21.0121098       19.9470978       3.89507222       3.70874524       3.75301695       3.42511058      0.150064677      0.311095208             Infinity         Infinity         Infinity         Infinity         Infinity         Infinity
  0.597886920      0.515316665      0.524230003      0.409168005       14.7114305       15.6994123       3.67937422       3.48788071       3.54123616       3.10803461     -0.129569158       9.92714912E-02         Infinity         Infinity         Infinity         Infinity         Infinity         Infinity
  0.872687519      0.753507018      0.777505398      0.597326040       21.0121098       19.9470978       3.89507222       3.70874524       3.75301695       3.42511058      0.150064677      0.311095208             Infinity         Infinity         Infinity         Infinity         Infinity         Infinity
   1.06075072      0.865769148      0.824132144      0.760693789       23.7936497       24.7671165       3.70514941       3.50791907       3.58973455       3.26048803      -2.05385983E-02  0.170299172             Infinity         Infinity         Infinity         Infinity         Infinity         Infinity
  0.878024340      0.753507018      0.777505398      0.597326040       21.4191666       21.8138371       3.89507222       3.69035506       3.75301695       3.42511058      0.150064677      0.311095208             Infinity         Infinity         Infinity         Infinity         Infinity         Infinity
  0.872773290      0.753507018      0.746028781      0.597326040       21.4191666       21.8138371       3.89507222       3.69035506       3.72705674       3.42511058       8.15187991E-02  0.489114821             Infinity         Infinity         Infinity         Infinity         Infinity         Infinity
  0.597886920      0.515316665      0.524230003      0.409168005       14.7114305       13.5372953       3.67937422       3.48788071       3.54123616       3.12123632      -4.94786315E-02   9.92714912E-02         Infinity         Infinity         Infinity         Infinity         Infinity         Infinity
  0.878024340      0.753507018      0.777505398      0.597326040       21.4191666       21.8138371       3.89507222       3.69035506       3.75301695       3.42511058      0.150064677      0.311095208             Infinity         Infinity         Infinity         Infinity         Infinity         Infinity
  0.881162405      0.753507018      0.746028781      0.597326040       21.4191666       21.8138371       3.89507222       3.69035506       3.72705674       3.42511058       9.92970020E-02  0.262276709             Infinity         Infinity         Infinity         Infinity         Infinity         Infinity
  0.872773290      0.753507018      0.746028781      0.597326040       21.4191666       21.8138371       3.89507222       3.69035506       3.72705674       3.42511058       8.15187991E-02  0.489114821             Infinity         Infinity         Infinity         Infinity         Infinity         Infinity
  0.597886920      0.515316665      0.524230003      0.409168005       14.7114305       13.5372953       3.69228220       3.48788071       3.54123616       3.12123632      -4.94786315E-02   9.92714912E-02         Infinity         Infinity         Infinity         Infinity         Infinity         Infinity
  0.881162405      0.753507018      0.766781211      0.597326040       21.4191666       21.8138371       3.89507222       3.69035506       3.72705674       3.41392183      0.122136950      0.262276709             Infinity         Infinity         Infinity         Infinity         Infinity         Infinity
  0.881162405      0.753507018      0.746028781      0.597326040       21.4191666       21.8138371       3.89507222       3.69035506       3.72705674       3.42511058       9.92970020E-02  0.262276709             Infinity         Infinity         Infinity         Infinity         Infinity         Infinity
  0.652213871      0.515316665      0.540395200      0.409168005       14.7114305       13.5372953       3.65796733       3.48788071       3.54123616       3.12123632      -4.94786315E-02   9.92714912E-02         Infinity         Infinity         Infinity         Infinity         Infinity         Infinity
  0.881162405      0.753507018      0.766781211      0.597326040       20.2657566       21.8138371       3.89592957       3.68541789       3.69562006       3.37120342      0.122136950      0.262276709             Infinity         Infinity         Infinity         Infinity         Infinity         Infinity
  0.625330329      0.515316665      0.543304920      0.409168005       14.7114305       13.5372953       3.65796733       3.48788071       3.54123616       3.12123632      -4.94786315E-02   9.92714912E-02         Infinity         Infinity         Infinity         Infinity         Infinity         Infinity
  0.881162405      0.753507018      0.766781211      0.597326040       21.4191666       21.8138371       3.89507222       3.69035506       3.72705674       3.41392183      0.122136950      0.262276709             Infinity         Infinity         Infinity         Infinity         Infinity         Infinity
  0.913116753      0.753507018      0.766781211      0.563818038       20.2657566       21.8138371       3.89592957       3.68541789       3.69562006       3.34571815      0.106360614      0.262276709             Infinity         Infinity         Infinity         Infinity         Infinity         Infinity
   1.08438027      0.865769148      0.824132144      0.697498679       23.7936497       24.2110996       3.78782487       3.50791907       3.58973455       3.26048803      -2.05385983E-02  0.170299172             Infinity         Infinity         Infinity         Infinity         Infinity         Infinity
  0.881162405      0.753507018      0.766781211      0.597326040       20.2657566       21.8138371       3.89592957       3.68541789       3.69562006       3.37120342      0.122136950      0.262276709             Infinity         Infinity         Infinity         Infinity         Infinity         Infinity
  0.625330329      0.515316665      0.543304920      0.409168005       14.7114305       13.5372953       3.65796733       3.48788071       3.57776070       3.12123632      -4.94786315E-02   9.92714912E-02         Infinity         Infinity         Infinity         Infinity         Infinity         Infinity
  0.913116753      0.753507018      0.706848264      0.567636251       20.2657566       21.8138371       3.80969715       3.68541789       3.69562006       3.34571815      0.106360614      0.262276709             Infinity         Infinity         Infinity         Infinity         Infinity         Infinity
   1.08438027      0.865769148      0.846326590      0.697498679       23.7936497       24.2110996       3.78782487       3.50791907       3.58973455       3.21548080      -2.05385983E-02  0.251969337             Infinity         Infinity         Infinity         Infinity         Infinity         Infinity
  0.913116753      0.753507018      0.766781211      0.563818038       20.2657566       21.8138371       3.89592957       3.68541789       3.69562006       3.34571815      0.106360614      0.262276709             Infinity         Infinity         Infinity         Infinity         Infinity         Infinity
  0.632358313      0.515316665      0.543304920      0.409168005       14.7114305       13.5372953       3.68620014       3.50500607       3.57776070       3.12123632      -4.94786315E-02   9.92714912E-02         Infinity         Infinity         Infinity         Infinity         Infinity         Infinity
  0.913116753      0.751743972      0.706848264      0.567636251       20.2825184       22.1384945       3.80969715       3.68541789       3.69562006       3.34571815      0.106360614      0.262276709             Infinity         Infinity         Infinity         Infinity         Infinity         Infinity
   1.03359246      0.865769148      0.846326590      0.697498679       23.7936497       24.2110996       3.78782487       3.61142468       3.58973455       3.21548080      -2.05385983E-02  0.251969337             Infinity         Infinity         Infinity         Infinity         Infinity         Infinity
  0.913116753      0.753507018      0.706848264      0.567636251       20.2657566       21.8138371       3.80969715       3.68541789       3.69562006       3.34571815      0.106360614      0.262276709             Infinity         Infinity         Infinity         Infinity         Infinity         Infinity
  0.632358313      0.515316665      0.552355945      0.409168005       14.7114305       13.5372953       3.70085049       3.47714496       3.57776070       3.12123632      -4.94786315E-02   9.92714912E-02         Infinity         Infinity         Infinity         Infinity         Infinity         Infinity
  0.913116753      0.751743972      0.706848264      0.567636251       20.9635258       20.1043949       3.80969715       3.74524474       3.69562006       3.34571815      0.106360614      0.262276709             Infinity         Infinity         Infinity         Infinity         Infinity         Infinity
   1.03359246      0.865769148      0.846326590      0.697498679       23.0896187       23.6618252       3.78782487       3.54932332       3.58973455       3.21548080      -2.05385983E-02  0.251969337             Infinity         Infinity         Infinity         Infinity         Infinity         Infinity
  0.913116753      0.751743972      0.706848264      0.567636251       20.2825184       22.1384945       3.80969715       3.68541789       3.69562006       3.34571815      0.106360614      0.262276709             Infinity         Infinity         Infinity         Infinity         Infinity         Infinity
  0.632358313      0.515316665      0.536371469      0.409168005       14.7114305       13.5372953       3.70085049       3.47714496       3.57776070       3.12123632      -4.94786315E-02  0.213671759             Infinity         Infinity         Infinity         Infinity         Infinity         Infinity
   1.03359246      0.895431936      0.846326590      0.697498679       23.0896187       23.6618252       3.78782487       3.54932332       3.58926702       3.21548080      -2.05385983E-02  0.159001738             Infinity         Infinity         Infinity         Infinity         Infinity         Infinity
  0.913116753      0.751743972      0.706848264      0.567636251       20.9635258       20.1043949       3.80969715       3.74524474       3.69562006       3.34571815      0.106360614      0.262276709             Infinity         Infinity         Infinity         Infinity         Infinity         Infinity
  0.632358313      0.515316665      0.536371469      0.409168005       14.7114305       14.9946213       3.70085049       3.47714496       3.57776070       3.12123632      -4.94786315E-02  0.189242452             Infinity         Infinity         Infinity         Infinity         Infinity         Infinity
   1.03359246      0.895431936      0.846326590      0.697498679       23.0858746       23.6618252       3.78782487       3.54932332       3.57552028       3.21548080      -2.05385983E-02  0.159001738             Infinity         Infinity         Infinity         Infinity         Infinity         Infinity
   1.03359246      0.895431936      0.846326590      0.697498679       23.0858746       23.6618252       3.78782487       3.54932332       3.52278233       3.27221632      -2.05385983E-02  0.232860535             Infinity         Infinity         Infinity         Infinity         Infinity         Infinity
   1.03359246      0.895431936      0.846326590      0.697498679       23.0858746       23.6618252       3.78782487       3.54932332       3.52278233       3.27964044      -2.05385983E-02  0.232860535             Infinity         Infinity         Infinity         Infinity         Infinity         Infinity
   1.03359246      0.864934146      0.882165253      0.697498679       23.0858746       23.6618252       3.78782487       3.58621883       3.52278233       3.27964044      -2.05385983E-02  0.232860535             Infinity         Infinity         Infinity         Infinity         Infinity         Infinity
  0.913116753      0.751743972      0.706848264      0.635420382       20.9635258       21.6261597       3.80969715       3.68992162       3.69562006       3.34571815      0.106360614      0.262276709             Infinity         Infinity         Infinity         Infinity         Infinity         Infinity
  0.632358313      0.515316665      0.536371469      0.409168005       14.7114305       14.9946213       3.70085049       3.47714496       3.56663179       3.20228910      -4.94786315E-02  0.229909107             Infinity         Infinity         Infinity         Infinity         Infinity         Infinity
  0.913116753      0.751743972      0.706848264      0.635420382       20.9635258       21.6261597       3.80969715       3.68992162       3.69562006       3.34571815      0.106360614      0.262276709             Infinity         Infinity         Infinity         Infinity         Infinity         Infinity
   1.03359246      0.864934146      0.879095614      0.695380628       23.0858746       23.6618252       3.74755216       3.58621883       3.52278233       3.27964044      -2.05385983E-02  0.232860535             Infinity         Infinity         Infinity         Infinity         Infinity         Infinity
