  -17.6335297      0.537449718      0.537449718      0.537449718    
  -17.4335289      0.567352295      0.567352295      0.567352295    
  -17.2335300      0.592164576      0.592164576      0.592164576    
  -17.0335293      0.598655045      0.598655045      0.598655045    
  -16.8335304      0.576370358      0.576370358      0.576370358    
  -16.6335297      0.520653069      0.520653069      0.520653069    
  -16.4335289      0.434217244      0.434217244      0.434217244    
  -16.2335300      0.326814771      0.326814771      0.326814771    
  -16.0335293      0.213061213      0.213061213      0.213061213    
  -15.8335295      0.108981416      0.108981416      0.108981416    
  -15.6335297       2.81301159E-02   2.81301159E-02   2.81301159E-02
  -15.4335299      -2.16538142E-02  -2.16538142E-02  -2.16538142E-02
  -15.2335300      -3.99994552E-02  -3.99994552E-02  -3.99994552E-02
  -15.0335293      -3.38341296E-02  -3.38341296E-02  -3.38341296E-02
  -14.8335295      -1.52486963E-02  -1.52486963E-02  -1.52486963E-02
  -14.6335297       1.97279733E-03   1.97279733E-03   1.97279733E-03
  -14.4335299       6.27397466E-03   6.27397466E-03   6.27397466E-03
  -14.2335300      -8.38734955E-03  -8.38734955E-03  -8.38734955E-03
  -14.0335293      -4.07700688E-02  -4.07700688E-02  -4.07700688E-02
  -13.8335295      -8.26461092E-02  -8.26461092E-02  -8.26461092E-02
  -13.6335297     -0.121091373     -0.121091373     -0.121091373    
  -13.4335289     -0.142195344     -0.142195344     -0.142195344    
  -13.2335300     -0.135200009     -0.135200009     -0.135200009    
  -13.0335293      -9.59261283E-02  -9.59261283E-02  -9.59261283E-02
  -12.8335295      -2.85049845E-02  -2.85049845E-02  -2.85049845E-02
  -12.6335297       5.51278964E-02   5.51278964E-02   5.51278964E-02
  -12.4335289      0.137918368      0.137918368      0.137918368    
  -12.2335300      0.201919034      0.201919034      0.201919034    
  -12.0335293      0.232939169      0.232939169      0.232939169    
  -11.8335295      0.224357039      0.224357039      0.224357039    
  -11.6335297      0.179045126      0.179045126      0.179045126    
  -11.4335289      0.108790733      0.108790733      0.108790733    
  -11.2335300       3.12844701E-02   3.12844701E-02   3.12844701E-02
  -11.0335293      -3.45666148E-02  -3.45666148E-02  -3.45666148E-02
  -10.8335295      -7.37838000E-02  -7.37838000E-02  -7.37838000E-02
  -10.6335297      -7.95424581E-02  -7.95424581E-02  -7.95424581E-02
  -10.4335289      -5.52636795E-02  -5.52636795E-02  -5.52636795E-02
  -10.2335300      -1.39655005E-02  -1.39655005E-02  -1.39655005E-02
  -10.0335293       2.50554997E-02   2.50554997E-02   2.50554997E-02
  -9.83352947       4.13567871E-02   4.13567871E-02   4.13567871E-02
  -9.63352966       1.89785380E-02   1.89785380E-02   1.89785380E-02
  -9.43352985      -4.89659607E-02  -4.89659607E-02  -4.89659607E-02
  -9.23352909     -0.158006743     -0.158006743     -0.158006743    
  -9.03352928     -0.292990267     -0.292990267     -0.292990267    
  -8.83352947     -0.431593359     -0.431593359     -0.431593359    
  -8.63352966     -0.549751520     -0.549751520     -0.549751520    
  -8.43352985     -0.627588987     -0.627588987     -0.627588987    
  -8.23352909     -0.654251099     -0.654251099     -0.654251099    
  -8.03352928     -0.630361617     -0.630361617     -0.630361617    
  -7.83352947     -0.567485571     -0.567485571     -0.567485571    
  -7.63352966     -0.484791130     -0.484791130     -0.484791130    
  -7.43352985     -0.403894365     -0.403894365     -0.403894365    
  -7.23352909     -0.343339652     -0.343339652     -0.343339652    
  -7.03352928     -0.314278841     -0.314278841     -0.314278841    
  -6.83352947     -0.318467081     -0.318467081     -0.318467081    
  -6.63352966     -0.349079698     -0.349079698     -0.349079698    
  -6.43352985     -0.393925339     -0.393925339     -0.393925339    
  -6.23352909     -0.439977705     -0.439977705     -0.439977705    
  -6.03352928     -0.477775246     -0.477775246     -0.477775246    
  -5.83352947     -0.504265308     -0.504265308     -0.504265308    
  -5.63352966     -0.523252785     -0.523252785     -0.523252785    
  -5.43352985     -0.543306589     -0.543306589     -0.543306589    
  -5.23352909     -0.573899031     -0.573899031     -0.573899031    
  -5.03352928     -0.621074915     -0.621074915     -0.621074915    
  -4.83352947     -0.684145093     -0.684145093     -0.684145093    
  -4.63352966     -0.754663169     -0.754663169     -0.754663169    
  -4.43352985     -0.818137884     -0.818137884     -0.818137884    
  -4.23352909     -0.858149886     -0.858149886     -0.858149886    
  -4.03352928     -0.861620069     -0.861620069     -0.861620069    
  -3.83352947     -0.823663294     -0.823663294     -0.823663294    
  -3.63352966     -0.750323415     -0.750323415     -0.750323415    
  -3.43352985     -0.658230484     -0.658230484     -0.658230484    
  -3.23352909     -0.570984483     -0.570984483     -0.570984483    
  -3.03352928     -0.513204515     -0.513204515     -0.513204515    
  -2.83352947     -0.503824830     -0.503824830     -0.503824830    
  -2.63352966     -0.550657392     -0.550657392     -0.550657392    
  -2.43352985     -0.647832990     -0.647832990     -0.647832990    
  -2.23352909     -0.777022123     -0.777022123     -0.777022123    
  -2.03352928     -0.912155747     -0.912155747     -0.912155747    
  -1.83352947      -1.02637982      -1.02637982      -1.02637982    
  -1.63352966      -1.09923136      -1.09923136      -1.09923136    
  -1.43352890      -1.12198412      -1.12198412      -1.12198412    
  -1.23353004      -1.09955537      -1.09955537      -1.09955537    
  -1.03352928      -1.04846323      -1.04846323      -1.04846323    
 -0.833528519     -0.991451859     -0.991451859     -0.991451859    
 -0.633529663     -0.950419009     -0.950419009     -0.950419009    
 -0.433528900     -0.939800262     -0.939800262     -0.939800262    
 -0.233530045     -0.962368190     -0.962368190     -0.962368190    
  -3.35292816E-02  -1.00872624      -1.00872624      -1.00872624    
  0.166471481      -1.06050575      -1.06050575      -1.06050575    
  0.366470337      -1.09630191      -1.09630191      -1.09630191    
  0.566471100      -1.09834671      -1.09834671      -1.09834671    
  0.766469955      -1.05791414      -1.05791414      -1.05791414    
  0.966470718     -0.977705598     -0.977705598     -0.977705598    
   1.16647148     -0.870666742     -0.870666742     -0.870666742    
   1.36647034     -0.755574226     -0.755574226     -0.755574226    
   1.56647110     -0.651020169     -0.651020169     -0.651020169    
   1.76646996     -0.569735944     -0.569735944     -0.569735944    
   1.96647072     -0.515133917     -0.515133917     -0.515133917    
   2.16647148     -0.481178969     -0.481178969     -0.481178969    
   2.36647034     -0.455522895     -0.455522895     -0.455522895    
   2.56647110     -0.424857825     -0.424857825     -0.424857825    
   2.76646996     -0.380527318     -0.380527318     -0.380527318    
   2.96647072     -0.322506428     -0.322506428     -0.322506428    
   3.16647148     -0.260264248     -0.260264248     -0.260264248    
   3.36647034     -0.210142508     -0.210142508     -0.210142508    
   3.56647110     -0.190039724     -0.190039724     -0.190039724    
   3.76646996     -0.213064954     -0.213064954     -0.213064954    
   3.96647072     -0.282333851     -0.282333851     -0.282333851    
   4.16647148     -0.388615191     -0.388615191     -0.388615191    
   4.36647034     -0.511796057     -0.511796057     -0.511796057    
   4.56647110     -0.625815690     -0.625815690     -0.625815690    
   4.76646996     -0.705648720     -0.705648720     -0.705648720    
   4.96647072     -0.734252751     -0.734252751     -0.734252751    
   5.16647148     -0.707333982     -0.707333982     -0.707333982    
   5.36647034     -0.634507239     -0.634507239     -0.634507239    
   5.56647110     -0.536468625     -0.536468625     -0.536468625    
   5.76646996     -0.439061284     -0.439061284     -0.439061284    
   5.96647072     -0.366020083     -0.366020083     -0.366020083    
   6.16647148     -0.332540452     -0.332540452     -0.332540452    
   6.36647034     -0.341520041     -0.341520041     -0.341520041    
   6.56647110     -0.383436918     -0.383436918     -0.383436918    
   6.76646996     -0.439705491     -0.439705491     -0.439705491    
   6.96647072     -0.488348395     -0.488348395     -0.488348395    
   7.16647148     -0.510156631     -0.510156631     -0.510156631    
   7.36647034     -0.493550271     -0.493550271     -0.493550271    
   7.56647110     -0.436845303     -0.436845303     -0.436845303    
   7.76646996     -0.347547412     -0.347547412     -0.347547412    
   7.96647072     -0.239217415     -0.239217415     -0.239217415    
   8.16647148     -0.127155036     -0.127155036     -0.127155036    
   8.36647034      -2.43365765E-02  -2.43365765E-02  -2.43365765E-02
   8.56647110       6.12190068E-02   6.12190068E-02   6.12190068E-02
   8.76646996      0.127089143      0.127089143      0.127089143    
   8.96647072      0.175304964      0.175304964      0.175304964    
   9.16647148      0.210141361      0.210141361      0.210141361    
   9.36647034      0.235896409      0.235896409      0.235896409    
   9.56647110      0.255429834      0.255429834      0.255429834    
   9.76646996      0.269873768      0.269873768      0.269873768    
   9.96647072      0.279337078      0.279337078      0.279337078    
   10.1664715      0.284012437      0.284012437      0.284012437    
   10.3664703      0.284980953      0.284980953      0.284980953    
   10.5664711      0.284236342      0.284236342      0.284236342    
   10.7664700      0.283835232      0.283835232      0.283835232    
   10.9664707      0.284594446      0.284594446      0.284594446    
   11.1664715      0.285032958      0.285032958      0.285032958    
   11.3664703      0.281236321      0.281236321      0.281236321    
   11.5664711      0.267992109      0.267992109      0.267992109    
   11.7664700      0.240984052      0.240984052      0.240984052    
   11.9664707      0.199342832      0.199342832      0.199342832    
   12.1664715      0.147499695      0.147499695      0.147499695    
   12.3664703       9.54494327E-02   9.54494327E-02   9.54494327E-02
   12.5664711       5.69543168E-02   5.69543168E-02   5.69543168E-02
   12.7664700       4.59491275E-02   4.59491275E-02   4.59491275E-02
   12.9664707       7.21509010E-02   7.21509010E-02   7.21509010E-02
   13.1664715      0.137251869      0.137251869      0.137251869    
   13.3664703      0.233090118      0.233090118      0.233090118    
   13.5664711      0.342668176      0.342668176      0.342668176    
   13.7664700      0.443940967      0.443940967      0.443940967    
   13.9664707      0.515530169      0.515530169      0.515530169    
   14.1664715      0.542610407      0.542610407      0.542610407    
   14.3664703      0.521274567      0.521274567      0.521274567    
   14.5664711      0.459881127      0.459881127      0.459881127    
   14.7664719      0.376950711      0.376950711      0.376950711    
   14.9664726      0.296108723      0.296108723      0.296108723    
   15.1664696      0.239617541      0.239617541      0.239617541    
   15.3664703      0.222424060      0.222424060      0.222424060    
   15.5664711      0.248519257      0.248519257      0.248519257    
   15.7664719      0.310650021      0.310650021      0.310650021    
   15.9664726      0.393347919      0.393347919      0.393347919    
   16.1664696      0.478191853      0.478191853      0.478191853    
   16.3664703      0.549551785      0.549551785      0.549551785    
   16.5664711      0.598931968      0.598931968      0.598931968    
   16.7664719      0.626631737      0.626631737      0.626631737    
   16.9664726      0.640311718      0.640311718      0.640311718    
   17.1664696      0.651179433      0.651179433      0.651179433    
   17.3664703      0.669210732      0.669210732      0.669210732    
   17.5664711      0.699175417      0.699175417      0.699175417    
   17.7664719      0.738798380      0.738798380      0.738798380    
   17.9664726      0.779650152      0.779650152      0.779650152    
   18.1664696      0.810332596      0.810332596      0.810332596    
   18.3664703      0.820743263      0.820743263      0.820743263    
   18.5664711      0.805833220      0.805833220      0.805833220    
   18.7664719      0.767523527      0.767523527      0.767523527    
   18.9664726      0.714100897      0.714100897      0.714100897    
   19.1664696      0.657381296      0.657381296      0.657381296    
   19.3664703      0.608704984      0.608704984      0.608704984    
   19.5664711      0.575257540      0.575257540      0.575257540    
   19.7664719      0.558036327      0.558036327      0.558036327    
   19.9664726      0.552162945      0.552162945      0.552162945    
   20.1664696      0.549390197      0.549390197      0.549390197    
   20.3664703      0.541779876      0.541779876      0.541779876    
   20.5664711      0.525151968      0.525151968      0.525151968    
   20.7664719      0.500965774      0.500965774      0.500965774    
   20.9664726      0.475870728      0.475870728      0.475870728    
   21.1664696      0.459091246      0.459091246      0.459091246    
   21.3664703      0.458554953      0.458554953      0.458554953    
   21.5664711      0.477283210      0.477283210      0.477283210    
   21.7664719      0.511401951      0.511401951      0.511401951    
   21.9664726      0.550638556      0.550638556      0.550638556    
   22.1664696      0.581278801      0.581278801      0.581278801    
   22.3664703      0.590605199      0.590605199      0.590605199    
   22.5664711      0.571345150      0.571345150      0.571345150    
   22.7664719      0.524517834      0.524517834      0.524517834    
   22.9664726      0.459661007      0.459661007      0.459661007    
   23.1664696      0.392254561      0.392254561      0.392254561    
   23.3664703      0.339158088      0.339158088      0.339158088    
   23.5664711      0.313580573      0.313580573      0.313580573    
   23.7664719      0.321243882      0.321243882      0.321243882    
   23.9664726      0.359015584      0.359015584      0.359015584    
   24.1664696      0.416468233      0.416468233      0.416468233    
   24.3664703      0.479751468      0.479751468      0.479751468    
   24.5664711      0.536436081      0.536436081      0.536436081    
   24.7664719      0.579634011      0.579634011      0.579634011    
   24.9664726      0.609995246      0.609995246      0.609995246    
   25.1664696      0.634914458      0.634914458      0.634914458    
   25.3664703      0.665295660      0.665295660      0.665295660    
   25.5664711      0.711028755      0.711028755      0.711028755    
   25.7664719      0.776849508      0.776849508      0.776849508    
   25.9664726      0.859971464      0.859971464      0.859971464    
   26.1664696      0.950360179      0.950360179      0.950360179    
   26.3664703       1.03354704       1.03354704       1.03354704    
   26.5664711       1.09493089       1.09493089       1.09493089    
   26.7664719       1.12413394       1.12413394       1.12413394    
   26.9664726       1.11792266       1.11792266       1.11792266    
   27.1664696       1.08077562       1.08077562       1.08077562    
   27.3664703       1.02300072       1.02300072       1.02300072    
   27.5664711      0.957240105      0.957240105      0.957240105    
   27.7664719      0.894626439      0.894626439      0.894626439    
   27.9664726      0.842026055      0.842026055      0.842026055    
   28.1664696      0.801208973      0.801208973      0.801208973    
   28.3664703      0.770123482      0.770123482      0.770123482    
   28.5664711      0.745625138      0.745625138      0.745625138    
   28.7664719      0.726339936      0.726339936      0.726339936    
   28.9664726      0.714489877      0.714489877      0.714489877    
   29.1664696      0.715797424      0.715797424      0.715797424    
   29.3664703      0.737382829      0.737382829      0.737382829    
   29.5664711      0.784444034      0.784444034      0.784444034    
   29.7664719      0.857014000      0.857014000      0.857014000    
   29.9664726      0.948126733      0.948126733      0.948126733    
   30.1664696       1.04438651       1.04438651       1.04438651    
   30.3664703       1.12896192       1.12896192       1.12896192    
   30.5664711       1.18622673       1.18622673       1.18622673    
   30.7664719       1.20656288       1.20656288       1.20656288    
   30.9664726       1.18972516       1.18972516       1.18972516    
   31.1664696       1.14545381       1.14545381       1.14545381    
   31.3664703       1.09104204       1.09104204       1.09104204    
   31.5664711       1.04648435       1.04648435       1.04648435    
   31.7664719       1.02860463       1.02860463       1.02860463    
   31.9664726       1.04610205       1.04610205       1.04610205    
   32.1664696       1.09701145       1.09701145       1.09701145    
   32.3664703       1.16945505       1.16945505       1.16945505    
   32.5664711       1.24538136       1.24538136       1.24538136    
   32.7664719       1.30615830       1.30615830       1.30615830    
   32.9664726       1.33826292       1.33826292       1.33826292    
   33.1664696       1.33723307       1.33723307       1.33723307    
   33.3664703       1.30879486       1.30879486       1.30879486    
   33.5664711       1.26682115       1.26682115       1.26682115    
   33.7664719       1.22895777       1.22895777       1.22895777    
   33.9664726       1.21129060       1.21129060       1.21129060    
   34.1664696       1.22371328       1.22371328       1.22371328    
   34.3664703       1.26740301       1.26740301       1.26740301    
   34.5664711       1.33495998       1.33495998       1.33495998    
   34.7664719       1.41288769       1.41288769       1.41288769    
   34.9664726       1.48557985       1.48557985       1.48557985    
   35.1664696       1.53933954       1.53933954       1.53933954    
   35.3664703       1.56536913       1.56536913       1.56536913    
   35.5664711       1.56092095       1.56092095       1.56092095    
   35.7664719       1.52864122       1.52864122       1.52864122    
   35.9664726       1.47472990       1.47472990       1.47472990    
   36.1664696       1.40664446       1.40664446       1.40664446    
   36.3664703       1.33129942       1.33129942       1.33129942    
   36.5664711       1.25422239       1.25422239       1.25422239    
   36.7664719       1.17959666       1.17959666       1.17959666    
   36.9664726       1.11086226       1.11086226       1.11086226    
   37.1664696       1.05121756       1.05121756       1.05121756    
   37.3664703       1.00358307       1.00358307       1.00358307    
   37.5664711      0.969858825      0.969858825      0.969858825    
   37.7664719      0.949768424      0.949768424      0.949768424    
   37.9664726      0.939873755      0.939873755      0.939873755    
   38.1664696      0.933348596      0.933348596      0.933348596    
   38.3664703      0.920874476      0.920874476      0.920874476    
   38.5664711      0.892656326      0.892656326      0.892656326    
   38.7664719      0.840975881      0.840975881      0.840975881    
   38.9664726      0.762505531      0.762505531      0.762505531    
   39.1664696      0.659507751      0.659507751      0.659507751    
   39.3664703      0.539461553      0.539461553      0.539461553    
   39.5664711      0.413140029      0.413140029      0.413140029    
   39.7664719      0.291682929      0.291682929      0.291682929    
   39.9664726      0.183665112      0.183665112      0.183665112    
   40.1664696       9.31211114E-02   9.31211114E-02   9.31211114E-02
   40.3664703       1.92009080E-02   1.92009080E-02   1.92009080E-02
   40.5664711      -4.24420163E-02  -4.24420163E-02  -4.24420163E-02
   40.7664719      -9.71168801E-02  -9.71168801E-02  -9.71168801E-02
   40.9664726     -0.148342445     -0.148342445     -0.148342445    
   41.1664696     -0.195999563     -0.195999563     -0.195999563    
   41.3664703     -0.236107916     -0.236107916     -0.236107916    
   41.5664711     -0.262422919     -0.262422919     -0.262422919    
   41.7664719     -0.269270390     -0.269270390     -0.269270390    
   41.9664726     -0.254615456     -0.254615456     -0.254615456    
   42.1664696     -0.222134694     -0.222134694     -0.222134694    
   42.3664703     -0.181371972     -0.181371972     -0.181371972    
   42.5664711     -0.145736203     -0.145736203     -0.145736203    
   42.7664719     -0.128810808     -0.128810808     -0.128810808    
   42.9664726     -0.140123144     -0.140123144     -0.140123144    
   43.1664696     -0.181771502     -0.181771502     -0.181771502    
   43.3664703     -0.247117907     -0.247117907     -0.247117907    
   43.5664711     -0.322055399     -0.322055399     -0.322055399    
   43.7664719     -0.388649523     -0.388649523     -0.388649523    
   43.9664726     -0.430015653     -0.430015653     -0.430015653    
   44.1664696     -0.435015142     -0.435015142     -0.435015142    
   44.3664703     -0.401287138     -0.401287138     -0.401287138    
   44.5664711     -0.335695446     -0.335695446     -0.335695446    
   44.7664719     -0.252132803     -0.252132803     -0.252132803    
   44.9664726     -0.167377397     -0.167377397     -0.167377397    
   45.1664696      -9.63620767E-02  -9.63620767E-02  -9.63620767E-02
   45.3664703      -4.83424366E-02  -4.83424366E-02  -4.83424366E-02
   45.5664711      -2.50517465E-02  -2.50517465E-02  -2.50517465E-02
   45.7664719      -2.13260688E-02  -2.13260688E-02  -2.13260688E-02
   45.9664726      -2.77708191E-02  -2.77708191E-02  -2.77708191E-02
   46.1664696      -3.44639458E-02  -3.44639458E-02  -3.44639458E-02
   46.3664703      -3.43925953E-02  -3.43925953E-02  -3.43925953E-02
   46.5664749      -2.54619047E-02  -2.54619047E-02  -2.54619047E-02
   46.7664719      -1.05577027E-02  -1.05577027E-02  -1.05577027E-02
   46.9664688       4.24849428E-03   4.24849428E-03   4.24849428E-03
   47.1664734       1.25578735E-02   1.25578735E-02   1.25578735E-02
   47.3664703       1.04776965E-02   1.04776965E-02   1.04776965E-02
   47.5664749      -1.57839106E-03  -1.57839106E-03  -1.57839106E-03
   47.7664719      -1.87237039E-02  -1.87237039E-02  -1.87237039E-02
   47.9664688      -3.30225602E-02  -3.30225602E-02  -3.30225602E-02
   48.1664734      -3.59161869E-02  -3.59161869E-02  -3.59161869E-02
   48.3664703      -2.07348615E-02  -2.07348615E-02  -2.07348615E-02
   48.5664749       1.56243891E-02   1.56243891E-02   1.56243891E-02
   48.7664719       7.23617226E-02   7.23617226E-02   7.23617226E-02
   48.9664688      0.145841241      0.145841241      0.145841241    
   49.1664734      0.231469005      0.231469005      0.231469005    
   49.3664703      0.325635821      0.325635821      0.325635821    
   49.5664749      0.426910043      0.426910043      0.426910043    
   49.7664719      0.535958588      0.535958588      0.535958588    
   49.9664688      0.654278278      0.654278278      0.654278278    
   50.1664734      0.782240748      0.782240748      0.782240748    
   50.3664703      0.917196155      0.917196155      0.917196155    
   50.5664749       1.05263388       1.05263388       1.05263388    
   50.7664719       1.17863131       1.17863131       1.17863131    
   50.9664688       1.28378534       1.28378534       1.28378534    
   51.1664734       1.35808206       1.35808206       1.35808206    
   51.3664703       1.39565599       1.39565599       1.39565599    
   51.5664749       1.39678395       1.39678395       1.39678395    
   51.7664719       1.36822629       1.36822629       1.36822629    
   51.9664688       1.32186365       1.32186365       1.32186365    
   52.1664734       1.27193975       1.27193975       1.27193975    
   52.3664703       1.23175585       1.23175585       1.23175585    
   52.5664749       1.21062446       1.21062446       1.21062446    
   52.7664719       1.21209693       1.21209693       1.21209693    
   52.9664688       1.23367584       1.23367584       1.23367584    
   53.1664734       1.26811814       1.26811814       1.26811814    
   53.3664703       1.30576897       1.30576897       1.30576897    
   53.5664749       1.33722723       1.33722723       1.33722723    
   53.7664719       1.35557687       1.35557687       1.35557687    
   53.9664688       1.35771680       1.35771680       1.35771680    
   54.1664734       1.34455621       1.34455621       1.34455621    
   54.3664703       1.32024062       1.32024062       1.32024062    
   54.5664749       1.29079926       1.29079926       1.29079926    
   54.7664719       1.26263916       1.26263916       1.26263916    
   54.9664688       1.24129128       1.24129128       1.24129128    
   55.1664734       1.23055315       1.23055315       1.23055315    
   55.3664703       1.23209536       1.23209536       1.23209536    
   55.5664749       1.24545014       1.24545014       1.24545014    
   55.7664719       1.26822662       1.26822662       1.26822662    
   55.9664688       1.29649067       1.29649067       1.29649067    
   56.1664734       1.32536376       1.32536376       1.32536376    
   56.3664703       1.34976661       1.34976661       1.34976661    
   56.5664749       1.36535037       1.36535037       1.36535037    
   56.7664719       1.36947930       1.36947930       1.36947930    
   56.9664688       1.36205828       1.36205828       1.36205828    
   57.1664734       1.34590590       1.34590590       1.34590590    
   57.3664703       1.32642198       1.32642198       1.32642198    
   57.5664749       1.31059730       1.31059730       1.31059730    
   57.7664719       1.30531216       1.30531216       1.30531216    
   57.9664688       1.31551278       1.31551278       1.31551278    
   58.1664734       1.34264040       1.34264040       1.34264040    
   58.3664703       1.38380849       1.38380849       1.38380849    
   58.5664749       1.43213499       1.43213499       1.43213499    
   58.7664719       1.47810650       1.47810650       1.47810650    
   58.9664688       1.51165509       1.51165509       1.51165509    
   59.1664734       1.52450287       1.52450287       1.52450287    
   59.3664703       1.51197803       1.51197803       1.51197803    
   59.5664749       1.47398460       1.47398460       1.47398460    
   59.7664719       1.41480696       1.41480696       1.41480696    
   59.9664688       1.34190965       1.34190965       1.34190965    
   60.1664734       1.26421905       1.26421905       1.26421905    
   60.3664703       1.19034207       1.19034207       1.19034207    
   60.5664749       1.12720001       1.12720001       1.12720001    
   60.7664719       1.07940149       1.07940149       1.07940149    
   60.9664688       1.04921758       1.04921758       1.04921758    
   61.1664734       1.03703153       1.03703153       1.03703153    
   61.3664703       1.04177761       1.04177761       1.04177761    
   61.5664749       1.06124961       1.06124961       1.06124961    
   61.7664719       1.09212828       1.09212828       1.09212828    
   61.9664688       1.12987471       1.12987471       1.12987471    
   62.1664734       1.16881037       1.16881037       1.16881037    
   62.3664703       1.20262611       1.20262611       1.20262611    
   62.5664749       1.22544003       1.22544003       1.22544003    
   62.7664719       1.23321915       1.23321915       1.23321915    
   62.9664688       1.22507656       1.22507656       1.22507656    
   63.1664734       1.20398927       1.20398927       1.20398927    
   63.3664703       1.17641068       1.17641068       1.17641068    
   63.5664749       1.15072727       1.15072727       1.15072727    
   63.7664719       1.13480854       1.13480854       1.13480854    
   63.9664688       1.13337314       1.13337314       1.13337314    
   64.1664734       1.14607096       1.14607096       1.14607096    
   64.3664703       1.16690743       1.16690743       1.16690743    
   64.5664749       1.18562245       1.18562245       1.18562245    
   64.7664719       1.19048333       1.19048333       1.19048333    
   64.9664688       1.17192423       1.17192423       1.17192423    
   65.1664734       1.12581694       1.12581694       1.12581694    
   65.3664703       1.05524766       1.05524766       1.05524766    
   65.5664749      0.970106542      0.970106542      0.970106542    
   65.7664719      0.884588420      0.884588420      0.884588420    
   65.9664688      0.813135803      0.813135803      0.813135803    
   66.1664734      0.766269147      0.766269147      0.766269147    
   66.3664703      0.747591615      0.747591615      0.747591615    
   66.5664749      0.752967000      0.752967000      0.752967000    
   66.7664719      0.772294879      0.772294879      0.772294879    
   66.9664688      0.793228567      0.793228567      0.793228567    
   67.1664734      0.805653512      0.805653512      0.805653512    
   67.3664703      0.805366516      0.805366516      0.805366516    
   67.5664749      0.795645535      0.795645535      0.795645535    
   67.7664719      0.786101103      0.786101103      0.786101103    
   67.9664688      0.789111197      0.789111197      0.789111197    
   68.1664734      0.815017641      0.815017641      0.815017641    
   68.3664703      0.867802918      0.867802918      0.867802918    
   68.5664749      0.942708015      0.942708015      0.942708015    
   68.7664719       1.02682734       1.02682734       1.02682734    
   68.9664688       1.10261369       1.10261369       1.10261369    
   69.1664734       1.15316427       1.15316427       1.15316427    
   69.3664703       1.16766822       1.16766822       1.16766822    
   69.5664749       1.14511383       1.14511383       1.14511383    
   69.7664719       1.09495437       1.09495437       1.09495437    
   69.9664688       1.03443086       1.03443086       1.03443086    
   70.1664734      0.983347297      0.983347297      0.983347297    
   70.3664703      0.957968771      0.957968771      0.957968771    
   70.5664749      0.966021597      0.966021597      0.966021597    
   70.7664719       1.00448799       1.00448799       1.00448799    
   70.9664688       1.06088233       1.06088233       1.06088233    
   71.1664734       1.11761713       1.11761713       1.11761713    
   71.3664703       1.15791857       1.15791857       1.15791857    
   71.5664749       1.17134726       1.17134726       1.17134726    
   71.7664719       1.15699041       1.15699041       1.15699041    
   71.9664688       1.12325335       1.12325335       1.12325335    
   72.1664734       1.08434653       1.08434653       1.08434653    
   72.3664703       1.05471659       1.05471659       1.05471659    
   72.5664749       1.04335296       1.04335296       1.04335296    
   72.7664719       1.05010188       1.05010188       1.05010188    
   72.9664688       1.06525278       1.06525278       1.06525278    
   73.1664734       1.07279396       1.07279396       1.07279396    
   73.3664703       1.05621898       1.05621898       1.05621898    
   73.5664749       1.00504744       1.00504744       1.00504744    
   73.7664719      0.919718325      0.919718325      0.919718325    
   73.9664688      0.813116252      0.813116252      0.813116252    
   74.1664734      0.708039761      0.708039761      0.708039761    
   74.3664703      0.631186008      0.631186008      0.631186008    
   74.5664749      0.605397761      0.605397761      0.605397761    
   74.7664719      0.642650962      0.642650962      0.642650962    
   74.9664688      0.739889622      0.739889622      0.739889622    
   75.1664734      0.879172444      0.879172444      0.879172444    
   75.3664703       1.03201807       1.03201807       1.03201807    
   75.5664749       1.16685426       1.16685426       1.16685426    
   75.7664719       1.25717902       1.25717902       1.25717902    
   75.9664688       1.28822625       1.28822625       1.28822625    
   76.1664734       1.26009381       1.26009381       1.26009381    
   76.3664703       1.18665254       1.18665254       1.18665254    
   76.5664749       1.09069204       1.09069204       1.09069204    
   76.7664719      0.997025847      0.997025847      0.997025847    
   76.9664688      0.925547361      0.925547361      0.925547361    
   77.1664734      0.886394024      0.886394024      0.886394024    
   77.3664703      0.878373742      0.878373742      0.878373742    
   77.5664749      0.890872240      0.890872240      0.890872240    
   77.7664719      0.908269465      0.908269465      0.908269465    
   77.9664688      0.915357590      0.915357590      0.915357590    
   78.1664734      0.901926816      0.901926816      0.901926816    
   78.3664703      0.865248859      0.865248859      0.865248859    
   78.5664749      0.809976041      0.809976041      0.809976041    
   78.7664719      0.745779216      0.745779216      0.745779216    
   78.9664688      0.683845878      0.683845878      0.683845878    
   79.1664734      0.633494198      0.633494198      0.633494198    
   79.3664703      0.600062370      0.600062370      0.600062370    
   79.5664749      0.584471405      0.584471405      0.584471405    
   79.7664719      0.584437370      0.584437370      0.584437370    
   79.9664688      0.596438468      0.596438468      0.596438468    
   80.1664734      0.617593646      0.617593646      0.617593646    
   80.3664703      0.646549523      0.646549523      0.646549523    
   80.5664749      0.683128059      0.683128059      0.683128059    
   80.7664719      0.726890981      0.726890981      0.726890981    
   80.9664688      0.775380909      0.775380909      0.775380909    
   81.1664734      0.822910845      0.822910845      0.822910845    
   81.3664703      0.860597730      0.860597730      0.860597730    
   81.5664749      0.877917528      0.877917528      0.877917528    
   81.7664719      0.865393758      0.865393758      0.865393758    
   81.9664688      0.817626834      0.817626834      0.817626834    
   82.1664734      0.735607624      0.735607624      0.735607624    
   82.3664703      0.627466559      0.627466559      0.627466559    
   82.5664749      0.507182777      0.507182777      0.507182777    
   82.7664719      0.391565114      0.391565114      0.391565114    
   82.9664688      0.296153396      0.296153396      0.296153396    
   83.1664734      0.231357858      0.231357858      0.231357858    
   83.3664703      0.199842051      0.199842051      0.199842051    
   83.5664749      0.195959046      0.195959046      0.195959046    
   83.7664719      0.207456052      0.207456052      0.207456052    
   83.9664688      0.218939692      0.218939692      0.218939692    
   84.1664734      0.216133341      0.216133341      0.216133341    
   84.3664703      0.189775571      0.189775571      0.189775571    
   84.5664749      0.138055950      0.138055950      0.138055950    
   84.7664719       6.70191199E-02   6.70191199E-02   6.70191199E-02
   84.9664688      -1.11788902E-02  -1.11788902E-02  -1.11788902E-02
   85.1664734      -8.15845430E-02  -8.15845430E-02  -8.15845430E-02
   85.3664703     -0.130438864     -0.130438864     -0.130438864    
   85.5664749     -0.148832381     -0.148832381     -0.148832381    
   85.7664719     -0.135059610     -0.135059610     -0.135059610    
   85.9664688      -9.51783806E-02  -9.51783806E-02  -9.51783806E-02
   86.1664734      -4.16974127E-02  -4.16974127E-02  -4.16974127E-02
   86.3664703       9.23206285E-03   9.23206285E-03   9.23206285E-03
   86.5664749       4.14527655E-02   4.14527655E-02   4.14527655E-02
   86.7664719       4.23599854E-02   4.23599854E-02   4.23599854E-02
   86.9664688       5.66723384E-03   5.66723384E-03   5.66723384E-03
   87.1664734      -6.72199801E-02  -6.72199801E-02  -6.72199801E-02
   87.3664703     -0.167436987     -0.167436987     -0.167436987    
   87.5664749     -0.280469745     -0.280469745     -0.280469745    
   87.7664719     -0.389028639     -0.389028639     -0.389028639    
   87.9664688     -0.476518035     -0.476518035     -0.476518035    
   88.1664734     -0.530279934     -0.530279934     -0.530279934    
   88.3664703     -0.544005811     -0.544005811     -0.544005811    
   88.5664749     -0.518848062     -0.518848062     -0.518848062    
   88.7664719     -0.462962359     -0.462962359     -0.462962359    
   88.9664688     -0.389616877     -0.389616877     -0.389616877    
   89.1664734     -0.314271003     -0.314271003     -0.314271003    
   89.3664703     -0.251304448     -0.251304448     -0.251304448    
   89.5664749     -0.211069211     -0.211069211     -0.211069211    
   89.7664719     -0.198025107     -0.198025107     -0.198025107    
   89.9664688     -0.210299864     -0.210299864     -0.210299864    
   90.1664734     -0.240800500     -0.240800500     -0.240800500    
   90.3664703     -0.279512882     -0.279512882     -0.279512882    
   90.5664749     -0.316397548     -0.316397548     -0.316397548    
   90.7664719     -0.344065994     -0.344065994     -0.344065994    
   90.9664688     -0.359558016     -0.359558016     -0.359558016    
   91.1664734     -0.364748865     -0.364748865     -0.364748865    
   91.3664703     -0.365324795     -0.365324795     -0.365324795    
   91.5664749     -0.368654847     -0.368654847     -0.368654847    
   91.7664719     -0.381259620     -0.381259620     -0.381259620    
   91.9664688     -0.406572521     -0.406572521     -0.406572521    
   92.1664734     -0.443680108     -0.443680108     -0.443680108    
   92.3664703     -0.487397283     -0.487397283     -0.487397283    
   92.5664749     -0.529622018     -0.529622018     -0.529622018    
   92.7664719     -0.561523855     -0.561523855     -0.561523855    
   92.9664688     -0.575952053     -0.575952053     -0.575952053    
   93.1664734     -0.569311440     -0.569311440     -0.569311440    
   93.3664703     -0.542425215     -0.542425215     -0.542425215    
   93.5664749     -0.500181019     -0.500181019     -0.500181019    
   93.7664719     -0.450082779     -0.450082779     -0.450082779    
   93.9664688     -0.400228024     -0.400228024     -0.400228024    
   94.1664734     -0.357276738     -0.357276738     -0.357276738    
   94.3664703     -0.324998558     -0.324998558     -0.324998558    
   94.5664749     -0.303706974     -0.303706974     -0.303706974    
   94.7664719     -0.290722847     -0.290722847     -0.290722847    
   94.9664688     -0.281578869     -0.281578869     -0.281578869    
   95.1664734     -0.271574289     -0.271574289     -0.271574289    
   95.3664703     -0.257236123     -0.257236123     -0.257236123    
   95.5664749     -0.237265766     -0.237265766     -0.237265766    
   95.7664719     -0.212805256     -0.212805256     -0.212805256    
   95.9664688     -0.187004834     -0.187004834     -0.187004834    
   96.1664734     -0.164133713     -0.164133713     -0.164133713    
   96.3664703     -0.148447618     -0.148447618     -0.148447618    
   96.5664749     -0.143172666     -0.143172666     -0.143172666    
   96.7664719     -0.149783626     -0.149783626     -0.149783626    
   96.9664688     -0.167692721     -0.167692721     -0.167692721    
   97.1664734     -0.194375515     -0.194375515     -0.194375515    
   97.3664703     -0.225831062     -0.225831062     -0.225831062    
   97.5664749     -0.257307678     -0.257307678     -0.257307678    
   97.7664719     -0.284127265     -0.284127265     -0.284127265    
   97.9664688     -0.302530169     -0.302530169     -0.302530169    
   98.1664734     -0.310390502     -0.310390502     -0.310390502    
   98.3664703     -0.307699084     -0.307699084     -0.307699084    
   98.5664749     -0.296713084     -0.296713084     -0.296713084    
   98.7664719     -0.281661600     -0.281661600     -0.281661600    
   98.9664688     -0.268065751     -0.268065751     -0.268065751    
   99.1664734     -0.261683196     -0.261683196     -0.261683196    
   99.3664703     -0.267343372     -0.267343372     -0.267343372    
   99.5664749     -0.287883073     -0.287883073     -0.287883073    
   99.7664719     -0.323451370     -0.323451370     -0.323451370    
   99.9664688     -0.371430904     -0.371430904     -0.371430904    
   100.166473     -0.426979661     -0.426979661     -0.426979661    
   100.366470     -0.484088004     -0.484088004     -0.484088004    
   100.566475     -0.536948562     -0.536948562     -0.536948562    
   100.766472     -0.581196845     -0.581196845     -0.581196845    
   100.966469     -0.614766061     -0.614766061     -0.614766061    
   101.166473     -0.638129234     -0.638129234     -0.638129234    
   101.366470     -0.653854489     -0.653854489     -0.653854489    
   101.566475     -0.665699363     -0.665699363     -0.665699363    
   101.766472     -0.677488089     -0.677488089     -0.677488089    
   101.966469     -0.692115963     -0.692115963     -0.692115963    
   102.166473     -0.710913479     -0.710913479     -0.710913479    
   102.366470     -0.733513415     -0.733513415     -0.733513415    
   102.566475     -0.758116603     -0.758116603     -0.758116603    
   102.766472     -0.782047391     -0.782047391     -0.782047391    
   102.966469     -0.802335739     -0.802335739     -0.802335739    
   103.166473     -0.816166520     -0.816166520     -0.816166520    
   103.366470     -0.821181357     -0.821181357     -0.821181357    
   103.566475     -0.815693796     -0.815693796     -0.815693796    
   103.766472     -0.798875391     -0.798875391     -0.798875391    
   103.966469     -0.771115184     -0.771115184     -0.771115184    
   104.166473     -0.734468818     -0.734468818     -0.734468818    
   104.366470     -0.693044305     -0.693044305     -0.693044305    
   104.566475     -0.653102458     -0.653102458     -0.653102458    
   104.766472     -0.622597218     -0.622597218     -0.622597218    
   104.966469     -0.609968901     -0.609968901     -0.609968901    
   105.166473     -0.622352779     -0.622352779     -0.622352779    
   105.366470     -0.663517118     -0.663517118     -0.663517118    
   105.566475     -0.732123673     -0.732123673     -0.732123673    
   105.766472     -0.820906281     -0.820906281     -0.820906281    
   105.966469     -0.917274177     -0.917274177     -0.917274177    
   106.166473      -1.00535786      -1.00535786      -1.00535786    
   106.366470      -1.06928349      -1.06928349      -1.06928349    
   106.566475      -1.09683347      -1.09683347      -1.09683347    
   106.766472      -1.08254671      -1.08254671      -1.08254671    
   106.966469      -1.02940261      -1.02940261      -1.02940261    
   107.166473     -0.948427200     -0.948427200     -0.948427200    
   107.366470     -0.856245756     -0.856245756     -0.856245756    
   107.566475     -0.771094322     -0.771094322     -0.771094322    
   107.766472     -0.708394587     -0.708394587     -0.708394587    
   107.966469     -0.676987827     -0.676987827     -0.676987827    
   108.166473     -0.677155554     -0.677155554     -0.677155554    
   108.366470     -0.700919926     -0.700919926     -0.700919926    
   108.566475     -0.734581292     -0.734581292     -0.734581292    
   108.766472     -0.762710333     -0.762710333     -0.762710333    
   108.966469     -0.772494316     -0.772494316     -0.772494316    
   109.166473     -0.757222652     -0.757222652     -0.757222652    
   109.366470     -0.717929065     -0.717929065     -0.717929065    
   109.566475     -0.662891746     -0.662891746     -0.662891746    
   109.766472     -0.605170906     -0.605170906     -0.605170906    
   109.966469     -0.558999240     -0.558999240     -0.558999240    
   110.166473     -0.536127031     -0.536127031     -0.536127031    
   110.366470     -0.543095708     -0.543095708     -0.543095708    
   110.566467     -0.580103934     -0.580103934     -0.580103934    
   110.766479     -0.641606092     -0.641606092     -0.641606092    
   110.966476     -0.718214333     -0.718214333     -0.718214333    
   111.166473     -0.799283624     -0.799283624     -0.799283624    
   111.366470     -0.875270069     -0.875270069     -0.875270069    
   111.566467     -0.939258814     -0.939258814     -0.939258814    
   111.766479     -0.987440348     -0.987440348     -0.987440348    
   111.966476      -1.01861906      -1.01861906      -1.01861906    
   112.166473      -1.03321218      -1.03321218      -1.03321218    
   112.366470      -1.03224528      -1.03224528      -1.03224528    
   112.566467      -1.01677513      -1.01677513      -1.01677513    
   112.766479     -0.987890422     -0.987890422     -0.987890422    
   112.966476     -0.947200119     -0.947200119     -0.947200119    
   113.166473     -0.897350729     -0.897350729     -0.897350729    
   113.366470     -0.842341006     -0.842341006     -0.842341006    
   113.566467     -0.787217557     -0.787217557     -0.787217557    
   113.766479     -0.737206280     -0.737206280     -0.737206280    
   113.966476     -0.696524680     -0.696524680     -0.696524680    
   114.166473     -0.667218626     -0.667218626     -0.667218626    
   114.366470     -0.648537099     -0.648537099     -0.648537099    
   114.566467     -0.637101829     -0.637101829     -0.637101829    
   114.766479     -0.627824962     -0.627824962     -0.627824962    
   114.966476     -0.615408659     -0.615408659     -0.615408659    
   115.166473     -0.595890462     -0.595890462     -0.595890462    
   115.366470     -0.567769945     -0.567769945     -0.567769945    
   115.566467     -0.532408178     -0.532408178     -0.532408178    
   115.766479     -0.493527502     -0.493527502     -0.493527502    
   115.966476     -0.456104010     -0.456104010     -0.456104010    
   116.166473     -0.424953938     -0.424953938     -0.424953938    
   116.366470     -0.403548092     -0.403548092     -0.403548092    
   116.566467     -0.393349051     -0.393349051     -0.393349051    
   116.766479     -0.393850476     -0.393850476     -0.393850476    
   116.966476     -0.403148502     -0.403148502     -0.403148502    
   117.166473     -0.418786496     -0.418786496     -0.418786496    
   117.366470     -0.438518792     -0.438518792     -0.438518792    
   117.566467     -0.460684419     -0.460684419     -0.460684419    
   117.766479     -0.484157413     -0.484157413     -0.484157413    
   117.966476     -0.507996857     -0.507996857     -0.507996857    
   118.166473     -0.531040967     -0.531040967     -0.531040967    
   118.366470     -0.551747143     -0.551747143     -0.551747143    
   118.566467     -0.568436503     -0.568436503     -0.568436503    
   118.766479     -0.579872310     -0.579872310     -0.579872310    
   118.966476     -0.586003184     -0.586003184     -0.586003184    
   119.166473     -0.588438809     -0.588438809     -0.588438809    
   119.366470     -0.590433359     -0.590433359     -0.590433359    
   119.566467     -0.596222281     -0.596222281     -0.596222281    
   119.766479     -0.609782457     -0.609782457     -0.609782457    
   119.966476     -0.633427024     -0.633427024     -0.633427024    
   120.166473     -0.666691661     -0.666691661     -0.666691661    
   120.366470     -0.705913663     -0.705913663     -0.705913663    
   120.566467     -0.744736135     -0.744736135     -0.744736135    
   120.766479     -0.775493026     -0.775493026     -0.775493026    
   120.966476     -0.791012645     -0.791012645     -0.791012645    
   121.166473     -0.786404788     -0.786404788     -0.786404788    
   121.366470     -0.760179579     -0.760179579     -0.760179579    
   121.566467     -0.714460671     -0.714460671     -0.714460671    
   121.766479     -0.654180527     -0.654180527     -0.654180527    
   121.966476     -0.585682392     -0.585682392     -0.585682392    
   122.166473     -0.515086055     -0.515086055     -0.515086055    
   122.366470     -0.447110325     -0.447110325     -0.447110325    
   122.566467     -0.384639949     -0.384639949     -0.384639949    
   122.766479     -0.329122633     -0.329122633     -0.329122633    
   122.966476     -0.281527460     -0.281527460     -0.281527460    
   123.166473     -0.243373647     -0.243373647     -0.243373647    
   123.366470     -0.217306465     -0.217306465     -0.217306465    
   123.566467     -0.206887335     -0.206887335     -0.206887335    
   123.766479     -0.215562075     -0.215562075     -0.215562075    
   123.966476     -0.245123044     -0.245123044     -0.245123044    
   124.166473     -0.294272691     -0.294272691     -0.294272691    
   124.366470     -0.357874244     -0.357874244     -0.357874244    
   124.566467     -0.427272946     -0.427272946     -0.427272946    
   124.766479     -0.491816968     -0.491816968     -0.491816968    
   124.966476     -0.541122019     -0.541122019     -0.541122019    
   125.166473     -0.567527711     -0.567527711     -0.567527711    
   125.366470     -0.567876875     -0.567876875     -0.567876875    
   125.566467     -0.544148088     -0.544148088     -0.544148088    
   125.766479     -0.502641499     -0.502641499     -0.502641499    
   125.966476     -0.452076763     -0.452076763     -0.452076763    
   126.166473     -0.401144505     -0.401144505     -0.401144505    
   126.366470     -0.356387436     -0.356387436     -0.356387436    
   126.566467     -0.321053237     -0.321053237     -0.321053237    
   126.766479     -0.295224994     -0.295224994     -0.295224994    
   126.966476     -0.277123690     -0.277123690     -0.277123690    
   127.166473     -0.264951199     -0.264951199     -0.264951199    
   127.366470     -0.258534551     -0.258534551     -0.258534551    
   127.566467     -0.260020941     -0.260020941     -0.260020941    
   127.766479     -0.273262292     -0.273262292     -0.273262292    
   127.966476     -0.302075326     -0.302075326     -0.302075326    
   128.166473     -0.347924143     -0.347924143     -0.347924143    
   128.366470     -0.407982945     -0.407982945     -0.407982945    
   128.566467     -0.474394172     -0.474394172     -0.474394172    
   128.766479     -0.535228074     -0.535228074     -0.535228074    
   128.966476     -0.577114820     -0.577114820     -0.577114820    
   129.166473     -0.588879049     -0.588879049     -0.588879049    
   129.366470     -0.565053582     -0.565053582     -0.565053582    
   129.566467     -0.508236647     -0.508236647     -0.508236647    
   129.766479     -0.429342985     -0.429342985     -0.429342985    
   129.966476     -0.345556527     -0.345556527     -0.345556527    
   130.166473     -0.276341021     -0.276341021     -0.276341021    
   130.366470     -0.238639265     -0.238639265     -0.238639265    
   130.566467     -0.242557317     -0.242557317     -0.242557317    
   130.766479     -0.288753361     -0.288753361     -0.288753361    
   130.966476     -0.368313611     -0.368313611     -0.368313611    
   131.166473     -0.465166062     -0.465166062     -0.465166062    
   131.366470     -0.560304046     -0.560304046     -0.560304046    
   131.566467     -0.636649549     -0.636649549     -0.636649549    
   131.766479     -0.683128417     -0.683128417     -0.683128417    
   131.966476     -0.696906149     -0.696906149     -0.696906149    
   132.166473     -0.683208108     -0.683208108     -0.683208108    
   132.366470     -0.652858257     -0.652858257     -0.652858257    
   132.566467     -0.618426263     -0.618426263     -0.618426263    
   132.766479     -0.590164185     -0.590164185     -0.590164185    
   132.966476     -0.572948217     -0.572948217     -0.572948217    
   133.166473     -0.565071762     -0.565071762     -0.565071762    
   133.366470     -0.559246480     -0.559246480     -0.559246480    
   133.566467     -0.545357108     -0.545357108     -0.545357108    
   133.766479     -0.514130533     -0.514130533     -0.514130533    
   133.966476     -0.460574657     -0.460574657     -0.460574657    
   134.166473     -0.386154145     -0.386154145     -0.386154145    
   134.366470     -0.299063653     -0.299063653     -0.299063653    
   134.566467     -0.212510198     -0.212510198     -0.212510198    
   134.766479     -0.141511619     -0.141511619     -0.141511619    
   134.966476      -9.90505964E-02  -9.90505964E-02  -9.90505964E-02
   135.166473      -9.26353484E-02  -9.26353484E-02  -9.26353484E-02
   135.366470     -0.122248299     -0.122248299     -0.122248299    
   135.566467     -0.180165172     -0.180165172     -0.180165172    
   135.766479     -0.252674907     -0.252674907     -0.252674907    
   135.966476     -0.323321849     -0.323321849     -0.323321849    
   136.166473     -0.376849622     -0.376849622     -0.376849622    
   136.366470     -0.402786821     -0.402786821     -0.402786821    
   136.566467     -0.397906929     -0.397906929     -0.397906929    
   136.766479     -0.366904378     -0.366904378     -0.366904378    
   136.966476     -0.321157068     -0.321157068     -0.321157068    
   137.166473     -0.275842428     -0.275842428     -0.275842428    
   137.366470     -0.246182010     -0.246182010     -0.246182010    
   137.566467     -0.243681461     -0.243681461     -0.243681461    
   137.766479     -0.273273796     -0.273273796     -0.273273796    
   137.966476     -0.332102150     -0.332102150     -0.332102150    
   138.166473     -0.410226583     -0.410226583     -0.410226583    
   138.366470     -0.493089795     -0.493089795     -0.493089795    
   138.566467     -0.565078497     -0.565078497     -0.565078497    
   138.766479     -0.613340437     -0.613340437     -0.613340437    
   138.966476     -0.630778134     -0.630778134     -0.630778134    
   139.166473     -0.617580950     -0.617580950     -0.617580950    
   139.366470     -0.580742776     -0.580742776     -0.580742776    
   139.566467     -0.531904101     -0.531904101     -0.531904101    
   139.766479     -0.484030902     -0.484030902     -0.484030902    
   139.966476     -0.447968453     -0.447968453     -0.447968453    
   140.166473     -0.429835707     -0.429835707     -0.429835707    
   140.366470     -0.430007756     -0.430007756     -0.430007756    
   140.566467     -0.443944216     -0.443944216     -0.443944216    
   140.766479     -0.464513481     -0.464513481     -0.464513481    
   140.966476     -0.485022873     -0.485022873     -0.485022873    
   141.166473     -0.501831412     -0.501831412     -0.501831412    
   141.366470     -0.515695333     -0.515695333     -0.515695333    
   141.566467     -0.531237304     -0.531237304     -0.531237304    
   141.766479     -0.554734826     -0.554734826     -0.554734826    
   141.966476     -0.590906262     -0.590906262     -0.590906262    
   142.166473     -0.639898658     -0.639898658     -0.639898658    
   142.366470     -0.695615053     -0.695615053     -0.695615053    
   142.566467     -0.746224105     -0.746224105     -0.746224105    
   142.766479     -0.776960969     -0.776960969     -0.776960969    
   142.966476     -0.774510086     -0.774510086     -0.774510086    
   143.166473     -0.731757402     -0.731757402     -0.731757402    
   143.366470     -0.651219189     -0.651219189     -0.651219189    
   143.566467     -0.545949936     -0.545949936     -0.545949936    
   143.766479     -0.437274724     -0.437274724     -0.437274724    
   143.966476     -0.349760115     -0.349760115     -0.349760115    
   144.166473     -0.304631948     -0.304631948     -0.304631948    
   144.366470     -0.313624144     -0.313624144     -0.313624144    
   144.566467     -0.375103623     -0.375103623     -0.375103623    
   144.766479     -0.473816454     -0.473816454     -0.473816454    
   144.966476     -0.584525228     -0.584525228     -0.584525228    
   145.166473     -0.678751051     -0.678751051     -0.678751051    
   145.366470     -0.732649624     -0.732649624     -0.732649624    
   145.566467     -0.733804107     -0.733804107     -0.733804107    
   145.766479     -0.684872210     -0.684872210     -0.684872210    
   145.966476     -0.602939963     -0.602939963     -0.602939963    
   146.166473     -0.514614582     -0.514614582     -0.514614582    
   146.366470     -0.448285192     -0.448285192     -0.448285192    
   146.566467     -0.425787270     -0.425787270     -0.425787270    
   146.766479     -0.455937862     -0.455937862     -0.455937862    
   146.966476     -0.531780660     -0.531780660     -0.531780660    
   147.166473     -0.632523179     -0.632523179     -0.632523179    
   147.366470     -0.729458392     -0.729458392     -0.729458392    
   147.566467     -0.794140279     -0.794140279     -0.794140279    
   147.766479     -0.806397796     -0.806397796     -0.806397796    
   147.966476     -0.759838462     -0.759838462     -0.759838462    
   148.166473     -0.663261950     -0.663261950     -0.663261950    
   148.366470     -0.537621260     -0.537621260     -0.537621260    
   148.566467     -0.409670115     -0.409670115     -0.409670115    
   148.766479     -0.304189712     -0.304189712     -0.304189712    
   148.966476     -0.237243265     -0.237243265     -0.237243265    
   149.166473     -0.212313220     -0.212313220     -0.212313220    
   149.366470     -0.220534891     -0.220534891     -0.220534891    
   149.566467     -0.244551539     -0.244551539     -0.244551539    
   149.766479     -0.264735967     -0.264735967     -0.264735967    
   149.966476     -0.265678048     -0.265678048     -0.265678048    
   150.166473     -0.240902275     -0.240902275     -0.240902275    
   150.366470     -0.194355577     -0.194355577     -0.194355577    
   150.566467     -0.138443217     -0.138443217     -0.138443217    
   150.766479      -8.92847180E-02  -8.92847180E-02  -8.92847180E-02
   150.966476      -6.09701648E-02  -6.09701648E-02  -6.09701648E-02
   151.166473      -6.06111996E-02  -6.06111996E-02  -6.06111996E-02
   151.366470      -8.59192535E-02  -8.59192535E-02  -8.59192535E-02
   151.566467     -0.125952497     -0.125952497     -0.125952497    
   151.766479     -0.164745420     -0.164745420     -0.164745420    
   151.966476     -0.186612070     -0.186612070     -0.186612070    
   152.166473     -0.181342199     -0.181342199     -0.181342199    
   152.366470     -0.147599846     -0.147599846     -0.147599846    
   152.566467      -9.35223997E-02  -9.35223997E-02  -9.35223997E-02
   152.766479      -3.42436545E-02  -3.42436545E-02  -3.42436545E-02
   152.966476       1.27031170E-02   1.27031170E-02   1.27031170E-02
   153.166473       3.27756479E-02   3.27756479E-02   3.27756479E-02
   153.366470       1.88529473E-02   1.88529473E-02   1.88529473E-02
   153.566467      -2.65828539E-02  -2.65828539E-02  -2.65828539E-02
   153.766479      -9.21048373E-02  -9.21048373E-02  -9.21048373E-02
   153.966476     -0.160523534     -0.160523534     -0.160523534    
   154.166473     -0.213631317     -0.213631317     -0.213631317    
   154.366470     -0.236982092     -0.236982092     -0.236982092    
   154.566467     -0.223374382     -0.223374382     -0.223374382    
   154.766479     -0.174137682     -0.174137682     -0.174137682    
   154.966476      -9.80678797E-02  -9.80678797E-02  -9.80678797E-02
   155.166473      -8.51439685E-03  -8.51439685E-03  -8.51439685E-03
   155.366470       8.03375393E-02   8.03375393E-02   8.03375393E-02
   155.566467      0.156812221      0.156812221      0.156812221    
   155.766479      0.213850036      0.213850036      0.213850036    
   155.966476      0.249389276      0.249389276      0.249389276    
   156.166473      0.265319020      0.265319020      0.265319020    
   156.366470      0.265484571      0.265484571      0.265484571    
   156.566467      0.253705710      0.253705710      0.253705710    
   156.766479      0.232458904      0.232458904      0.232458904    
   156.966476      0.202610567      0.202610567      0.202610567    
   157.166473      0.164112508      0.164112508      0.164112508    
   157.366470      0.117185555      0.117185555      0.117185555    
   157.566467       6.34226874E-02   6.34226874E-02   6.34226874E-02
   157.766479       6.12812676E-03   6.12812676E-03   6.12812676E-03
   157.966476      -5.02060242E-02  -5.02060242E-02  -5.02060242E-02
   158.166473     -0.101288281     -0.101288281     -0.101288281    
   158.366470     -0.144659936     -0.144659936     -0.144659936    
   158.566467     -0.180987939     -0.180987939     -0.180987939    
   158.766479     -0.214406341     -0.214406341     -0.214406341    
   158.966476     -0.251642853     -0.251642853     -0.251642853    
   159.166473     -0.300089806     -0.300089806     -0.300089806    
   159.366470     -0.365364194     -0.365364194     -0.365364194    
   159.566467     -0.449102730     -0.449102730     -0.449102730    
   159.766479     -0.547804296     -0.547804296     -0.547804296    
   159.966476     -0.653086782     -0.653086782     -0.653086782    
   160.166473     -0.753524959     -0.753524959     -0.753524959    
   160.366470     -0.837454140     -0.837454140     -0.837454140    
   160.566467     -0.896050394     -0.896050394     -0.896050394    
   160.766479     -0.925755560     -0.925755560     -0.925755560    
   160.966476     -0.929311693     -0.929311693     -0.929311693    
   161.166473     -0.915128231     -0.915128231     -0.915128231    
   161.366470     -0.895098507     -0.895098507     -0.895098507    
   161.566467     -0.881565869     -0.881565869     -0.881565869    
   161.766479     -0.884297848     -0.884297848     -0.884297848    
   161.966476     -0.908304095     -0.908304095     -0.908304095    
   162.166473     -0.953073919     -0.953073919     -0.953073919    
   162.366470      -1.01344407      -1.01344407      -1.01344407    
   162.566467      -1.08154249      -1.08154249      -1.08154249    
   162.766479      -1.14931595      -1.14931595      -1.14931595    
   162.966476      -1.21058345      -1.21058345      -1.21058345    
   163.166473      -1.26220942      -1.26220942      -1.26220942    
   163.366470      -1.30381966      -1.30381966      -1.30381966    
   163.566467      -1.33648837      -1.33648837      -1.33648837    
   163.766479      -1.36081135      -1.36081135      -1.36081135    
   163.966476      -1.37525868      -1.37525868      -1.37525868    
   164.166473      -1.37546122      -1.37546122      -1.37546122    
   164.366470      -1.35490131      -1.35490131      -1.35490131    
   164.566467      -1.30687869      -1.30687869      -1.30687869    
   164.766479      -1.22725427      -1.22725427      -1.22725427    
   164.966476      -1.11703622      -1.11703622      -1.11703622    
   165.166473     -0.983906150     -0.983906150     -0.983906150    
   165.366470     -0.842038393     -0.842038393     -0.842038393    
   165.566467     -0.709922016     -0.709922016     -0.709922016    
   165.766479     -0.606676042     -0.606676042     -0.606676042    
   165.966476     -0.547708094     -0.547708094     -0.547708094    
   166.166473     -0.540839314     -0.540839314     -0.540839314    
   166.366470     -0.584140062     -0.584140062     -0.584140062    
   166.566467     -0.666067123     -0.666067123     -0.666067123    
   166.766479     -0.768026948     -0.768026948     -0.768026948    
   166.966476     -0.868795991     -0.868795991     -0.868795991    
   167.166473     -0.949720502     -0.949720502     -0.949720502    
   167.366470     -0.999267161     -0.999267161     -0.999267161    
   167.566467      -1.01572347      -1.01572347      -1.01572347    
   167.766479      -1.00740457      -1.00740457      -1.00740457    
   167.966476     -0.990175128     -0.990175128     -0.990175128    
