1.122018e-03 1.333022e-05 0.000000e+00 0.000e+00 0.000e+00 0.000e+00 0.000e+00   0.000e+00 0.000e+00 0.000e+00 0.000e+00   0.000e+00 0.000e+00 0.000e+00 0.000e+00   0.000e+00 0.000e+00 0.000e+00 0.000e+00   0.000e+00 0.000e+00 0.000e+00 0.000e+00   0.000e+00 0.000e+00 0.000e+00 0.000e+00   0.000e+00 0.000e+00 0.000e+00 0.000e+00   0.000e+00 0.000e+00 0.000e+00 0.000e+00   0.000e+00 0.000e+00 0.000e+00 0.000e+00   0.000e+00 0.000e+00 0.000e+00 0.000e+00   
1.412538e-03 5.937500e-05 0.000000e+00 0.000e+00 0.000e+00 0.000e+00 0.000e+00   0.000e+00 0.000e+00 0.000e+00 0.000e+00   0.000e+00 0.000e+00 0.000e+00 0.000e+00   0.000e+00 0.000e+00 0.000e+00 0.000e+00   0.000e+00 0.000e+00 0.000e+00 0.000e+00   0.000e+00 0.000e+00 0.000e+00 0.000e+00   0.000e+00 0.000e+00 0.000e+00 0.000e+00   0.000e+00 0.000e+00 0.000e+00 0.000e+00   0.000e+00 0.000e+00 0.000e+00 0.000e+00   0.000e+00 0.000e+00 0.000e+00 0.000e+00   
1.778279e-03 1.310498e-04 0.000000e+00 0.000e+00 0.000e+00 0.000e+00 0.000e+00   0.000e+00 0.000e+00 0.000e+00 0.000e+00   0.000e+00 0.000e+00 0.000e+00 0.000e+00   0.000e+00 0.000e+00 0.000e+00 0.000e+00   0.000e+00 0.000e+00 0.000e+00 0.000e+00   0.000e+00 0.000e+00 0.000e+00 0.000e+00   0.000e+00 0.000e+00 0.000e+00 0.000e+00   0.000e+00 0.000e+00 0.000e+00 0.000e+00   0.000e+00 0.000e+00 0.000e+00 0.000e+00   0.000e+00 0.000e+00 0.000e+00 0.000e+00   
2.238721e-03 2.235126e-04 0.000000e+00 0.000e+00 0.000e+00 0.000e+00 0.000e+00   0.000e+00 6.227e-05 0.000e+00 0.000e+00   5.383e-05 0.000e+00 0.000e+00 0.000e+00   2.097e-04 0.000e+00 0.000e+00 0.000e+00   0.000e+00 0.000e+00 0.000e+00 0.000e+00   0.000e+00 0.000e+00 0.000e+00 9.727e-09   0.000e+00 0.000e+00 0.000e+00 0.000e+00   0.000e+00 0.000e+00 0.000e+00 0.000e+00   0.000e+00 0.000e+00 0.000e+00 1.750e-04   0.000e+00 0.000e+00 0.000e+00 0.000e+00   
2.818383e-03 2.256513e-04 0.000000e+00 0.000e+00 0.000e+00 6.344e-05 0.000e+00   0.000e+00 0.000e+00 0.000e+00 0.000e+00   0.000e+00 0.000e+00 9.486e-05 0.000e+00   0.000e+00 0.000e+00 0.000e+00 0.000e+00   0.000e+00 0.000e+00 0.000e+00 0.000e+00   0.000e+00 0.000e+00 0.000e+00 2.928e-05   0.000e+00 0.000e+00 1.988e-04 0.000e+00   0.000e+00 0.000e+00 0.000e+00 0.000e+00   0.000e+00 0.000e+00 0.000e+00 0.000e+00   8.223e-05 0.000e+00 0.000e+00 0.000e+00   
3.548134e-03 2.621870e-04 0.000000e+00 0.000e+00 0.000e+00 8.240e-05 0.000e+00   0.000e+00 0.000e+00 0.000e+00 0.000e+00   1.757e-04 1.464e-05 0.000e+00 0.000e+00   0.000e+00 0.000e+00 0.000e+00 0.000e+00   0.000e+00 1.277e-04 0.000e+00 0.000e+00   2.324e-05 0.000e+00 0.000e+00 0.000e+00   0.000e+00 0.000e+00 0.000e+00 0.000e+00   0.000e+00 0.000e+00 0.000e+00 0.000e+00   3.179e-05 2.423e-04 0.000e+00 0.000e+00   0.000e+00 0.000e+00 0.000e+00 0.000e+00   
4.466836e-03 5.259039e-04 0.000000e+00 2.471e-04 0.000e+00 0.000e+00 0.000e+00   0.000e+00 5.046e-06 0.000e+00 0.000e+00   1.717e-09 0.000e+00 1.469e-04 1.508e-04   0.000e+00 0.000e+00 0.000e+00 7.936e-05   0.000e+00 0.000e+00 0.000e+00 0.000e+00   0.000e+00 0.000e+00 0.000e+00 0.000e+00   0.000e+00 0.000e+00 1.636e-06 0.000e+00   0.000e+00 0.000e+00 0.000e+00 0.000e+00   0.000e+00 0.000e+00 0.000e+00 4.452e-06   0.000e+00 0.000e+00 0.000e+00 0.000e+00   
5.623413e-03 1.008411e-03 0.000000e+00 5.863e-05 0.000e+00 0.000e+00 5.457e-06   0.000e+00 0.000e+00 0.000e+00 0.000e+00   0.000e+00 0.000e+00 8.689e-05 0.000e+00   0.000e+00 1.336e-04 0.000e+00 0.000e+00   0.000e+00 0.000e+00 0.000e+00 4.421e-04   0.000e+00 0.000e+00 0.000e+00 2.431e-04   0.000e+00 0.000e+00 6.128e-05 0.000e+00   0.000e+00 0.000e+00 1.236e-04 0.000e+00   0.000e+00 0.000e+00 0.000e+00 2.980e-05   0.000e+00 0.000e+00 0.000e+00 0.000e+00   
7.079458e-03 1.568216e-03 0.000000e+00 1.429e-04 1.188e-04 1.203e-04 2.619e-05   2.577e-04 1.027e-04 0.000e+00 0.000e+00   0.000e+00 1.303e-04 0.000e+00 1.815e-05   0.000e+00 0.000e+00 1.375e-04 7.405e-05   0.000e+00 3.022e-04 6.141e-06 0.000e+00   1.135e-04 4.833e-06 0.000e+00 0.000e+00   5.661e-06 6.054e-05 0.000e+00 0.000e+00   0.000e+00 1.648e-04 2.122e-06 0.000e+00   3.629e-04 0.000e+00 0.000e+00 0.000e+00   5.016e-06 1.115e-06 0.000e+00 0.000e+00   
8.912509e-03 2.234723e-03 0.000000e+00 0.000e+00 1.803e-04 5.689e-04 4.169e-04   1.746e-04 2.159e-04 0.000e+00 5.826e-07   1.272e-04 3.039e-04 6.059e-04 3.568e-04   0.000e+00 3.627e-04 0.000e+00 0.000e+00   0.000e+00 3.379e-06 0.000e+00 4.934e-05   4.838e-06 5.115e-05 3.272e-05 1.670e-04   1.797e-04 5.164e-06 4.190e-05 3.985e-04   0.000e+00 1.026e-04 0.000e+00 2.751e-05   6.009e-09 0.000e+00 1.812e-04 0.000e+00   1.274e-05 8.276e-05 7.193e-05 2.707e-07   
1.122018e-02 3.563983e-03 0.000000e+00 4.971e-04 4.929e-04 1.306e-04 4.081e-04   9.542e-05 1.260e-04 5.684e-04 3.131e-04   2.330e-04 4.715e-04 0.000e+00 1.146e-05   2.608e-04 1.811e-04 4.872e-04 2.168e-04   2.605e-04 2.246e-04 0.000e+00 0.000e+00   1.421e-04 1.994e-04 3.770e-05 2.262e-04   2.530e-04 1.052e-04 3.050e-04 3.447e-04   3.275e-04 2.658e-04 1.802e-04 4.281e-04   1.762e-05 0.000e+00 2.329e-04 7.816e-05   6.947e-08 1.079e-04 3.091e-06 6.301e-05   
1.412538e-02 5.683631e-03 0.000000e+00 5.232e-04 5.499e-04 8.526e-04 9.183e-05   5.173e-04 1.453e-04 2.571e-04 3.129e-04   5.544e-04 1.435e-04 6.617e-04 1.678e-04   6.843e-04 3.407e-04 2.590e-04 8.238e-06   1.531e-04 7.342e-04 6.090e-05 2.784e-04   5.882e-04 7.986e-04 2.369e-04 3.587e-04   6.182e-04 7.357e-04 4.431e-06 4.711e-04   5.395e-04 1.932e-04 1.656e-04 3.153e-04   3.711e-05 6.692e-04 0.000e+00 1.228e-04   5.184e-04 5.723e-05 7.409e-04 2.559e-04   
1.778279e-02 8.121580e-03 0.000000e+00 2.118e-03 4.757e-04 9.916e-04 9.099e-04   3.530e-04 8.515e-05 6.081e-04 3.496e-04   5.477e-04 1.206e-04 1.335e-04 3.390e-04   4.855e-04 4.138e-04 1.204e-04 3.294e-04   4.196e-04 1.217e-04 6.668e-05 5.081e-04   4.907e-04 5.862e-08 5.445e-06 4.317e-04   2.068e-05 2.341e-04 3.961e-04 2.104e-04   3.293e-05 4.178e-04 1.887e-04 3.224e-04   2.851e-04 1.176e-04 2.091e-04 2.712e-04   5.316e-06 2.702e-04 1.347e-04 0.000e+00   
2.238721e-02 1.177642e-02 0.000000e+00 1.560e-03 2.524e-04 1.232e-03 8.437e-04   2.265e-03 8.389e-04 3.992e-04 9.592e-04   6.813e-04 1.929e-04 7.019e-04 2.753e-04   6.069e-04 5.459e-04 2.647e-04 7.330e-04   1.247e-03 4.303e-05 9.956e-05 5.942e-04   8.154e-04 2.972e-04 8.975e-04 2.947e-04   5.443e-04 6.157e-04 3.225e-04 6.060e-04   1.426e-04 7.253e-04 9.710e-04 6.293e-04   3.638e-04 6.292e-04 2.358e-04 1.299e-04   4.262e-04 4.609e-04 8.048e-04 2.616e-04   
2.818383e-02 1.657597e-02 0.000000e+00 2.229e-03 1.180e-03 3.470e-03 1.030e-03   1.877e-03 1.287e-03 1.244e-03 8.615e-04   2.027e-03 9.541e-04 4.219e-04 4.360e-04   1.545e-03 4.023e-04 9.423e-04 1.034e-03   9.513e-04 2.178e-04 4.073e-04 7.943e-04   1.483e-03 4.780e-05 2.180e-04 3.683e-04   7.413e-04 1.412e-03 6.030e-06 9.765e-04   7.889e-04 2.715e-04 7.287e-04 1.731e-04   7.539e-04 6.804e-04 8.081e-04 6.144e-04   6.485e-06 8.180e-04 5.139e-04 3.964e-04   
3.548134e-02 2.600189e-02 0.000000e+00 5.374e-03 1.214e-03 1.826e-03 3.307e-03   2.317e-03 7.441e-04 2.032e-03 1.521e-03   2.819e-03 1.574e-03 1.953e-03 1.054e-03   1.846e-03 1.893e-03 1.509e-03 1.073e-03   3.119e-03 9.690e-04 1.124e-04 9.316e-04   2.322e-03 1.687e-03 2.761e-04 4.549e-04   1.051e-03 9.315e-04 1.118e-03 1.064e-03   1.382e-03 9.133e-04 1.064e-03 3.556e-04   1.038e-03 8.919e-04 8.359e-04 1.327e-03   1.134e-03 5.633e-04 9.108e-04 6.317e-04   
4.466836e-02 3.414141e-02 0.000000e+00 3.983e-03 1.508e-03 4.106e-03 3.120e-03   4.663e-03 2.059e-03 2.458e-03 1.964e-03   2.634e-03 1.468e-03 3.800e-03 2.522e-03   2.752e-03 1.574e-03 5.147e-04 1.384e-03   2.149e-03 1.837e-03 5.454e-04 1.659e-03   1.127e-03 2.074e-03 1.792e-03 1.444e-03   1.504e-03 1.162e-03 1.222e-03 1.508e-03   1.406e-03 1.231e-03 1.050e-03 1.213e-03   3.767e-04 1.904e-03 8.866e-04 1.358e-03   7.395e-04 5.416e-04 2.338e-03 8.697e-04   
5.623413e-02 4.787934e-02 0.000000e+00 6.111e-03 2.789e-03 5.476e-03 3.095e-03   4.556e-03 1.957e-03 3.755e-03 4.222e-03   5.189e-03 2.409e-03 3.701e-03 2.374e-03   4.915e-03 1.421e-03 2.081e-03 3.167e-03   5.474e-03 2.949e-03 1.289e-03 2.163e-03   3.104e-03 2.995e-03 9.235e-04 2.609e-03   2.950e-03 1.207e-03 9.650e-04 2.140e-03   9.661e-04 2.873e-03 1.238e-03 2.064e-03   1.995e-03 2.337e-03 1.991e-03 7.283e-04   1.178e-03 1.311e-03 1.478e-03 1.568e-03   
7.079458e-02 6.547631e-02 0.000000e+00 5.910e-03 3.844e-03 6.225e-03 2.271e-03   7.564e-03 4.121e-03 6.813e-03 2.770e-03   6.533e-03 4.830e-03 6.077e-03 3.894e-03   5.533e-03 2.181e-03 4.845e-03 4.063e-03   4.686e-03 5.243e-03 1.151e-03 5.523e-03   4.876e-03 3.049e-03 3.847e-04 1.582e-03   3.592e-03 3.914e-03 5.939e-04 2.552e-03   2.474e-03 2.129e-03 2.211e-03 3.511e-03   4.178e-03 1.744e-03 2.107e-03 3.058e-03   2.702e-03 2.999e-03 2.184e-03 1.443e-03   
8.912509e-02 8.933875e-02 0.000000e+00 9.801e-03 4.144e-03 9.251e-03 5.593e-03   6.783e-03 4.187e-03 6.543e-03 5.264e-03   1.096e-02 6.998e-03 9.225e-03 4.035e-03   9.601e-03 5.202e-03 2.698e-03 4.236e-03   8.136e-03 3.838e-03 2.606e-03 4.823e-03   6.831e-03 3.868e-03 2.320e-03 4.269e-03   6.162e-03 3.785e-03 1.931e-03 5.343e-03   5.428e-03 2.823e-03 2.399e-03 5.051e-03   2.963e-03 3.597e-03 3.578e-03 4.394e-03   2.343e-03 3.983e-03 2.320e-03 2.080e-03   
1.122018e-01 1.162342e-01 0.000000e+00 1.037e-02 7.683e-03 9.891e-03 6.659e-03   1.294e-02 5.880e-03 1.034e-02 5.931e-03   9.995e-03 5.755e-03 8.980e-03 6.738e-03   6.379e-03 5.358e-03 6.544e-03 5.603e-03   1.157e-02 6.596e-03 2.285e-03 5.197e-03   8.085e-03 4.273e-03 1.386e-03 6.161e-03   6.312e-03 6.867e-03 2.747e-03 4.626e-03   5.546e-03 5.392e-03 2.371e-03 5.659e-03   5.221e-03 4.525e-03 3.019e-03 3.426e-03   3.702e-03 2.660e-03 4.085e-03 4.300e-03   
1.412538e-01 1.387816e-01 0.000000e+00 1.082e-02 5.931e-03 1.237e-02 6.372e-03   1.398e-02 6.927e-03 1.292e-02 6.705e-03   1.381e-02 7.548e-03 1.323e-02 8.598e-03   1.114e-02 8.165e-03 8.606e-03 5.303e-03   1.023e-02 7.435e-03 2.265e-03 7.693e-03   9.402e-03 5.455e-03 3.435e-03 6.114e-03   1.017e-02 6.624e-03 3.842e-03 6.963e-03   7.628e-03 5.590e-03 1.793e-03 6.988e-03   6.721e-03 6.337e-03 3.194e-03 4.957e-03   5.078e-03 5.081e-03 5.007e-03 5.797e-03   
1.778279e-01 1.593607e-01 0.000000e+00 1.279e-02 8.160e-03 1.090e-02 5.087e-03   1.302e-02 9.118e-03 1.195e-02 9.028e-03   1.654e-02 9.170e-03 1.236e-02 7.856e-03   1.251e-02 1.040e-02 9.261e-03 8.757e-03   1.365e-02 7.940e-03 3.549e-03 8.700e-03   1.287e-02 1.159e-02 3.557e-03 7.952e-03   1.137e-02 9.079e-03 3.718e-03 8.714e-03   8.436e-03 5.770e-03 3.951e-03 5.803e-03   9.376e-03 8.187e-03 5.187e-03 6.953e-03   5.423e-03 5.399e-03 4.902e-03 7.648e-03   
2.238721e-01 1.716288e-01 0.000000e+00 1.193e-02 7.875e-03 1.158e-02 8.474e-03   1.775e-02 1.099e-02 1.202e-02 9.490e-03   1.581e-02 1.180e-02 1.335e-02 8.483e-03   1.615e-02 9.335e-03 1.011e-02 9.692e-03   1.154e-02 1.199e-02 4.652e-03 1.152e-02   1.328e-02 9.169e-03 4.070e-03 8.925e-03   1.220e-02 9.389e-03 4.681e-03 1.043e-02   8.336e-03 7.283e-03 6.478e-03 7.932e-03   7.677e-03 6.914e-03 6.908e-03 7.320e-03   4.843e-03 5.282e-03 8.483e-03 8.726e-03   
2.818383e-01 1.718683e-01 0.000000e+00 1.490e-02 8.416e-03 1.097e-02 5.978e-03   1.527e-02 1.069e-02 1.058e-02 7.641e-03   1.378e-02 9.511e-03 1.423e-02 1.006e-02   1.487e-02 8.724e-03 1.045e-02 8.988e-03   1.272e-02 1.052e-02 5.081e-03 1.089e-02   1.127e-02 1.112e-02 3.905e-03 1.310e-02   1.132e-02 1.193e-02 6.250e-03 9.218e-03   8.712e-03 8.974e-03 5.893e-03 8.581e-03   9.783e-03 8.019e-03 5.864e-03 8.734e-03   5.842e-03 7.408e-03 9.691e-03 7.045e-03   
3.548134e-01 1.546770e-01 0.000000e+00 1.092e-02 4.902e-03 1.013e-02 4.712e-03   1.263e-02 7.082e-03 8.644e-03 9.324e-03   1.107e-02 6.581e-03 1.150e-02 8.054e-03   1.253e-02 7.612e-03 1.104e-02 9.279e-03   1.014e-02 9.478e-03 3.372e-03 6.768e-03   1.023e-02 7.331e-03 4.961e-03 7.641e-03   9.419e-03 9.159e-03 5.295e-03 9.160e-03   8.360e-03 7.832e-03 7.081e-03 9.216e-03   7.660e-03 7.752e-03 7.726e-03 8.802e-03   8.345e-03 6.933e-03 7.148e-03 7.832e-03   
4.466836e-01 1.306087e-01 0.000000e+00 6.530e-03 4.416e-03 6.838e-03 5.652e-03   8.718e-03 4.537e-03 5.677e-03 3.883e-03   8.330e-03 7.568e-03 9.108e-03 5.928e-03   9.433e-03 7.142e-03 7.559e-03 6.629e-03   9.243e-03 7.651e-03 6.232e-03 7.722e-03   1.000e-02 6.955e-03 4.943e-03 9.490e-03   7.992e-03 7.620e-03 5.259e-03 7.544e-03   8.877e-03 6.545e-03 5.314e-03 5.915e-03   7.184e-03 8.444e-03 6.562e-03 5.607e-03   9.277e-03 8.953e-03 7.400e-03 7.308e-03   
5.623413e-01 1.039037e-01 0.000000e+00 3.235e-03 3.689e-03 5.140e-03 1.787e-03   4.993e-03 3.978e-03 3.830e-03 4.754e-03   6.775e-03 4.820e-03 7.008e-03 4.220e-03   7.274e-03 5.451e-03 6.516e-03 6.779e-03   7.028e-03 4.888e-03 5.650e-03 7.276e-03   5.494e-03 8.661e-03 3.393e-03 9.621e-03   7.528e-03 7.925e-03 3.672e-03 7.104e-03   6.861e-03 7.029e-03 3.885e-03 5.951e-03   5.173e-03 6.061e-03 5.274e-03 7.837e-03   4.119e-03 6.646e-03 5.966e-03 7.020e-03   
7.079458e-01 7.970137e-02 0.000000e+00 3.298e-03 2.048e-03 3.300e-03 1.335e-03   2.812e-03 2.763e-03 3.880e-03 2.949e-03   4.501e-03 3.010e-03 3.998e-03 3.495e-03   5.458e-03 4.057e-03 4.239e-03 3.746e-03   4.240e-03 3.644e-03 3.331e-03 3.712e-03   5.694e-03 5.609e-03 3.217e-03 4.835e-03   5.222e-03 5.240e-03 3.244e-03 5.728e-03   5.122e-03 5.347e-03 4.560e-03 5.235e-03   5.051e-03 4.862e-03 5.529e-03 4.468e-03   6.231e-03 6.032e-03 4.378e-03 4.661e-03   
8.912509e-01 6.263685e-02 0.000000e+00 1.338e-03 2.288e-03 2.845e-03 1.455e-03   2.483e-03 2.398e-03 1.268e-03 2.897e-03   2.776e-03 3.260e-03 2.951e-03 2.192e-03   1.832e-03 3.399e-03 3.784e-03 2.394e-03   4.356e-03 3.996e-03 3.170e-03 3.855e-03   4.036e-03 4.695e-03 3.539e-03 2.999e-03   3.798e-03 4.760e-03 3.113e-03 3.220e-03   3.705e-03 3.477e-03 3.613e-03 4.911e-03   3.599e-03 5.567e-03 4.155e-03 4.990e-03   4.692e-03 5.285e-03 4.292e-03 4.901e-03   
1.122018e+00 5.300187e-02 0.000000e+00 1.909e-03 8.019e-04 2.281e-03 9.711e-04   2.241e-03 1.935e-03 1.788e-03 1.619e-03   2.274e-03 2.249e-03 2.826e-03 2.156e-03   2.672e-03 2.423e-03 2.704e-03 1.719e-03   2.239e-03 1.910e-03 1.414e-03 1.907e-03   3.242e-03 4.078e-03 3.607e-03 3.914e-03   4.036e-03 2.598e-03 1.921e-03 2.492e-03   2.813e-03 3.242e-03 4.490e-03 4.153e-03   4.459e-03 5.066e-03 3.078e-03 5.519e-03   5.068e-03 3.371e-03 2.833e-03 4.191e-03   
1.412538e+00 4.272489e-02 0.000000e+00 9.503e-04 1.669e-03 2.222e-03 2.051e-03   1.590e-03 1.343e-03 1.746e-03 1.562e-03   2.078e-03 2.050e-03 1.800e-03 1.041e-03   2.076e-03 1.845e-03 1.466e-03 2.232e-03   3.071e-03 3.035e-03 2.039e-03 2.361e-03   3.841e-03 3.448e-03 1.865e-03 1.576e-03   1.876e-03 2.716e-03 2.006e-03 3.736e-03   3.467e-03 3.223e-03 2.536e-03 3.287e-03   2.609e-03 3.807e-03 4.132e-03 2.839e-03   3.843e-03 3.639e-03 3.535e-03 2.553e-03   
1.778279e+00 3.493921e-02 0.000000e+00 1.193e-03 8.334e-04 2.198e-03 1.522e-03   1.974e-03 1.654e-03 2.243e-03 9.543e-04   8.942e-04 1.291e-03 1.355e-03 1.666e-03   1.471e-03 1.500e-03 2.409e-03 1.662e-03   2.154e-03 1.313e-03 1.479e-03 2.036e-03   1.184e-03 2.143e-03 2.017e-03 1.765e-03   2.418e-03 1.903e-03 1.202e-03 2.769e-03   3.362e-03 2.432e-03 1.691e-03 2.619e-03   2.471e-03 1.745e-03 1.670e-03 3.027e-03   2.839e-03 3.551e-03 2.360e-03 3.190e-03   
2.238721e+00 2.920573e-02 0.000000e+00 1.362e-03 1.607e-03 1.003e-03 1.086e-03   1.630e-03 1.603e-03 1.085e-03 1.393e-03   1.457e-03 1.195e-03 1.864e-03 7.390e-04   1.515e-03 2.134e-03 7.828e-04 1.630e-03   2.020e-03 1.620e-03 1.186e-03 1.365e-03   2.188e-03 1.909e-03 1.362e-03 2.004e-03   1.975e-03 2.404e-03 1.560e-03 1.101e-03   2.507e-03 1.464e-03 1.795e-03 2.413e-03   1.939e-03 2.532e-03 2.206e-03 1.805e-03   2.179e-03 2.082e-03 2.141e-03 2.195e-03   
2.818383e+00 2.266533e-02 0.000000e+00 8.714e-04 5.427e-04 5.777e-04 4.151e-04   8.336e-04 3.124e-04 1.009e-03 5.322e-04   8.950e-04 7.087e-04 1.440e-03 9.462e-04   1.325e-03 4.407e-04 1.465e-03 8.434e-04   1.447e-03 1.131e-03 7.602e-04 1.376e-03   1.360e-03 8.642e-04 1.074e-03 2.147e-03   1.632e-03 1.596e-03 7.787e-04 1.681e-03   1.797e-03 1.559e-03 1.281e-03 1.403e-03   1.385e-03 1.564e-03 8.010e-04 1.613e-03   1.769e-03 2.476e-03 1.570e-03 2.214e-03   
3.548134e+00 1.825729e-02 0.000000e+00 6.402e-04 4.999e-04 1.238e-03 4.928e-04   6.567e-04 4.132e-04 1.089e-03 5.732e-04   8.366e-04 1.014e-03 1.077e-03 1.189e-03   1.362e-03 5.742e-04 8.877e-04 8.681e-04   1.401e-03 1.076e-03 5.847e-04 3.218e-04   1.128e-03 1.726e-03 9.414e-04 1.301e-03   1.572e-03 1.527e-03 1.207e-03 1.039e-03   1.897e-03 1.494e-03 1.083e-03 1.256e-03   1.324e-03 1.447e-03 1.504e-03 1.916e-03   1.018e-03 1.922e-03 1.127e-03 1.729e-03   
4.466836e+00 1.519877e-02 0.000000e+00 9.970e-04 3.364e-04 4.166e-04 4.893e-04   6.964e-04 2.410e-04 5.955e-04 5.467e-04   8.979e-04 4.578e-04 3.921e-04 9.245e-04   6.714e-04 8.281e-04 6.829e-04 6.748e-04   2.657e-04 8.266e-04 4.029e-04 5.271e-04   7.264e-04 6.935e-04 5.352e-04 8.189e-04   2.911e-04 1.194e-03 6.870e-04 1.285e-03   1.662e-03 1.367e-03 1.287e-03 1.280e-03   1.021e-03 1.052e-03 1.042e-03 1.200e-03   1.119e-03 8.795e-04 1.031e-03 9.065e-04   
5.623413e+00 1.161602e-02 0.000000e+00 4.698e-04 3.032e-04 6.128e-04 3.126e-04   3.900e-04 4.178e-04 7.371e-04 1.929e-04   5.494e-04 4.181e-04 5.993e-04 2.720e-04   8.904e-04 5.283e-04 5.438e-04 5.442e-04   1.015e-03 6.318e-04 4.626e-04 6.318e-04   1.249e-03 6.387e-04 4.330e-04 7.722e-04   7.466e-04 1.175e-03 5.759e-04 5.859e-04   8.455e-04 9.308e-04 9.319e-04 6.640e-04   4.420e-04 9.460e-04 1.131e-03 1.239e-03   7.160e-04 1.037e-03 7.113e-04 6.391e-04   
7.079458e+00 9.634263e-03 0.000000e+00 5.115e-04 2.849e-04 1.560e-04 1.189e-04   7.140e-04 1.949e-04 1.857e-04 1.788e-04   5.514e-04 2.374e-04 5.822e-04 4.693e-04   6.421e-04 5.978e-04 4.083e-04 2.918e-04   5.465e-04 4.425e-04 5.409e-04 1.226e-03   4.711e-04 4.133e-04 6.246e-04 7.520e-04   4.832e-04 9.030e-04 4.984e-04 7.152e-04   7.561e-04 7.133e-04 3.882e-04 8.760e-04   9.979e-04 8.359e-04 4.707e-04 1.042e-03   5.656e-04 5.242e-04 7.207e-04 7.446e-04   
8.912509e+00 7.997360e-03 0.000000e+00 4.992e-04 1.491e-04 4.994e-04 1.289e-04   4.673e-04 2.974e-04 2.696e-04 3.306e-04   4.674e-04 2.930e-04 5.571e-04 2.509e-04   3.850e-04 1.304e-04 3.853e-04 3.700e-04   5.931e-04 4.898e-04 1.805e-04 5.430e-04   4.736e-04 4.461e-04 4.622e-04 6.062e-04   4.751e-04 8.391e-04 5.510e-04 6.832e-04   8.568e-04 4.470e-04 2.584e-04 5.990e-04   6.158e-04 6.234e-04 1.001e-03 7.038e-04   7.182e-04 4.409e-04 5.322e-04 6.030e-04   
1.122018e+01 6.542320e-03 0.000000e+00 1.907e-04 2.150e-04 1.763e-04 2.027e-04   1.350e-04 2.785e-04 1.737e-04 2.246e-04   2.412e-04 4.561e-04 2.528e-04 3.082e-04   1.075e-03 1.585e-04 1.999e-04 2.104e-04   3.473e-04 5.300e-04 1.131e-04 3.081e-04   3.902e-04 5.599e-04 4.298e-04 3.773e-04   4.278e-04 4.684e-04 3.016e-04 5.652e-04   3.990e-04 3.865e-04 1.293e-04 8.069e-04   5.080e-04 4.518e-04 4.665e-04 4.568e-04   5.139e-04 4.737e-04 3.193e-04 5.248e-04   
1.412538e+01 5.439078e-03 0.000000e+00 1.515e-04 1.505e-04 8.111e-05 1.048e-04   3.941e-04 1.843e-04 3.929e-04 2.489e-04   1.846e-04 2.944e-04 3.025e-04 1.332e-04   3.095e-04 2.943e-04 3.339e-04 1.994e-04   4.213e-04 3.085e-04 3.281e-04 4.067e-04   3.430e-04 2.111e-04 3.305e-04 1.206e-04   3.896e-04 3.249e-04 1.694e-04 4.476e-04   5.449e-04 2.925e-04 2.376e-04 3.581e-04   2.212e-04 4.351e-04 1.914e-04 4.205e-04   3.760e-04 9.691e-04 2.637e-04 4.408e-04   
1.778279e+01 4.440173e-03 0.000000e+00 1.952e-04 1.044e-04 1.410e-04 1.579e-04   2.950e-04 1.970e-04 1.190e-04 1.488e-04   2.568e-04 1.507e-04 1.451e-04 1.910e-04   1.406e-04 1.587e-04 1.219e-04 2.046e-04   2.982e-04 4.241e-04 7.262e-05 4.854e-04   3.168e-04 2.373e-04 1.628e-04 1.879e-04   2.466e-04 5.010e-04 1.569e-04 3.739e-04   2.643e-04 4.681e-04 1.749e-04 2.394e-04   4.826e-04 5.210e-04 2.096e-04 3.040e-04   1.917e-04 2.342e-04 1.741e-04 3.258e-04   
2.238721e+01 3.650332e-03 0.000000e+00 1.792e-04 8.301e-05 1.128e-04 9.068e-05   2.072e-04 1.192e-04 2.257e-04 6.876e-05   1.743e-04 1.409e-04 2.315e-04 1.653e-04   1.126e-04 1.958e-04 1.415e-04 2.263e-04   2.711e-04 2.268e-04 1.133e-04 2.206e-04   5.464e-04 1.061e-04 1.445e-04 1.107e-04   9.570e-05 2.042e-04 1.815e-04 2.377e-04   5.205e-04 3.902e-04 1.360e-04 2.887e-04   1.809e-04 2.263e-04 2.118e-04 3.448e-04   2.596e-04 3.376e-04 4.892e-04 4.519e-04   
2.818383e+01 2.949768e-03 0.000000e+00 1.173e-04 1.451e-04 6.742e-05 1.430e-04   1.500e-04 5.808e-05 5.164e-05 4.953e-05   1.412e-04 1.471e-04 1.583e-04 8.354e-05   1.507e-04 1.194e-04 1.126e-04 9.152e-05   2.262e-04 2.152e-04 9.835e-05 5.273e-05   1.257e-04 5.437e-04 1.572e-04 1.007e-04   1.135e-04 1.809e-04 1.588e-04 1.630e-04   9.412e-05 1.069e-04 1.704e-04 2.537e-04   1.385e-04 1.437e-04 2.989e-04 2.404e-04   1.672e-04 2.086e-04 3.347e-04 3.145e-04   
3.548134e+01 2.334734e-03 0.000000e+00 7.319e-05 6.083e-05 2.018e-04 8.334e-05   2.710e-04 7.371e-05 8.017e-05 8.712e-05   1.479e-04 1.077e-04 7.341e-05 6.920e-05   1.574e-04 1.248e-04 9.737e-05 5.467e-05   1.764e-04 6.522e-05 5.547e-05 1.119e-04   7.326e-05 1.022e-04 8.857e-05 2.980e-04   8.517e-05 2.652e-04 9.124e-05 1.411e-04   1.048e-04 2.084e-04 1.569e-04 1.507e-04   1.312e-04 1.956e-04 1.752e-04 2.013e-04   3.080e-04 2.059e-04 9.780e-05 3.302e-04   
4.466836e+01 1.928223e-03 0.000000e+00 8.308e-05 2.974e-05 6.204e-05 3.064e-05   4.298e-05 8.188e-05 5.923e-05 7.985e-05   3.479e-05 3.886e-05 1.552e-04 5.592e-05   3.839e-05 2.218e-04 6.551e-05 6.752e-05   1.870e-04 1.048e-04 1.121e-04 2.880e-04   1.215e-04 1.214e-04 1.115e-04 1.051e-04   5.197e-05 8.429e-05 1.798e-04 4.491e-05   9.094e-05 1.983e-04 8.208e-05 8.567e-05   1.653e-04 7.925e-05 2.990e-04 1.520e-04   1.187e-04 2.014e-04 7.559e-05 1.036e-04   
5.623413e+01 1.645695e-03 0.000000e+00 1.079e-04 2.431e-05 3.514e-05 8.328e-05   4.048e-05 5.601e-05 1.628e-05 2.475e-05   7.591e-05 2.428e-04 6.744e-05 2.080e-04   5.397e-05 9.645e-05 6.515e-05 1.067e-04   1.376e-04 4.561e-05 6.424e-05 6.413e-05   2.551e-04 6.584e-05 5.096e-05 4.509e-05   8.283e-05 2.605e-04 8.322e-05 7.908e-05   3.116e-05 6.384e-05 8.475e-05 9.045e-05   4.944e-05 1.387e-04 2.162e-04 9.125e-05   3.446e-05 2.229e-04 1.347e-04 5.076e-05   
7.079458e+01 1.310297e-03 0.000000e+00 3.911e-05 3.548e-05 4.194e-05 3.180e-05   1.678e-05 3.162e-05 3.010e-05 3.186e-05   6.988e-05 4.454e-05 1.159e-04 3.102e-05   6.732e-05 4.068e-05 1.115e-04 4.795e-05   2.751e-05 1.003e-04 9.068e-05 8.538e-05   3.083e-05 3.656e-05 6.791e-05 6.375e-05   4.746e-05 4.301e-05 9.126e-05 1.171e-04   1.152e-04 3.288e-04 1.579e-04 1.063e-04   1.086e-04 1.133e-04 9.388e-05 1.505e-04   1.304e-04 7.455e-05 4.824e-05 1.240e-04   
8.912509e+01 8.901357e-04 0.000000e+00 2.423e-05 3.405e-05 4.248e-05 2.596e-05   5.289e-05 2.144e-05 2.479e-05 9.565e-06   1.985e-05 1.295e-05 4.912e-05 1.344e-05   1.204e-05 1.699e-05 2.097e-05 1.459e-05   4.078e-05 1.492e-04 4.176e-05 5.992e-05   4.935e-05 1.735e-04 4.715e-05 4.672e-05   2.743e-05 6.477e-05 2.693e-05 6.281e-05   6.722e-05 7.791e-05 1.736e-05 7.173e-05   1.322e-04 2.812e-05 3.060e-05 9.431e-05   7.889e-05 5.187e-05 2.481e-05 3.808e-05   
1.122018e+02 7.414938e-04 0.000000e+00 1.174e-05 1.909e-05 5.124e-05 3.895e-05   1.271e-05 9.516e-06 3.343e-05 1.463e-05   1.177e-05 1.109e-05 2.114e-05 1.580e-05   2.463e-05 1.709e-05 2.500e-05 1.816e-05   1.332e-05 1.250e-05 3.190e-05 6.078e-05   1.091e-04 5.329e-05 2.141e-05 2.530e-05   5.351e-05 5.206e-05 1.350e-05 7.711e-05   7.671e-05 6.902e-05 4.123e-05 8.141e-05   2.499e-05 3.343e-05 4.112e-05 3.310e-05   1.119e-04 5.216e-05 1.495e-04 3.000e-05   
1.412538e+02 5.657672e-04 0.000000e+00 2.798e-05 4.629e-06 9.399e-06 5.626e-06   1.985e-05 1.597e-05 9.723e-06 1.464e-05   1.249e-05 7.598e-06 7.614e-05 2.284e-05   1.046e-04 3.315e-05 9.160e-06 3.821e-05   9.115e-05 3.904e-05 1.957e-05 6.990e-05   3.297e-05 3.940e-05 1.547e-05 1.232e-05   7.045e-05 9.249e-06 2.512e-05 1.192e-05   2.305e-05 2.913e-05 4.973e-05 2.476e-05   9.354e-05 1.976e-05 2.545e-05 4.229e-06   1.035e-04 2.886e-05 8.590e-05 4.035e-05   
1.778279e+02 3.858554e-04 0.000000e+00 1.068e-04 1.574e-05 1.409e-05 3.263e-06   1.931e-05 3.133e-06 7.549e-06 5.703e-06   2.915e-05 1.390e-05 1.657e-05 8.880e-06   9.726e-06 9.904e-06 2.689e-05 2.146e-05   1.511e-05 1.512e-05 1.591e-05 2.078e-05   1.403e-05 4.039e-05 2.017e-05 1.835e-05   3.232e-05 1.649e-05 4.919e-06 1.282e-05   1.265e-05 6.183e-05 1.694e-05 3.160e-05   1.847e-05 2.471e-05 7.171e-06 2.093e-05   3.487e-05 2.788e-05 1.983e-05 2.514e-05   
2.238721e+02 3.104006e-04 0.000000e+00 5.583e-06 2.458e-06 4.451e-06 7.328e-06   1.065e-05 2.022e-05 2.700e-06 1.553e-05   4.029e-06 5.116e-06 1.863e-05 6.554e-05   7.700e-06 1.489e-05 1.596e-05 1.063e-05   1.395e-05 3.964e-05 1.166e-06 1.150e-05   3.125e-05 1.791e-05 1.218e-06 8.211e-06   5.574e-06 1.346e-05 8.123e-06 1.933e-05   6.774e-06 2.634e-05 1.562e-05 5.957e-05   2.945e-05 2.371e-05 5.358e-05 9.005e-06   1.669e-05 2.076e-05 3.578e-06 1.838e-05   
2.818383e+02 1.896923e-04 0.000000e+00 2.257e-06 1.059e-06 6.030e-06 3.760e-06   6.262e-06 5.374e-06 4.006e-06 6.809e-06   7.145e-06 1.740e-06 4.106e-06 9.835e-06   5.013e-06 6.146e-05 2.952e-06 4.611e-06   3.807e-06 1.111e-05 8.907e-06 8.985e-06   2.512e-06 2.310e-05 4.513e-06 1.064e-05   3.669e-06 1.753e-05 5.479e-06 4.099e-06   1.731e-05 2.851e-05 2.338e-05 2.367e-05   4.102e-06 1.651e-05 1.416e-06 3.060e-06   1.236e-06 5.444e-05 1.412e-05 1.014e-05   
3.548134e+02 1.290576e-04 0.000000e+00 9.556e-07 1.325e-05 2.447e-06 1.608e-06   4.023e-07 1.927e-06 4.038e-07 5.865e-06   2.152e-06 1.157e-06 1.268e-05 1.447e-06   3.371e-06 8.278e-06 1.141e-05 1.281e-06   7.885e-06 5.180e-07 4.720e-07 2.807e-06   6.491e-06 3.947e-06 3.683e-06 4.908e-06   3.445e-06 4.590e-06 6.873e-06 4.791e-06   2.913e-06 3.037e-05 1.675e-06 1.726e-06   6.898e-07 3.815e-05 9.339e-06 2.033e-05   6.783e-06 6.756e-06 2.983e-06 7.447e-06   
4.466836e+02 6.117678e-05 0.000000e+00 3.152e-07 5.880e-07 3.961e-06 3.856e-07   8.054e-07 2.037e-07 1.121e-06 4.271e-08   6.824e-08 7.824e-07 4.102e-06 1.242e-06   1.131e-05 5.311e-06 1.899e-06 2.396e-06   4.692e-07 2.110e-05 2.028e-07 1.604e-05   3.857e-06 2.318e-07 6.162e-07 2.814e-07   6.897e-07 1.652e-06 4.712e-06 7.986e-07   7.227e-07 9.505e-06 3.021e-06 8.944e-08   5.171e-06 8.581e-07 4.796e-06 1.142e-07   1.454e-06 1.227e-06 6.390e-07 7.591e-07   
5.623413e+02 1.805753e-05 0.000000e+00 8.081e-08 3.832e-06 2.524e-08 1.346e-07   1.261e-06 1.422e-08 1.714e-07 1.250e-06   3.918e-06 1.111e-07 6.126e-06 1.034e-08   1.588e-08 1.852e-07 2.818e-07 8.095e-07   1.563e-07 1.333e-08 5.906e-07 3.281e-06   3.839e-08 2.094e-07 5.358e-06 3.896e-07   4.645e-07 1.472e-07 1.699e-06 4.109e-08   3.801e-08 4.240e-07 3.193e-06 3.110e-06   4.581e-08 5.512e-07 6.884e-08 5.613e-07   9.493e-08 4.151e-07 5.220e-07 4.072e-06   
7.079458e+02 7.224009e-06 0.000000e+00 1.076e-07 0.000e+00 1.674e-09 2.171e-07   3.398e-07 2.129e-08 3.804e-10 4.468e-11   1.396e-09 7.428e-08 1.186e-07 6.814e-09   4.599e-08 3.844e-08 3.178e-08 2.624e-07   2.227e-07 7.208e-09 2.723e-08 1.202e-07   5.314e-09 1.646e-07 7.792e-06 5.970e-08   5.068e-08 2.925e-08 1.735e-10 2.321e-08   3.422e-09 4.901e-08 2.743e-07 7.183e-11   7.515e-10 1.777e-07 8.082e-09 1.509e-08   4.351e-09 1.034e-09 5.740e-06 1.888e-07   
8.912509e+02 6.593493e-07 0.000000e+00 0.000e+00 0.000e+00 5.703e-10 0.000e+00   0.000e+00 6.004e-09 4.372e-08 9.733e-10   2.537e-08 3.581e-08 5.358e-08 0.000e+00   3.659e-09 1.037e-09 1.483e-09 2.474e-08   0.000e+00 0.000e+00 0.000e+00 1.261e-06   0.000e+00 2.875e-09 1.205e-09 6.269e-08   0.000e+00 6.546e-09 1.795e-09 0.000e+00   1.409e-08 0.000e+00 6.422e-09 3.911e-10   8.400e-09 3.398e-09 0.000e+00 4.749e-10   0.000e+00 6.205e-09 0.000e+00 1.707e-09   
1.122018e+03 1.476995e-08 0.000000e+00 0.000e+00 0.000e+00 0.000e+00 0.000e+00   0.000e+00 0.000e+00 0.000e+00 0.000e+00   0.000e+00 0.000e+00 6.061e-11 1.903e-09   0.000e+00 0.000e+00 0.000e+00 0.000e+00   0.000e+00 0.000e+00 2.682e-10 0.000e+00   0.000e+00 7.014e-11 0.000e+00 0.000e+00   0.000e+00 0.000e+00 0.000e+00 0.000e+00   0.000e+00 0.000e+00 0.000e+00 0.000e+00   0.000e+00 0.000e+00 0.000e+00 0.000e+00   0.000e+00 0.000e+00 0.000e+00 6.303e-10   
1.412538e+03 1.908724e-11 0.000000e+00 0.000e+00 0.000e+00 0.000e+00 0.000e+00   0.000e+00 0.000e+00 0.000e+00 0.000e+00   0.000e+00 0.000e+00 0.000e+00 0.000e+00   0.000e+00 0.000e+00 0.000e+00 0.000e+00   0.000e+00 0.000e+00 0.000e+00 0.000e+00   0.000e+00 0.000e+00 0.000e+00 0.000e+00   0.000e+00 0.000e+00 0.000e+00 0.000e+00   0.000e+00 0.000e+00 0.000e+00 0.000e+00   0.000e+00 0.000e+00 0.000e+00 0.000e+00   0.000e+00 0.000e+00 0.000e+00 0.000e+00   
1.778279e+03 0.000000e+00 0.000000e+00 0.000e+00 0.000e+00 0.000e+00 0.000e+00   0.000e+00 0.000e+00 0.000e+00 0.000e+00   0.000e+00 0.000e+00 0.000e+00 0.000e+00   0.000e+00 0.000e+00 0.000e+00 0.000e+00   0.000e+00 0.000e+00 0.000e+00 0.000e+00   0.000e+00 0.000e+00 0.000e+00 0.000e+00   0.000e+00 0.000e+00 0.000e+00 0.000e+00   0.000e+00 0.000e+00 0.000e+00 0.000e+00   0.000e+00 0.000e+00 0.000e+00 0.000e+00   0.000e+00 0.000e+00 0.000e+00 0.000e+00   
2.238721e+03 0.000000e+00 0.000000e+00 0.000e+00 0.000e+00 0.000e+00 0.000e+00   0.000e+00 0.000e+00 0.000e+00 0.000e+00   0.000e+00 0.000e+00 0.000e+00 0.000e+00   0.000e+00 0.000e+00 0.000e+00 0.000e+00   0.000e+00 0.000e+00 0.000e+00 0.000e+00   0.000e+00 0.000e+00 0.000e+00 0.000e+00   0.000e+00 0.000e+00 0.000e+00 0.000e+00   0.000e+00 0.000e+00 0.000e+00 0.000e+00   0.000e+00 0.000e+00 0.000e+00 0.000e+00   0.000e+00 0.000e+00 0.000e+00 0.000e+00   
2.818383e+03 0.000000e+00 0.000000e+00 0.000e+00 0.000e+00 0.000e+00 0.000e+00   0.000e+00 0.000e+00 0.000e+00 0.000e+00   0.000e+00 0.000e+00 0.000e+00 0.000e+00   0.000e+00 0.000e+00 0.000e+00 0.000e+00   0.000e+00 0.000e+00 0.000e+00 0.000e+00   0.000e+00 0.000e+00 0.000e+00 0.000e+00   0.000e+00 0.000e+00 0.000e+00 0.000e+00   0.000e+00 0.000e+00 0.000e+00 0.000e+00   0.000e+00 0.000e+00 0.000e+00 0.000e+00   0.000e+00 0.000e+00 0.000e+00 0.000e+00   
3.548134e+03 0.000000e+00 0.000000e+00 0.000e+00 0.000e+00 0.000e+00 0.000e+00   0.000e+00 0.000e+00 0.000e+00 0.000e+00   0.000e+00 0.000e+00 0.000e+00 0.000e+00   0.000e+00 0.000e+00 0.000e+00 0.000e+00   0.000e+00 0.000e+00 0.000e+00 0.000e+00   0.000e+00 0.000e+00 0.000e+00 0.000e+00   0.000e+00 0.000e+00 0.000e+00 0.000e+00   0.000e+00 0.000e+00 0.000e+00 0.000e+00   0.000e+00 0.000e+00 0.000e+00 0.000e+00   0.000e+00 0.000e+00 0.000e+00 0.000e+00   
4.466836e+03 0.000000e+00 0.000000e+00 0.000e+00 0.000e+00 0.000e+00 0.000e+00   0.000e+00 0.000e+00 0.000e+00 0.000e+00   0.000e+00 0.000e+00 0.000e+00 0.000e+00   0.000e+00 0.000e+00 0.000e+00 0.000e+00   0.000e+00 0.000e+00 0.000e+00 0.000e+00   0.000e+00 0.000e+00 0.000e+00 0.000e+00   0.000e+00 0.000e+00 0.000e+00 0.000e+00   0.000e+00 0.000e+00 0.000e+00 0.000e+00   0.000e+00 0.000e+00 0.000e+00 0.000e+00   0.000e+00 0.000e+00 0.000e+00 0.000e+00   
5.623413e+03 0.000000e+00 0.000000e+00 0.000e+00 0.000e+00 0.000e+00 0.000e+00   0.000e+00 0.000e+00 0.000e+00 0.000e+00   0.000e+00 0.000e+00 0.000e+00 0.000e+00   0.000e+00 0.000e+00 0.000e+00 0.000e+00   0.000e+00 0.000e+00 0.000e+00 0.000e+00   0.000e+00 0.000e+00 0.000e+00 0.000e+00   0.000e+00 0.000e+00 0.000e+00 0.000e+00   0.000e+00 0.000e+00 0.000e+00 0.000e+00   0.000e+00 0.000e+00 0.000e+00 0.000e+00   0.000e+00 0.000e+00 0.000e+00 0.000e+00   
7.079458e+03 0.000000e+00 0.000000e+00 0.000e+00 0.000e+00 0.000e+00 0.000e+00   0.000e+00 0.000e+00 0.000e+00 0.000e+00   0.000e+00 0.000e+00 0.000e+00 0.000e+00   0.000e+00 0.000e+00 0.000e+00 0.000e+00   0.000e+00 0.000e+00 0.000e+00 0.000e+00   0.000e+00 0.000e+00 0.000e+00 0.000e+00   0.000e+00 0.000e+00 0.000e+00 0.000e+00   0.000e+00 0.000e+00 0.000e+00 0.000e+00   0.000e+00 0.000e+00 0.000e+00 0.000e+00   0.000e+00 0.000e+00 0.000e+00 0.000e+00   
8.912509e+03 0.000000e+00 0.000000e+00 0.000e+00 0.000e+00 0.000e+00 0.000e+00   0.000e+00 0.000e+00 0.000e+00 0.000e+00   0.000e+00 0.000e+00 0.000e+00 0.000e+00   0.000e+00 0.000e+00 0.000e+00 0.000e+00   0.000e+00 0.000e+00 0.000e+00 0.000e+00   0.000e+00 0.000e+00 0.000e+00 0.000e+00   0.000e+00 0.000e+00 0.000e+00 0.000e+00   0.000e+00 0.000e+00 0.000e+00 0.000e+00   0.000e+00 0.000e+00 0.000e+00 0.000e+00   0.000e+00 0.000e+00 0.000e+00 0.000e+00   
