|   plus  |  minus  |         a      |        b       |        c       |    crpix1    |    crpix2    |   xmin   |   xmax   |   ymin   |   ymax   |   xcenter   |   ycenter   |    npixel   |      rms       |      boxx      |      boxy      |    boxwidth    |   boxheight    |     boxang     |
         0         1     -2.58382e-09     -4.26344e-09      4.63144e+00       -1713.00        -946.50       1713       1798        946        999       1756.30        972.96          4277      7.61462e-06           1755.5            973.0             53.0             85.0             90.0 
         0         4     -6.97971e-04     -1.70287e-03      8.89853e+01       -1717.00        -952.50       1717       1798        952       1797       1757.91       1381.34         54102      8.25075e-01           1757.5           1375.0            845.0             81.0             90.0 
         0         5      3.35890e-03     -6.74475e-03      9.02220e+01       -1717.00        -946.50       1717       1798        946       1005       1756.77        976.72          4000      8.75969e-01           1757.5            976.0             59.0             81.0             90.0 
         0        11      3.07115e-03     -4.37519e-03      8.45730e+01       -1713.00        -946.50       1713       1792        946       1207       1752.70       1073.47         15633      9.20545e-01           1752.5           1077.0            261.0             79.0             90.0 
         0        12     -3.99561e-03     -1.78602e-03      9.36106e+01       -1714.00       -1154.50       1714       1794       1154       1797       1754.03       1480.25         39817      8.43608e-01           1754.1           1476.0            643.2             78.9             89.9 
         1         2      2.69316e-16     -2.19890e-18      3.25153e+00       -1711.00          23.50       1711       1798        -23         29       1755.06          2.91          3683      6.83447e-15           1754.5              3.0             53.0             87.0             90.0 
         1         4      4.72750e-03     -1.00139e-02      8.31783e+01       -1717.00        -952.50       1717       1798        952        999       1756.85        976.70          3247      8.82238e-01           1757.5            976.0             47.0             81.0             90.0 
         1         5     -2.93913e-04     -4.60902e-04      8.59425e+01       -1714.00          17.50       1714       1798        -17        999       1756.68        497.85         62168      9.16869e-01           1756.0            491.0           1017.0             84.0             90.0 
         1         6     -6.23484e-03      7.99190e-03      9.80647e+01       -1714.00          23.50       1714       1798        -23         35       1756.93          4.75          3803      9.10032e-01           1756.0              6.0             59.0             84.0             90.0 
         1        10      4.31981e-03     -1.90026e-03      7.58529e+01       -1711.00          23.50       1711       1790        -23        237       1750.65        111.25         15631      9.23510e-01           1750.5            107.0            261.0             79.0             90.0 
         1        11      5.39743e-03     -1.87674e-03      7.33880e+01       -1712.00        -184.50       1712       1792        184        999       1752.04        588.57         50351      9.44353e-01           1752.0            592.0            815.1             79.3             89.9 
         2         3      2.51109e-09      3.02767e-09      2.29961e+00       -1709.00         993.50       1709       1798       -993       -940       1753.55       -967.01          4845      7.62893e-06           1753.5           -967.0             53.0             89.0             90.0 
         2         5     -6.35186e-03      7.37216e-03      9.31824e+01       -1714.00          17.50       1714       1798        -17         29       1756.72          5.30          3055      9.32730e-01           1756.0              6.0             47.0             84.0             90.0 
         2         6     -1.45874e-03      1.21221e-03      8.64519e+01       -1711.00         988.50       1711       1798       -988         29       1755.47       -496.19         69296      7.91099e-01           1754.5           -479.5           1018.0             87.0             90.0 
         2         7     -2.36027e-03     -1.15772e-04      8.76298e+01       -1711.00         993.50       1711       1798       -993       -934       1754.92       -963.88          4232      7.05536e-01           1754.5           -964.0             59.0             87.0             90.0 
         2         9      1.11913e-03     -5.45771e-04      7.92227e+01       -1709.00         993.50       1709       1788       -993       -732       1748.25       -864.09         16477      7.45302e-01           1748.5           -863.0            261.0             79.0             90.0 
         2        10     -2.52095e-03     -9.73008e-04      8.41636e+01       -1709.00         785.50       1709       1790       -785         29       1749.55       -385.74         50297      8.25760e-01           1749.6           -378.0            815.2             79.4             89.8 
         3         6     -6.71165e-05     -3.78193e-03      7.68463e+01       -1711.00         988.50       1711       1798       -988       -940       1755.26       -963.69          3400      7.19211e-01           1754.5           -964.5             48.0             87.0             90.0 
         3         7     -1.10844e-03     -5.14467e-04      8.27764e+01       -1709.00        1800.50       1709       1798      -1800       -940       1753.98      -1369.08         62449      7.51956e-01           1753.5          -1370.5            860.0             89.0             90.0 
         3         8      7.37101e-04     -3.73923e-03      7.29282e+01       -1706.00        1800.50       1706       1786      -1800      -1702       1745.65      -1750.77          6578      7.70999e-01           1746.0          -1751.5             98.0             80.0             90.0 
         3         9     -2.31863e-03     -1.10599e-03      8.21198e+01       -1707.00        1755.50       1707       1787      -1755       -940       1747.19      -1348.85         53320      7.78075e-01           1747.1          -1348.0            815.2             79.8            -90.1 
         4         5      8.27281e-10      1.08025e-08      3.22780e+00       -1717.00        -952.50       1717       1798        952       1005       1757.50        979.00          4428      6.07369e-06           1757.5            979.0             53.0             81.0             90.0 
         4        11      1.77303e-03     -1.99747e-03     -1.78912e+00       -1717.00        -952.50       1717       1792        952       1207       1754.19       1079.59         15238      7.48960e-01           1754.5           1080.0            255.0             75.0             90.0 
         4        12     -2.30073e-03     -4.94381e-04      3.54442e+00       -1717.00       -1154.50       1717       1794       1154       1797       1755.45       1476.12         39436      7.73322e-01           1755.4           1476.0            643.2             76.3            -90.1 
         5         6     -3.20792e-10     -2.02833e-09      1.84061e+00       -1714.00          17.50       1714       1798        -17         35       1756.22          8.92          4511      7.59110e-06           1756.0              9.0             53.0             84.0             90.0 
         5        10      7.19508e-03     -2.24518e-03     -1.47608e+01       -1714.00          17.50       1714       1790        -17        237       1752.10        110.06         13725      9.21655e-01           1752.0            110.0            255.0             76.0             90.0 
         5        11      5.44264e-03     -1.29160e-03     -1.22761e+01       -1715.00        -184.50       1715       1792        184       1005       1753.40        604.04         46549      8.55892e-01           1753.3            595.0            821.2             76.3            -90.1 
         6         7     -1.72694e-09      1.69014e-09      9.31605e-01       -1711.00         988.50       1711       1798       -988       -934       1754.30       -961.10          4726      7.19932e-06           1754.5           -961.5             54.0             87.0             90.0 
         6         9      2.70197e-03     -1.71468e-03     -7.32928e+00       -1711.00         987.50       1711       1788       -987       -732       1749.68       -861.79         16236      7.14420e-01           1749.5           -860.0            255.0             77.0             90.0 
         6        10      2.85911e-04     -2.08158e-03     -4.62265e+00       -1712.00         785.50       1712       1790       -785         35       1750.75       -387.28         49103      7.72501e-01           1750.9           -375.0            821.2             76.8             89.8 
         7         8      1.29326e-05     -1.06604e-03     -2.89571e+00       -1709.00        1800.50       1709       1786      -1800      -1702       1746.23      -1751.05          6348      7.36457e-01           1747.5          -1751.5             98.0             77.0             90.0 
         7         9     -8.97328e-04     -4.83174e-04     -1.08522e+00       -1709.00        1755.50       1709       1787      -1755       -934       1748.34      -1341.71         52684      7.30535e-01           1748.3          -1345.0            821.2             77.3            -90.1 
         8         9      1.57618e-10      6.03792e-09     -5.61655e-01       -1283.00        1755.50       1283       1786      -1755      -1701       1534.79      -1728.64         27089      7.10859e-06           1534.5          -1728.5             54.0            503.0             90.0 
         8        16     -3.94908e-04     -1.56929e-03     -3.23280e+00       -1282.00        1800.50       1282       1358      -1800      -1701       1320.09      -1752.14          6198      7.19360e-01           1320.0          -1751.0             99.0             76.0             90.0 
         9        10     -3.09496e-10      5.59590e-09     -1.13013e+00       -1285.00         785.50       1285       1788       -785       -731       1537.09       -758.78         27012      7.58730e-06           1536.5           -758.5             54.0            503.0             90.0 
         9        15      2.60895e-03      3.97224e-03      9.87370e-02       -1284.00         985.50       1284       1360       -985       -731       1322.21       -860.45         16196      7.27581e-01           1322.0           -858.5            254.0             76.0             90.0 
         9        16     -2.26284e-03      9.00064e-04      4.13579e+00       -1282.00        1754.50       1282       1360      -1754       -932       1321.13      -1340.34         52581      7.14468e-01           1321.0          -1343.5            822.2             77.0             89.9 
        10        11      3.72003e-10      4.79598e-09     -1.85474e-02       -1287.00        -184.50       1287       1790        184        238       1538.55        211.35         27110      7.52694e-06           1538.5            211.5             54.0            503.0             90.0 
        10        14     -5.63166e-04      1.75183e-03      1.11323e+00       -1287.00          15.50       1287       1361        -15        238       1324.36        111.00         14850      8.22339e-01           1324.0            111.5            254.0             74.0             90.0 
        10        15      2.72231e-03     -1.95315e-04     -2.41602e+00       -1285.00         784.50       1285       1361       -784         37       1323.03       -382.05         50358      7.87043e-01           1323.1           -373.5            822.2             75.7            -90.1 
        11        12     -3.40118e-10     -2.51702e-09     -2.53281e-01       -1289.00       -1154.50       1289       1792       1154       1208       1540.42       1181.40         27008      6.47157e-06           1540.5           1181.5             54.0            503.0             90.0 
        11        13      5.04263e-03      4.28761e-03     -1.06905e+01       -1289.00        -954.50       1289       1363        954       1208       1326.03       1080.74         14348      8.97180e-01           1326.0           1081.5            254.0             74.0             90.0 
        11        14      3.14146e-03      1.65736e-03     -3.44624e+00       -1287.00        -185.50       1287       1363        185       1007       1324.98        600.72         47651      8.52778e-01           1324.9            596.5            822.1             75.2            -90.1 
        12        13     -2.26774e-04      7.33700e-04      1.20764e+00       -1289.00       -1155.50       1289       1364       1155       1797       1325.70       1486.69         35651      9.53646e-01           1326.7           1476.5            642.2             74.5             89.9 
        13        14      2.62311e-10     -7.17044e-10      1.72173e+00        -860.00        -954.50        860       1363        954       1008       1111.46        981.02         26921      7.22847e-06           1111.5            981.5             54.0            503.0             90.0 
        13        20      4.61516e-03      8.38110e-04     -5.03489e+00        -860.00        -954.50        860        934        954       1208        897.14       1081.77         15362      7.87271e-01            897.0           1081.5            254.0             74.0             90.0 
        13        21      4.76493e-03     -2.55162e-03     -5.18590e-01        -860.00       -1155.50        860        935       1155       1797        899.17       1464.55         35468      8.78032e-01            897.5           1476.5            642.0             75.0             90.0 
        14        15     -5.47463e-10     -1.36378e-09      9.47850e-01        -858.00          15.50        858       1361        -15         38       1110.12         10.98         27055      6.41556e-06           1109.5             11.5             54.0            503.0             90.0 
        14        19     -3.75915e-03     -1.56446e-04      3.48146e+00        -858.00          15.50        858        933        -15        238        895.30        111.28         15394      7.76778e-01            895.5            111.5            254.0             75.0             90.0 
        14        20     -2.87754e-04     -7.69981e-04     -8.35958e-01        -858.00        -185.50        858        934        185       1008        896.39        598.35         47005      8.14120e-01            896.3            596.9            823.0             75.6             89.9 
        15        16     -3.12602e-10     -4.54509e-09      4.32407e-01        -856.00         985.50        856       1360       -985       -932       1107.84       -959.00         27184      7.62679e-06           1108.0           -959.0             53.0            504.0             90.0 
        15        18     -8.63321e-04     -1.21580e-03     -9.08692e-01        -856.00         985.50        856        932       -985       -731        894.38       -855.79         15461      7.67829e-01            894.0           -858.5            254.0             76.0             90.0 
        15        19     -3.80936e-03     -1.30937e-03      2.67939e+00        -857.00         784.50        857        933       -784         38        894.55       -381.49         50344      7.39476e-01            895.0           -373.0            823.0             76.0             90.0 
        16        17     -7.84313e-03     -1.33827e-03      3.52938e+00        -855.00        1800.50        855        931      -1800      -1701        892.67      -1750.84          6553      7.40653e-01            893.0          -1751.0             99.0             76.0             90.0 
        16        18     -1.92592e-03     -5.79038e-04      3.79182e-01        -855.00        1754.50        855        932      -1754       -932        893.61      -1353.76         49240      7.73122e-01            893.6          -1343.5            822.1             76.6             89.9 
        17        18      1.56871e-10      1.62226e-09      8.86166e-01        -428.00        1754.50        428        931      -1754      -1700        679.48      -1727.45         27160      7.47032e-06            679.5          -1727.5             54.0            503.0             90.0 
        17        25     -1.34880e-03     -8.61762e-04     -3.05445e+00        -428.00        1800.50        428        503      -1800      -1700        465.65      -1750.80          6236      7.72722e-01            465.5          -1750.5            100.0             75.0             90.0 
        18        19     -2.43837e-10      1.12015e-09      9.65677e-01        -429.00         784.50        429        932       -784       -730        680.51       -757.38         27153      7.62324e-06            680.5           -757.5             54.0            503.0             90.0 
        18        24     -1.85157e-03     -1.89951e-04     -7.93600e-01        -429.00         990.50        429        503       -990       -730        466.59       -856.98         15641      7.45769e-01            466.0           -860.5            260.0             74.0             90.0 
        18        25      4.48150e-04      2.74958e-03      1.20514e+00        -428.00        1753.50        428        503      -1753       -937        466.51      -1364.41         46457      8.41341e-01            465.5          -1345.5            816.0             75.0             90.0 
        19        20      2.71051e-20     -9.62772e-17     -1.25896e+00        -430.00        -185.50        430        933        189        236        681.10        212.78         22003      1.49710e-15            681.5            212.5             54.0            503.0             90.0 
        19        23      8.73813e-03      1.49386e-03     -6.39687e+00        -430.00          20.50        430        504        -20        239        466.61        109.09         16154      7.54832e-01            467.0            109.5            260.0             74.0             90.0 
        19        24      1.66674e-03      8.78597e-04     -2.46103e+00        -429.00         783.50        429        504       -783         32        466.22       -379.43         50195      7.43968e-01            466.3           -375.5            816.1             74.5            -90.1 
        20        21     -9.59265e-19      1.23382e-16      4.94370e-01        -431.00       -1155.50        431        934       1155       1209        685.64       1182.29         22179      1.91688e-15            682.5           1182.5             54.0            503.0             90.0 
        20        22      1.31484e-02      3.63877e-02     -4.25393e+01        -431.00        -949.50        431        504        949       1209        464.77       1054.46         13257      1.04686e+00            467.5           1079.5            260.0             73.0             90.0 
        20        23      2.60190e-03     -3.12152e-04     -1.72062e+00        -430.00        -186.50        430        504        186       1002        467.07        594.21         50720      7.50637e-01            467.0            594.5            816.0             74.0             90.0 
        21        22      1.02924e-03     -2.61963e-03      3.21785e+00        -431.00       -1156.50        431        504       1156       1797        467.48       1574.55         26634      9.77001e-01            467.5           1477.0            641.0             73.0             90.0 
        22        23     -6.34428e-19      9.53014e-17     -3.66928e-01          -1.00        -949.50          1        504        949       1002        252.91        975.98         26986      1.48762e-15            252.5            976.0             53.0            503.0             90.0 
        22        29     -1.80752e-03     -1.31136e-03      6.60864e-01          -1.00        -949.50          1         76        949       1203         38.68       1074.64         13985      9.04626e-01             38.5           1076.5            254.0             75.0             90.0 
        22        30     -5.18095e-03     -2.14577e-03      3.20868e+00          -1.00       -1150.50          1         76       1150       1797         38.53       1481.25         36653      8.52337e-01             38.5           1474.0            647.0             75.0             90.0 
        23        24     -1.01691e-10      9.02349e-10      2.34198e-01           0.00          20.50          0        504        -20         32        252.52          5.81         26684      7.50731e-06            252.0              6.0             53.0            504.0             90.0 
        23        28      6.46002e-03     -2.31476e-03      5.79769e-01           0.00          20.50          0         76        -20        233         38.33        112.99         15126      9.37463e-01             38.0            106.5            254.0             76.0             90.0 
        23        29     -2.13999e-03     -1.54142e-03      1.32100e+00          -1.00        -180.50          1         76        180       1002         38.98        579.11         46910      8.58043e-01             38.5            591.5            822.0             75.0             90.0 
        24        25     -4.27906e-10     -2.37374e-09      5.17740e-01           0.00         990.50          0        503       -990       -937        251.37       -964.00         27107      6.70129e-06            251.5           -964.0             53.0            503.0             90.0 
        24        27     -3.12567e-04      2.02734e-03      2.88215e+00           0.00         990.50          0         76       -990       -736         38.01       -863.93         14475      8.12249e-01             38.0           -863.5            254.0             76.0             90.0 
        24        28      2.64392e-03      2.08799e-04      3.72110e-01           0.00         789.50          0         76       -789         32         38.18       -388.80         47849      8.70878e-01             38.0           -378.5            822.0             76.0             90.0 
        25        26      3.50676e-03      3.02436e-03      6.89215e+00           0.00        1800.50          0         76      -1800      -1706         37.19      -1753.44          5491      8.47056e-01             38.0          -1753.5             94.0             76.0             90.0 
        25        27     -2.87005e-03     -8.69458e-04     -4.35733e-01           0.00        1759.50          0         76      -1759       -937         38.13      -1338.85         48374      8.11389e-01             38.0          -1348.5            822.0             76.0             90.0 
        26        27     -6.45598e-19      6.01190e-17     -5.59967e-01         427.00        1759.50       -427         76      -1759      -1706       -175.29      -1733.00         24942      9.43382e-16           -175.5          -1733.0             53.0            503.0             90.0 
        26        34     -6.39545e-03      3.41782e-03     -2.05682e+00         427.00        1800.50       -427       -351      -1800      -1706       -389.78      -1754.02          5535      8.29461e-01           -389.0          -1753.5             94.0             76.0             90.0 
        27        28      8.27763e-19      2.98589e-16     -7.63428e-01         427.00         789.50       -427         76       -789       -736       -174.39       -763.09         22413      4.64298e-15           -175.5           -763.0             53.0            503.0             90.0 
        27        33      2.58665e-03     -4.28274e-03     -7.33038e+00         427.00         989.50       -427       -352       -989       -736       -388.70       -875.98         13234      9.05303e-01           -389.5           -863.0            253.0             75.0             90.0 
        27        34     -3.21412e-03      1.14030e-03     -4.12272e+00         427.00        1759.50       -427       -352      -1759       -936       -389.40      -1344.02         49091      7.81369e-01           -389.5          -1348.0            823.0             75.0             90.0 
        28        29      7.70055e-17     -5.72979e-15      6.91162e-01         427.00        -180.50       -427         76        202        210       -171.97        206.28            26      8.97735e-17           -175.5            207.0             53.0            503.0             90.0 
        28        32     -3.34919e-03      8.47898e-04     -4.23427e+00         427.00          19.50       -427       -353        -19        233       -389.48        107.18         14873      7.71919e-01           -390.0            107.0            253.0             74.0             90.0 
        28        33      7.25134e-04     -6.90078e-06     -3.55516e+00         427.00         789.50       -427       -352       -789         33       -388.64       -349.62         43269      8.77364e-01           -389.5           -378.0            823.0             75.0             90.0 
        29        30      4.52316e-19     -4.16550e-16      1.67390e+00         427.00       -1150.50       -427         76       1150       1203       -174.40       1177.04         21881      6.50238e-15           -175.5           1177.0             53.0            503.0             90.0 
        29        31      4.61425e-03      4.15703e-03     -4.58686e+00         427.00        -950.50       -427       -354        950       1203       -391.95       1079.18         12323      1.01903e+00           -390.5           1077.0            253.0             73.0             90.0 
        29        32      2.19256e-03      1.56836e-03     -2.97783e+00         427.00        -180.50       -427       -353        180       1003       -390.69        566.45         44274      9.19458e-01           -390.0            592.0            823.0             74.0             90.0 
        30        31      4.93647e-03      9.95903e-04     -2.68503e+00         427.00       -1150.50       -427       -354       1150       1797       -390.57       1485.83         34435      9.52551e-01           -390.5           1474.0            647.0             73.0             90.0 
        31        32     -9.16490e-19      1.13895e-16      2.17102e-01         857.00        -950.50       -857       -354        950       1003       -605.82        977.05         24455      1.78084e-15           -605.5            977.0             53.0            503.0             90.0 
        31        38      6.65201e-04     -3.30354e-03      4.07791e+00         857.00        -950.50       -857       -782        950       1206       -818.36       1084.24         12634      1.06297e+00           -819.5           1078.5            256.0             75.0             90.0 
        31        39      2.54138e-03     -1.16556e-03      5.57415e+00         857.00       -1152.50       -857       -783       1152       1797       -817.42       1474.67         33205      9.79819e-01           -820.0           1475.0            645.0             74.0             90.0 
        32        33     -3.97683e-10      2.91303e-09     -8.50487e-01         856.00          19.50       -856       -353        -19         33       -604.49          6.98         27124      7.62412e-06           -604.5              7.0             53.0            503.0             90.0 
        32        37     -2.47853e-03     -1.48867e-03     -1.98319e+00         856.00          19.50       -856       -781        -19        236       -817.90        106.13         13660      8.27336e-01           -818.5            108.5            256.0             75.0             90.0 
        32        38     -7.00800e-04     -1.28682e-03      1.08052e+00         857.00        -182.50       -857       -781        182       1003       -818.05        571.21         42837      9.67772e-01           -819.0            593.0            821.1             75.2            -89.9 
        33        34      9.15598e-11     -1.62220e-09      4.02196e-01         855.00         989.50       -855       -352       -989       -936       -603.83       -962.98         27101      7.43609e-06           -603.5           -963.0             53.0            503.0             90.0 
        33        36      3.58742e-04     -1.12000e-03     -4.32887e-01         855.00         989.50       -855       -780       -989       -733       -816.01       -863.38         13973      9.32221e-01           -817.5           -861.5            256.0             75.0             90.0 
        33        37      3.30238e-03      1.94281e-04      3.92952e+00         856.00         787.50       -856       -780       -787         33       -815.98       -360.66         42037      1.00236e+00           -818.0           -377.0            821.0             76.0             90.0 
        34        35      7.03589e-04     -5.47743e-03     -8.78679e+00         855.00        1800.50       -855       -779      -1800      -1704       -817.09      -1752.57          5419      8.66652e-01           -817.0          -1752.5             96.0             76.0             90.0 
        34        36     -5.31382e-03     -9.91313e-04     -5.26444e+00         855.00        1757.50       -855       -779      -1757       -936       -817.03      -1348.20         47296      8.24296e-01           -817.0          -1347.0            821.0             76.0             90.0 
        35        36     -6.77626e-19      6.94052e-16      5.97885e-01        1282.00        1757.50      -1282       -779      -1757      -1704      -1030.34      -1731.03         24434      1.08060e-14          -1030.5          -1731.0             53.0            503.0             90.0 
        35        43      1.42361e-03      2.15178e-03      1.11783e+01        1282.00        1800.50      -1282      -1240      -1800      -1704      -1261.25      -1752.68          3308      8.65237e-01          -1261.0          -1752.5             96.0             42.0             90.0 
        36        37      4.82132e-10      2.96634e-09      1.60029e+00        1283.00         787.50      -1283       -780       -787       -733      -1031.70       -761.02         26865      7.40330e-06          -1031.5           -760.5             54.0            503.0             90.0 
        36        42      8.74926e-03      8.49787e-04      1.62241e+01        1283.00         986.50      -1283      -1241       -986       -734      -1262.29       -860.37          7869      9.29097e-01          -1262.0           -860.5            252.0             42.0             90.0 
        36        43      7.10757e-04      1.04932e-03      7.74347e+00        1283.00        1757.50      -1283      -1240      -1757       -933      -1261.89      -1349.44         26396      8.22176e-01          -1261.5          -1345.5            824.1             42.6             90.1 
        37        38     -1.28579e-10      5.34551e-09      1.69121e+00        1284.00        -182.50      -1284       -781        182        236      -1032.81        209.03         27065      7.37895e-06          -1032.5            209.5             54.0            503.0             90.0 
        37        41      2.32457e-03      1.41422e-03      6.50124e+00        1284.00          16.50      -1284      -1243        -16        235      -1264.12        104.97          7312      9.06541e-01          -1263.5            109.5            252.0             41.0             90.0 
        37        42      2.73212e-03      2.17241e-03      7.99535e+00        1284.00         787.50      -1284      -1242       -787         36      -1262.88       -379.14         25459      8.97857e-01          -1263.0           -375.5            824.0             42.0             90.0 
        38        39      9.44139e-11     -2.20415e-09      2.56656e+00        1286.00       -1152.50      -1286       -783       1152       1206      -1034.78       1179.07         26871      7.35559e-06          -1034.5           1179.5             54.0            503.0             90.0 
        38        40     -1.04199e-03     -4.61562e-05      1.98133e+00        1286.00        -953.50      -1286      -1245        953       1205      -1265.73       1083.15          7174      9.86578e-01          -1265.5           1079.5            252.0             41.0             90.0 
        38        41      6.64340e-03      1.28227e-03      1.02543e+01        1285.00        -182.50      -1285      -1244        182       1006      -1264.50        601.32         24718      8.89537e-01          -1264.5            594.5            824.0             41.0             90.0 
        39        40      1.71191e-03      2.85737e-03     -5.50676e-01        1287.00       -1152.50      -1287      -1246       1152       1797      -1266.28       1476.40         19232      8.65798e-01          -1266.2           1475.0            645.1             40.7             90.1 
        40        41      6.94991e-19     -8.45136e-17      1.90674e-01        1748.00        -952.50      -1748      -1245        952       1006      -1496.48        979.76         22234      1.31993e-15          -1496.5            979.5             54.0            503.0             90.0 
        40        47      2.15435e-03     -2.45435e-04      2.71216e+00        1749.00        -952.50      -1749      -1676        952       1207      -1712.08       1079.61         13993      8.96051e-01          -1712.5           1080.0            255.0             73.0             90.0 
        40        48      5.06722e-04     -8.05814e-04      1.36218e+00        1750.00       -1154.50      -1750      -1676       1154       1797      -1713.97       1469.58         35804      8.57729e-01          -1713.2           1476.0            643.2             73.1             90.1 
        41        42      1.29020e-17      0.00000e+00      1.10851e+00        1746.00          17.50      -1746      -1243        -17         36      -1494.77          9.76         24949      1.88641e-15          -1494.5              9.5             54.0            503.0             90.0 
        41        46      9.61563e-03     -4.57385e-04      1.55299e+01        1747.00          17.50      -1747      -1673        -17        237      -1710.68        111.88         13701      8.78571e-01          -1710.3            110.0            255.4             73.8            -89.7 
        41        47      3.47245e-03     -9.27735e-04      5.55431e+00        1748.00        -184.50      -1748      -1674        184       1005      -1710.68        591.69         43970      9.25130e-01          -1711.3            595.0            821.2             73.6            -89.9 
        42        43      1.14459e-10     -7.43403e-10      1.35261e+00        1745.00         987.50      -1745      -1241       -987       -933      -1492.01       -960.37         26822      6.16391e-06          -1493.0           -960.5             54.0            504.0             90.0 
        42        45      1.42954e-03     -7.94367e-04     -7.73052e-02        1745.00         987.50      -1745      -1671       -987       -732      -1707.50       -857.05         13412      9.00163e-01          -1708.0           -860.0            255.0             74.0             90.0 
        42        46      4.07634e-03     -1.84100e-03      4.61583e+00        1746.00         785.50      -1746      -1671       -785         35      -1708.35       -366.91         45054      8.56533e-01          -1709.1           -375.0            821.2             74.2            -89.9 
        43        44     -4.24560e-03     -3.03786e-03     -1.44641e+01        1743.00        1800.50      -1743      -1669      -1800      -1702      -1705.73      -1752.78          5881      7.75878e-01          -1706.0          -1751.5             98.0             74.0             90.0 
        43        45      3.33401e-03     -9.63913e-04      2.51510e+00        1745.00        1755.50      -1745      -1669      -1755       -934      -1707.28      -1373.84         45327      9.08904e-01          -1706.9          -1345.0            821.2             74.9            -89.9 
        44        45     -1.22517e-09      1.95477e-09      3.14728e-01        1801.00        1755.50      -1801      -1669      -1755      -1702      -1735.00      -1729.00          7182      3.98266e-06          -1735.0          -1729.0             53.0            132.0             90.0 
        45        46     -4.04922e-04     -1.54256e-04     -5.52231e-02        1801.00         785.50      -1745      -1737       -762       -741      -1741.00       -752.00             2      3.99680e-15          -1736.0           -759.0             53.0            130.0             90.0 
        46        47     -1.01915e-16     -3.16045e-17      4.99451e-01        1801.00        -184.50      -1801      -1674        184        237      -1737.53        210.94          5767      3.80371e-15          -1737.5            211.0             53.0            127.0             90.0 
        47        48      6.90757e-10      1.16953e-08      1.06278e+00        1801.00       -1154.50      -1801      -1676       1154       1207      -1738.74       1180.91          6740      7.41670e-06          -1738.5           1181.0             53.0            125.0             90.0 
