100.0 2.24 -0.49999999999999983 0.3187416087616088
99.91 2.238893471389664 -0.499999999999752 0.3155431880519805
99.82 2.2377862459784548 -0.4999999999997624 0.3123487292030328
99.73 2.236678325087786 -0.49999999999976724 0.30916623125846726
99.64 2.2355697105291408 -0.49999999999968014 0.3060037379890871
99.55 2.234460404588741 -0.4999999999996397 0.3028693253860859
99.46 2.233350410011526 -0.49999999999961053 0.29977108830808413
99.37 2.2322397299845482 -0.49999999999962863 0.2967171260932233
99.28 2.2311283681199185 -0.49999999999962674 0.2937155269407807
99.19 2.230016328437393 -0.49999999999962635 0.29077435087292197
99.1 2.228903615346699 -0.49999999999962547 0.28790161109351636
99.01 2.227790233629708 -0.4999999999996253 0.28510525358015426
98.92 2.226676188422519 -0.4999999999996249 0.28239313476958333
98.83 2.225561485197533 -0.49999999999962497 0.2797729972319915
98.74 2.2244461297455844 -0.49999999999962597 0.2772524432739559
98.65 2.2233301281581803 -0.4999999999996293 0.27483890646448866
98.56 2.2222134868099 -0.4999999999996293 0.27253962114272173
98.47 2.221096212340987 -0.4999999999996302 0.2703615900388811
98.38 2.219978311640171 -0.49999999999963063 0.26831155022015846
98.29 2.218859791827727 -0.49999999999963257 0.26639593765856295
98.2 2.2177406602388143 -0.4999999999996344 0.26462085080468645
98.11 2.21662092440707 -0.4999999999996362 0.2629920136368574
98.02 2.2155005920484703 -0.4999999999996375 0.26151473873433834
97.93 2.2143796710454744 -0.499999999999639 0.26019389099197715
97.84 2.213258169431397 -0.4999999999996416 0.259033852646871
97.75 2.212136095375038 -0.4999999999996442 0.2580384903208985
97.66 2.211013457165508 -0.4999999999996473 0.2572111247924575
97.57 2.209890263197249 -0.49999999999964934 0.25655450419342296
97.48 2.2087665219552166 -0.49999999999965183 0.25607078128191324
97.39 2.2076422420001753 -0.4999999999996546 0.2557614953677404
97.3 2.2065174319540954 -0.4999999999996606 0.2556275593676063
97.21 2.2053921004855885 -0.49999999999966627 0.2556692523445088
97.12 2.2042662562953637 -0.4999999999996714 0.2558862177461253
97.03 2.203139908101646 -0.4999999999996739 0.2562774674061407
96.94 2.202013064625538 -0.49999999999967626 0.2568413912185678
96.85 2.200885734576251 -0.49999999999967937 0.2575757722451212
96.76 2.1997579266362055 -0.49999999999968325 0.25847780687743066
96.67 2.1986296494459237 -0.49999999999968703 0.2595441295554328
96.58 2.1975009115887123 -0.49999999999969014 0.26077084144597545
96.49 2.196371721575069 -0.499999999999692 0.2621535424149982
96.4 2.1952420878268004 -0.4999999999996937 0.26368736558427563
96.31 2.194112018660822 -0.4999999999996948 0.26536701374963145
96.22 2.1929815222726057 -0.4999999999996958 0.26718679695004727
96.13 2.191850606719262 -0.49999999999969674 0.26914067051318785
96.04 2.1907192799022472 -0.49999999999969746 0.27122227295857554
95.95 2.18958754954967 -0.4999999999996979 0.2734249632103793
95.86 2.1884554231982167 -0.49999999999969846 0.2757418566527802
95.77 2.187322908174679 -0.4999999999996986 0.27816585964744056
95.68 2.1861900115771062 -0.49999999999969863 0.2806897022205033
95.59 2.1850567402556034 -0.4999999999996986 0.28330596871215036
95.5 2.1839231007927866 -0.4999999999996983 0.28600712626201774
95.41 2.182789099483951 -0.49999999999969785 0.2887855510765697
95.32 2.181654742316978 -0.4999999999996966 0.2916335524883289
95.23 2.180520034952043 -0.49999999999969436 0.29454339487089565
95.14 2.179384982701183 -0.4999999999996918 0.29750731751759985
95.05 2.1782495905077917 -0.4999999999996907 0.3005175526257918
94.96 2.177113862926136 -0.4999999999996898 0.3035663415536003
94.87 2.17597780410096 -0.4999999999996886 0.30664594953239394
94.78 2.1748414177472934 -0.4999999999996857 0.3097486790270246
94.69 2.1737047071305624 -0.49999999999968225 0.3128668819383798
94.6 2.172567675047124 -0.4999999999996788 0.31599297083967903
94.51 2.171430323805335 -0.4999999999996708 0.31911942943050897
94.42 2.1702926552073003 -0.4999999999996595 0.32223882238160484
94.33 2.1691546705314213 -0.49999999999964795 0.3253438047296445
94.24 2.1680163705158946 -0.49999999999963995 0.32842713096576853
94.15 2.1668777553433016 -0.4999999999996352 0.33148166394459244
94.06 2.1657388246264375 -0.4999999999996302 0.3345003837227914
93.97 2.164599577395528 -0.49999999999962574 0.33747639641830185
93.88 2.163460012086985 -0.49999999999959477 0.3404029431631581
93.79 2.1623201265338396 -0.4999999999995546 0.34327340920560273
93.7 2.161179917958012 -0.4999999999995123 0.34608133319946915
93.61 2.160039382964544 -0.4999999999994684 0.3488204167031706
93.52 2.158898517537923 -0.49999999999942246 0.35148453389489553
93.43 2.1577573170406463 -0.4999999999993959 0.35406774149628645
93.34 2.1566157762140983 -0.49999999999938033 0.3565642888835242
93.25 2.15547388918188 -0.4999999999993697 0.35896862835304233
93.16 2.1543316494556515 -0.4999999999993618 0.36127542549787545
93.07 2.153189049943568 -0.4999999999993588 0.3634795696413651
92.98 2.1520460829613675 -0.49999999999935535 0.3655761842667042
92.89 2.1509027402461225 -0.49999999999934713 0.36756063737403916
92.8 2.1497590129727078 -0.49999999999932954 0.3694285516913182
92.71 2.14861489177294 -0.49999999999931 0.371175814661079
92.62 2.147470366757384 -0.49999999999929856 0.3727985881226073
92.53 2.14632542753976 -0.49999999999929307 0.3742933176076445
92.44 2.145180063263903 -0.4999999999992895 0.37565674116788617
92.35 2.144034262633143 -0.4999999999992857 0.3768858976537566
92.26 2.1428880139420143 -0.4999999999992646 0.37797813436658656
92.17 2.141741305110153 -0.49999999999924327 0.3789311140102829
92.08 2.1405941237182025 -0.49999999999922584 0.37974282087316197
91.99 2.139446457045572 -0.499999999999223 0.3804115661771062
91.9 2.1382982921098286 -0.4999999999992196 0.38093599253773885
91.81 2.137149615707523 -0.4999999999992161 0.38131507748745835
91.72 2.1360004144562206 -0.4999999999991981 0.38154813602129356
91.63 2.134850674837483 -0.49999999999917893 0.38163482213506134
91.54 2.1337003832405737 -0.49999999999915856 0.3815751293344168
91.45 2.132549526006608 -0.49999999999915573 0.38136939010369497
91.36 2.1313980894729134 -0.4999999999991521 0.3810182743329772
91.27 2.1302460600173108 -0.49999999999914846 0.3805227867123504
91.18 2.129093424102086 -0.4999999999991353 0.3798842631116133
91.09 2.1279401683173633 -0.49999999999911676 0.3791043659737193
91.0 2.12678627942367 -0.499999999999101 0.3781850787590644
90.91 2.125631744393418 -0.49999999999909583 0.37712869948644673
90.82 2.1244765504510967 -0.499999999999091 0.3759378334243109
90.73 2.1233206851119615 -0.49999999999908695 0.37461538499304553
90.64 2.1221641362190025 -0.49999999999907707 0.3731645489450145
90.55 2.1210068919780434 -0.49999999999906186 0.37158880089439844
90.46000000000001 2.119848940990781 -0.49999999999904743 0.36989188727278977
90.37 2.1186902722856464 -0.49999999999903866 0.3680778147895124
90.28 2.117530875346352 -0.4999999999990353 0.36615083947741095
90.19 2.1163707401380427 -0.4999999999990318 0.36411545540536416
90.1 2.115209857130959 -0.4999999999990239 0.3619763831381856
90.01 2.1140482173215713 -0.49999999999899614 0.3597385580226265
89.92 2.1128858122511494 -0.49999999999896905 0.3574071183752912
89.83 2.1117226340217505 -0.4999999999989444 0.3549873936437163
89.74 2.1105586753096395 -0.4999999999989436 0.35248489260695115
89.65 2.1093939293761785 -0.49999999999894273 0.34990529167498546
89.56 2.1082283900762104 -0.49999999999894107 0.3472544233394542
89.47 2.107062051864016 -0.49999999999893074 0.34453826481889066
89.38 2.1058949097969246 -0.49999999999891526 0.34176292693296073
89.29 2.1047269595366562 -0.4999999999989009 0.33893464322953476
89.2 2.1035581973485065 -0.4999999999988945 0.3360597593777014
89.11 2.102388620098492 -0.4999999999988941 0.3331447228281255
89.02 2.1012182252485663 -0.4999999999988929 0.33019607273010443
88.93 2.100047010850049 -0.49999999999888606 0.3272204300820869
88.84 2.0988749755353857 -0.49999999999885536 0.32422448807963994
88.75 2.0977021185083924 -0.4999999999988246 0.3212150026121754
88.66 2.0965284395331065 -0.4999999999987958 0.31819878284650743
88.57 2.0953539389213973 -0.49999999999877043 0.3151826818235524
88.48 2.0941786175194665 -0.4999999999987501 0.31217358698211756
88.39 2.093002476693366 -0.49999999999873235 0.3091784105129545
88.3 2.0918255183136933 -0.4999999999987165 0.3062040794365373
88.21000000000001 2.090647744739553 -0.4999999999987065 0.30325752528982713
88.12 2.0894691588019345 -0.4999999999986987 0.3003456733011769
88.03 2.088289763786619 -0.499999999998695 0.2974754309290643
87.94 2.087109563416704 -0.49999999999869105 0.2946536756395032
87.85 2.0859285618348804 -0.49999999999868877 0.2918872418001409
87.76 2.0847467635855232 -0.4999999999986874 0.28918290657574147
87.67 2.0835641735966983 -0.49999999999868705 0.2865473747214091
87.58 2.082380797162171 -0.4999999999986877 0.2839872621861707
87.49 2.0811966399234567 -0.49999999999868905 0.2815090784613134
87.4 2.0800117078520097 -0.49999999999869105 0.2791192076350433
87.31 2.078826007231576 -0.49999999999869194 0.276823888147738
87.22 2.07763954464076 -0.49999999999869227 0.27462919128010715
87.13 2.076452326935854 -0.49999999999869327 0.2725409984493016
87.04 2.0752643612339376 -0.49999999999869715 0.27056497743482927
86.95 2.0740756548962858 -0.49999999999870287 0.26870655770564283
86.86 2.0728862155120877 -0.49999999999870903 0.26697090507065213
86.77 2.0716960508824873 -0.49999999999871275 0.2653628959250996
86.68 2.070505169004947 -0.49999999999871436 0.2638870914128199
86.59 2.0693135780579195 -0.4999999999987158 0.26254771186684267
86.5 2.0681212863858307 -0.49999999999872013 0.26134861192583153
86.41 2.0669283024843415 -0.49999999999872613 0.26029325674898096
86.32 2.065734634985882 -0.49999999999873224 0.25938469976517836
86.23 2.064540292645413 -0.4999999999987363 0.25862556239159246
86.14 2.0633452843264033 -0.49999999999873934 0.2580180161413329
86.05 2.062149618986985 -0.4999999999987421 0.257563767508823
85.96000000000001 2.0609533056662412 -0.4999999999987452 0.2572640459754749
85.87 2.059756353470598 -0.4999999999987482 0.2571195954182111
85.78 2.0585587715602767 -0.49999999999875155 0.2571306691314521
85.69 2.057360569135762 -0.4999999999987551 0.257297028592088
85.6 2.0561617554242555 -0.49999999999875866 0.2576179460100846
85.51 2.054962339666048 -0.49999999999876216 0.25809221061844306
85.42 2.053762331100786 -0.4999999999987654 0.25871813856914877
85.33 2.052561738953589 -0.49999999999876815 0.2594935862202499
85.24 2.0513605724209647 -0.49999999999877076 0.26041596652674165
85.15 2.0501588406564872 -0.49999999999877315 0.2614822681872399
85.06 2.0489565527561946 -0.49999999999877986 0.26268907715168405
84.97 2.0477537177436873 -0.4999999999987857 0.2640326000635726
84.88 2.046550344554858 -0.499999999998791 0.2655086891942685
84.79 2.0453464420222685 -0.49999999999879347 0.26711286842557685
84.7 2.0441420188590924 -0.49999999999879396 0.2688403598498606
84.61 2.042937083642661 -0.49999999999879485 0.2706861105817617
84.52 2.04173164479754 -0.49999999999879585 0.272644819410741
84.43 2.0405257105781605 -0.49999999999879663 0.2747109629662721
84.34 2.039319289050984 -0.4999999999987971 0.2768788211153929
84.25 2.0381123880761973 -0.49999999999879724 0.2791425013630421
84.16 2.0369050152889554 -0.4999999999987971 0.281495962076999
84.07 2.0356971780801683 -0.49999999999879674 0.2839330344094144
83.98 2.0344888835768735 -0.4999999999987962 0.2864474428343504
83.89 2.0332801386221986 -0.4999999999987953 0.289032824264186
83.8 2.032070949754974 -0.4999999999987942 0.29168274574643505
83.71000000000001 2.030861323189018 -0.4999999999987934 0.2943907207758608
83.62 2.029651264792172 -0.49999999999879274 0.2971502242845741
83.53 2.028440780065122 -0.49999999999879197 0.2999547063951352
83.44 2.027229874120098 -0.4999999999987842 0.30279760503860315
83.35 2.0260185516595253 -0.4999999999987742 0.3056723575515515
83.26 2.024806816954707 -0.4999999999987634 0.3085724113734324
83.17 2.0235946738246593 -0.4999999999987517 0.3114912339692863
83.08 2.0223821256151733 -0.49999999999873956 0.31442232210269033
82.99000000000001 2.021169175178247 -0.49999999999872635 0.3173592105808714
82.9 2.019955824851988 -0.49999999999871214 0.320295480588492
82.81 2.0187420764411343 -0.4999999999986967 0.323224767719195
82.72 2.017527931198306 -0.49999999999868017 0.32614076980505763
82.63 2.0163133898061503 -0.49999999999866307 0.3290372546339659
82.53999999999999 2.0150984523605047 -0.4999999999986603 0.3319080676340239
82.45 2.013883118354743 -0.4999999999986554 0.33474713959247954
82.36 2.01266738666544 -0.4999999999986503 0.33754849446529817
82.27 2.011451255539513 -0.4999999999986407 0.34030625732113656
82.18 2.0102347225829846 -0.49999999999863115 0.3430146624522529
82.09 2.0090177847515194 -0.4999999999986217 0.3456680616731328
82.0 2.007800438342871 -0.4999999999986117 0.3482609328167176
81.91 2.00658267899138 -0.49999999999860123 0.3507878884274932
81.82 2.0053645016646526 -0.499999999998591 0.35324368464068484
81.73 2.0041459006625453 -0.49999999999858147 0.3556232302275136
81.64 2.0029268696185443 -0.49999999999857636 0.357921595777846
81.55 2.001707401503671 -0.4999999999985714 0.36013402298371006
81.46000000000001 2.000487488632967 -0.4999999999985657 0.3622559339802209
81.37 1.999267122674641 -0.4999999999985563 0.36428294069421835
81.28 1.9980462946619193 -0.4999999999985413 0.3662108541457687
81.19 1.9968249950076402 -0.4999999999985256 0.36803569364335015
81.1 1.9956032135215909 -0.49999999999851696 0.3697536958101729
81.01 1.994380939430598 -0.49999999999851114 0.3713613233767394
80.92 1.9931581614013134 -0.4999999999985069 0.37285527367339055
80.83 1.9919348675656783 -0.4999999999985027 0.3742324867560573
80.74000000000001 1.990711045548954 -0.49999999999848793 0.37549015309904366
80.65 1.9894866825002564 -0.4999999999984704 0.3766257207902147
80.56 1.9882617651254533 -0.499999999998454 0.3776369021661741
80.47 1.9870362797223031 -0.4999999999984473 0.3785216798285475
80.38 1.9858102122176642 -0.499999999998443 0.37927831198638656
80.28999999999999 1.9845835482066014 -0.49999999999843864 0.37990533707477714
80.2 1.9833562729932002 -0.49999999999843114 0.3804015776051105
80.11 1.9821283716328661 -0.49999999999841477 0.3807661432088007
80.02 1.9808998289759003 -0.49999999999839917 0.38099843284293444
79.93 1.9796706297121045 -0.4999999999983853 0.38109813613337995
79.84 1.978440758416167 -0.4999999999983804 0.38106523383856467
79.75 1.977210199593591 -0.4999999999983757 0.380899997424625
79.66 1.9759789377268964 -0.49999999999837136 0.38060298775067897
79.57 1.9747469573218326 -0.49999999999836026 0.3801750528705785
79.48 1.9735142429533679 -0.49999999999834616 0.37961732496544376
79.39 1.9722807793111654 -0.4999999999983323 0.3789312164286285
79.3 1.9710465512443247 -0.49999999999832234 0.3781184151321057
79.21000000000001 1.9698115438051416 -0.4999999999983185 0.3771808789099892
79.12 1.9685757422916417 -0.4999999999983136 0.37612082930121
79.03 1.967339132288693 -0.4999999999983088 0.3749407445991183
78.94 1.966101699707476 -0.49999999999829275 0.3736433522606907
78.85 1.964863430823132 -0.49999999999827827 0.3722316207325496
78.76 1.9636243123104258 -0.49999999999826383 0.3707087507542345
78.67 1.9623843312772615 -0.4999999999982581 0.369078166202233
78.58 1.961143475295934 -0.4999999999982534 0.36734350453980225
78.49000000000001 1.9599017324319983 -0.4999999999982491 0.36550860693889126
78.4 1.9586590912706714 -0.49999999999824163 0.36357750814032663
78.31 1.9574155409407028 -0.49999999999817923 0.3615544261177826
78.22 1.9561710711356644 -0.49999999999811684 0.35944375160972397
78.13 1.9549256721326373 -0.499999999998062 0.3572500375800492
78.03999999999999 1.953679334808285 -0.4999999999980044 0.35497798866623004
77.95 1.9524320506523403 -0.4999999999979545 0.3526324506687806
77.86 1.951183811778519 -0.49999999999791567 0.3502184001312501
77.77 1.9499346109329327 -0.4999999999979109 0.34774093405474715
77.68 1.948684441500044 -0.4999999999979057 0.34520525978453664
77.59 1.9474332975062572 -0.4999999999978987 0.3426166851002414
77.5 1.9461811736212418 -0.4999999999978858 0.33998060853326995
77.41 1.944928065157073 -0.4999999999978755 0.3373025099282018
77.32 1.9436739680653194 -0.49999999999786543 0.33458794125665897
77.23 1.9424188789321983 -0.4999999999978568 0.3318425176842661
77.14 1.9411627949719148 -0.4999999999978355 0.32907190888281046
77.05 1.939905714018329 -0.4999999999978121 0.3262818305715807
76.96000000000001 1.938647634515083 -0.49999999999778943 0.3234780362631907
76.87 1.9373885555043229 -0.49999999999777 0.32066630918136385
76.78 1.9361284766141624 -0.4999999999977731 0.31785245431000575
76.69 1.934867398045008 -0.4999999999977701 0.3150422905252927
76.6 1.9336053205549013 -0.4999999999977687 0.31224164275601396
76.51 1.9323422454440027 -0.4999999999977677 0.30945633411039436
76.42 1.9310781745383336 -0.4999999999977619 0.3066921779030073
76.33 1.929813110172921 -0.499999999997757 0.3039549695108248
76.24000000000001 1.9285470551744412 -0.49999999999775285 0.3012504779845404
76.15 1.9272800128434913 -0.49999999999775124 0.29858443734010737
76.06 1.9260119869365782 -0.4999999999977526 0.29596253745571066
75.97 1.9247429816479318 -0.49999999999775246 0.2933904145018631
75.88 1.9234730015912282 -0.4999999999977526 0.2908736408369863
75.78999999999999 1.9222020517813019 -0.49999999999775313 0.28841771430780405
75.7 1.9209301376159265 -0.4999999999977539 0.28602804690363093
75.61 1.919657264857721 -0.4999999999977548 0.28370995272592625
75.52 1.9183834396162491 -0.49999999999775613 0.28146863524958826
75.43 1.9171086683303524 -0.49999999999775735 0.2793091738702784
75.34 1.9158329577507638 -0.49999999999776046 0.2772365097524364
75.25 1.914556314923031 -0.499999999997766 0.2752554310153211
75.16 1.9132787471707822 -0.4999999999977714 0.27337055731900145
75.07 1.9120002620793544 -0.4999999999977772 0.27158632393821436
74.98 1.910720867479785 -0.49999999999778066 0.26990696543855647
74.89 1.909440571433185 -0.4999999999977832 0.2683364990961063
74.8 1.9081593822154925 -0.4999999999977859 0.2668787082268805
74.71000000000001 1.9068773083025963 -0.4999999999977909 0.2655371256159512
74.62 1.9055943583558184 -0.49999999999779776 0.26431501725614825
74.53 1.904310541207749 -0.4999999999978051 0.26321536662219597
74.44 1.90302586584839 -0.4999999999978123 0.2622408597167486
74.35 1.901740341411618 -0.49999999999781536 0.26139387112926565
74.26 1.9004539771619011 -0.499999999997819 0.2606764513463678
74.17 1.8991667824812564 -0.49999999999782235 0.260090315542565
74.08 1.8978787668564168 -0.4999999999978325 0.25963683406339966
73.99000000000001 1.8965899398661576 -0.49999999999784683 0.2593170247885968
73.9 1.8953003111687434 -0.4999999999978624 0.259131547532158
73.81 1.8940098904894616 -0.49999999999787514 0.2590807005995487
73.72 1.892718687608191 -0.499999999997882 0.2591644195810572
73.63 1.8914267123469664 -0.49999999999788447 0.2593822784161848
73.54 1.8901339745574837 -0.4999999999978885 0.25973349271824864
73.45 1.888840484108518 -0.4999999999978923 0.26021692530302515
73.36 1.8875462508731817 -0.4999999999978958 0.26083109382196673
73.27 1.8862512847160096 -0.4999999999978993 0.2615741803605936
73.18 1.884955595479793 -0.4999999999979024 0.26244404282794276
73.09 1.8836591929721493 -0.49999999999790606 0.2634382279342008
73.0 1.8823620869517612 -0.4999999999979094 0.26455398553179615
72.91 1.8810642871142653 -0.49999999999791234 0.2657882840807732
72.82 1.8797658030777329 -0.49999999999791445 0.2671378269921565
72.73 1.8784666443677311 -0.4999999999979158 0.26859906960320645
72.64 1.8771668204019154 -0.4999999999979171 0.2701682365452411
72.55 1.8758663404741267 -0.4999999999979188 0.2718413392774369
72.46000000000001 1.8745652137379871 -0.4999999999979216 0.2736141935777191
72.37 1.8732634491899516 -0.49999999999792366 0.27548243680344553
72.28 1.8719610556518276 -0.4999999999979252 0.2774415447590692
72.19 1.870658041752721 -0.49999999999792555 0.27948684803412716
72.1 1.8693544159104452 -0.49999999999792494 0.2816135477019024
72.01 1.868050186312368 -0.4999999999979251 0.2838167302958774
71.92 1.8667453608957174 -0.4999999999979243 0.28609138200695305
71.83 1.865439947327364 -0.4999999999979226 0.2884324020687222
71.74000000000001 1.8641339529831054 -0.4999999999979207 0.2908346153202317
71.65 1.8628273849264834 -0.4999999999979181 0.2932927839554901
71.56 1.861520249887178 -0.49999999999791767 0.2958016184861431
71.47 1.8602125542390215 -0.49999999999791683 0.2983557879580903
71.38 1.8589043039776987 -0.499999999997916 0.3009499294745991
71.29 1.857595504698198 -0.49999999999790967 0.30357865708738274
71.2 1.8562861615720767 -0.4999999999979029 0.3062365701237589
71.11 1.85497627932464 -0.4999999999978956 0.308918261022038
71.02 1.8536658622121205 -0.49999999999788747 0.3116183227495584
70.93 1.8523549139989597 -0.4999999999978793 0.3143313558778893
70.84 1.8510434379352898 -0.49999999999787126 0.31705197538833585
70.75 1.849731436734754 -0.49999999999786304 0.3197748172780687
70.66 1.848418912552771 -0.4999999999978546 0.32249454503320507
70.57 1.8471058669653844 -0.49999999999785255 0.3252058560301984
70.48 1.8457923009488324 -0.49999999999784966 0.32790348792109353
70.39 1.8444782148599712 -0.49999999999784656 0.3305822250520357
70.3 1.8431636084177183 -0.49999999999784356 0.33323690495737746
70.21000000000001 1.8418484806856503 -0.4999999999978254 0.33586242496482094
70.12 1.8405328300559054 -0.49999999999780775 0.3384537489397979
70.03 1.8392166542345583 -0.4999999999977891 0.34100591418960363
69.94 1.8378999502286062 -0.4999999999977689 0.34351403854097035
69.85 1.836582714334727 -0.49999999999774747 0.34597332759714544
69.76 1.8352649421299436 -0.49999999999773737 0.3483790821737026
69.67 1.8339466284643546 -0.4999999999977318 0.3507267059053946
69.58 1.83262776745605 -0.49999999999772987 0.35301171301007833
69.49000000000001 1.8313083524883522 -0.4999999999977245 0.35522973618939635
69.4 1.8299883762094886 -0.4999999999977135 0.3573765346403775
69.31 1.828667830534813 -0.49999999999770217 0.35944800214676986
69.22 1.8273467066516569 -0.4999999999976905 0.3614401752142248
69.13 1.8260249950269012 -0.49999999999767886 0.36334924120928186
69.04 1.8247026854173165 -0.4999999999976676 0.3651715464584245
68.95 1.8233797668827312 -0.49999999999765754 0.3669036042604765
68.86 1.8220562278020411 -0.4999999999976472 0.3685421027631994
68.77 1.8207320558920723 -0.4999999999976373 0.3700839126532153
68.68 1.8194072382292874 -0.49999999999763056 0.37152609460726593
68.59 1.8180817612742903 -0.4999999999976231 0.37286590645238216
68.5 1.816755610899084 -0.49999999999761546 0.37410080998284256
68.41 1.815428772416998 -0.49999999999760786 0.37522847738261295
68.32 1.8141012306151798 -0.49999999999759576 0.3762467972035917
68.23 1.8127729697895507 -0.49999999999758454 0.3771538798521717
68.14 1.8114439737820622 -0.4999999999975733 0.3779480625393495
68.05 1.8101142260201077 -0.4999999999975652 0.3786279136531008
67.96000000000001 1.8087837095579038 -0.49999999999755823 0.3791922365155165
67.87 1.8074524071196525 -0.4999999999975512 0.37964007249165393
67.78 1.8061203011442712 -0.4999999999975449 0.37997070342179196
67.69 1.8047873738314573 -0.49999999999753464 0.38018365335394716
67.6 1.8034536071888718 -0.499999999997523 0.3802786895589996
67.50999999999999 1.802118983080175 -0.49999999999751177 0.3802558228163589
67.42 1.8007834832736793 -0.4999999999975026 0.3801153069640106
67.33 1.7994470894913497 -0.4999999999974958 0.37985763771262765
67.24000000000001 1.7981097834579034 -0.4999999999974894 0.3794835507293395
67.15 1.7967715469497398 -0.49999999999748296 0.37899401900255947
67.06 1.7954323618434551 -0.49999999999746386 0.37839024950490696
66.97 1.794092210163679 -0.4999999999974304 0.37767367917677397
66.88 1.7927510741299988 -0.49999999999739586 0.3768459702580939
66.78999999999999 1.7914089362027323 -0.49999999999736705 0.37590900500070856
66.7 1.7900657791273253 -0.499999999997366 0.3748648797981791
66.61 1.7887215859771686 -0.49999999999735917 0.37371589877353817
66.52000000000001 1.787376340194637 -0.4999999999973561 0.37246456686934737
66.43 1.7860300256301744 -0.4999999999973531 0.37111358248653775
66.34 1.7846826265792664 -0.4999999999973397 0.36966582972144996
66.25 1.783334127817156 -0.4999999999973279 0.36812437025181716
66.16 1.7819845146311857 -0.49999999999731615 0.3664924349234529
66.07 1.7806337728506672 -0.49999999999731026 0.36477341509008426
65.98 1.7792818888741864 -0.4999999999973077 0.36297085375835314
65.89 1.777928849694304 -0.49999999999730427 0.3610884365894263
65.80000000000001 1.7765746429195939 -0.49999999999730127 0.35912998280720554
65.71000000000001 1.7752192567940117 -0.4999999999972725 0.35709943606119754
65.62 1.7738626802135842 -0.4999999999972321 0.35500085528991815
65.53 1.7725049027404496 -0.49999999999718864 0.3528384056273073
65.44 1.7711459146142712 -0.4999999999971533 0.35061634939176023
65.35 1.7697857067610885 -0.49999999999713923 0.34833903719329234
65.25999999999999 1.7684242707996614 -0.49999999999714206 0.3460108991902642
65.17 1.7670615990454 -0.49999999999714306 0.34363643652270287
65.08 1.7656976845119623 -0.4999999999971416 0.3412202129444546
64.99000000000001 1.7643325209106329 -0.4999999999971334 0.33876684667137896
64.9 1.762966102647586 -0.4999999999971239 0.3362810024578599
64.81 1.7615984248191647 -0.4999999999971152 0.33376738390855565
64.72 1.7602294832052985 -0.4999999999971112 0.33123072602715325
64.63 1.7588592742611835 -0.4999999999971085 0.3286757879985789
64.53999999999999 1.7574877951073784 -0.49999999999710865 0.3261073461960149
64.45 1.7561150435184387 -0.4999999999971073 0.3235301873989497
64.36 1.7547410179102325 -0.4999999999971062 0.320949102203772
64.27000000000001 1.7533657173260764 -0.49999999999709566 0.3183688786037437
64.18 1.7519891414218276 -0.49999999999708766 0.3157942957111035
64.09 1.7506112904500661 -0.49999999999708133 0.3132301175900472
64.0 1.7492321652434928 -0.49999999999707667 0.31068108716627557
63.910000000000004 1.7478517671976745 -0.4999999999970792 0.3081519201758641
63.82 1.746470098253255 -0.4999999999970762 0.30564729911417254
63.730000000000004 1.7450871608777438 -0.4999999999970782 0.30317186714432076
63.64 1.7437029580469932 -0.49999999999707834 0.3007302219239117
63.550000000000004 1.742317493226466 -0.49999999999707945 0.2983269093095022
63.46 1.7409307703523866 -0.49999999999708106 0.29596641689932923
63.370000000000005 1.739542793812862 -0.4999999999970831 0.2936531673774783
63.28 1.7381535684290574 -0.49999999999708644 0.2913915116261124
63.190000000000005 1.736763099436491 -0.49999999999708966 0.289185721577136
63.1 1.7353713924665173 -0.499999999997094 0.28703998278058
63.01 1.7339784535280551 -0.49999999999709976 0.2849583866740065
62.92 1.7325842889896068 -0.49999999999711137 0.28294492254551384
62.83 1.7311889055616154 -0.49999999999712214 0.2810034691921142
62.74 1.7297923102791901 -0.4999999999971355 0.2791377862856565
62.65 1.7283945104852276 -0.49999999999714734 0.2773515054692469
62.56 1.726995513813953 -0.4999999999971523 0.27564812121899684
62.47 1.7255953281748937 -0.49999999999715783 0.2740309815177443
62.38 1.7241939617372912 -0.49999999999716394 0.2725032783993444
62.29 1.7227914229149577 -0.4999999999971724 0.2710680384340102
62.2 1.721387720351572 -0.49999999999719147 0.26972811323603485
62.11 1.7199828629064051 -0.49999999999720746 0.268486170085209
62.02 1.718576859640464 -0.49999999999722555 0.26734468276198403
61.93 1.7171697198030322 -0.499999999997244 0.26630592270267617
61.84 1.71576145281859 -0.49999999999725037 0.26537195058585744
61.75 1.7143520682740832 -0.4999999999972581 0.26454460846292005
61.660000000000004 1.7129415759065127 -0.4999999999972655 0.2638255125447384
61.57 1.7115299855908106 -0.4999999999972727 0.2632160467530923
61.480000000000004 1.7101173073279716 -0.4999999999972832 0.2627173571384773
61.39 1.7087035512333895 -0.4999999999972927 0.26233034725645316
61.300000000000004 1.7072887275253712 -0.4999999999973018 0.26205567458243284
61.21 1.7058728465137818 -0.4999999999973104 0.2618937480298875
61.120000000000005 1.704455918588763 -0.4999999999973156 0.26184472662022695
61.03 1.7030379542095027 -0.49999999999732037 0.2619085193341834
60.940000000000005 1.7016189638929873 -0.4999999999973257 0.2620847861550464
60.85 1.7001989582027 -0.49999999999733047 0.2623729402943789
60.76 1.6987779477372136 -0.49999999999733574 0.2627721515711825
60.67 1.6973559431186296 -0.49999999999734085 0.2632813508967218
60.58 1.69593295498082 -0.49999999999734507 0.2638992357999065
60.49 1.694508993957413 -0.4999999999973497 0.2646242769126937
60.4 1.693084070669486 -0.4999999999973533 0.2654547253219002
60.31 1.6916581957129202 -0.4999999999973568 0.26638862068347097
60.22 1.6902313796453603 -0.4999999999973601 0.26742379998769683
60.13 1.6888036329727527 -0.49999999999736233 0.26855790685937997
60.04 1.6873749661354105 -0.4999999999973645 0.26978840127536285
59.95 1.685945389493572 -0.49999999999736616 0.27111256958306007
59.86 1.6845149133124167 -0.49999999999736744 0.2725275347075194
59.77 1.6830835477465036 -0.4999999999973682 0.2740302664406686
59.68 1.6816513028236144 -0.49999999999736855 0.2756175917145408
59.59 1.6802181884279592 -0.49999999999736877 0.2772862047699815
59.5 1.6787842142827423 -0.49999999999736877 0.27903267714320573
59.410000000000004 1.6773493899320642 -0.49999999999736855 0.28085346740426326
59.32 1.6759137247221465 -0.49999999999736733 0.2827449305935282
59.230000000000004 1.67447722778189 -0.4999999999973662 0.28470332731446546
59.14 1.6730399080027445 -0.4999999999973652 0.2867248324527847
59.050000000000004 1.6716017740179225 -0.49999999999736466 0.2888055435034635
58.96 1.670162834180954 -0.49999999999736366 0.2909414884977089
58.870000000000005 1.6687230965436113 -0.4999999999973629 0.2931286335316481
58.78 1.6672825688332327 -0.4999999999973597 0.29536288990717424
58.690000000000005 1.6658412584294817 -0.4999999999973566 0.2976401209029918
58.6 1.664399172340581 -0.4999999999973529 0.29995614820021405
58.51 1.6629563171790869 -0.49999999999735073 0.30230675799222795
58.42 1.6615126991372515 -0.49999999999734934 0.3046877068125432
58.33 1.6600683239620497 -0.49999999999734834 0.307094727117456
58.24 1.6586231969299539 -0.499999999997347 0.30952353266226096
58.15 1.6571773228215305 -0.4999999999973447 0.3119698237108355
58.06 1.6557307058959676 -0.4999999999973421 0.3144292921185222
57.97 1.6542833498656344 -0.4999999999973396 0.3168976263276255
57.88 1.6528352578707746 -0.4999999999973376 0.3193705163134809
57.79 1.651386432454471 -0.49999999999733546 0.321843658517075
57.7 1.649936875537994 -0.49999999999733336 0.324312760797731
57.61 1.648486588396678 -0.49999999999733136 0.32677354743637443
57.52 1.6470355716364649 -0.49999999999731837 0.32922176421658406
57.43 1.645583825171252 -0.4999999999972987 0.331653183607051
57.34 1.6441313482012134 -0.4999999999972775 0.3340636100650199
57.25 1.6426781391922296 -0.4999999999972561 0.33644888547638757
57.160000000000004 1.641224195856597 -0.49999999999723443 0.33880489474387865
57.07 1.6397695151351752 -0.49999999999721134 0.3411275715304378
56.980000000000004 1.6383140931811204 -0.4999999999971977 0.3434129041607173
56.89 1.636857925345375 -0.4999999999971928 0.3456569416791889
56.800000000000004 1.6354010061640691 -0.4999999999971908 0.3478558000593523
56.71 1.6339433293479724 -0.49999999999718825 0.3500056685542861
56.620000000000005 1.6324848877741631 -0.4999999999971747 0.35210281617483213
56.53 1.6310256734800355 -0.49999999999716255 0.35414359827802794
56.440000000000005 1.629565677659788 -0.49999999999714995 0.35612446324460817
56.35 1.6281048906635096 -0.4999999999971362 0.35804195922137577
56.260000000000005 1.626643301998972 -0.499999999997129 0.35989274090093887
56.17 1.6251809003362225 -0.49999999999712424 0.3616735763086385
56.08 1.6237176735150698 -0.499999999997122 0.3633813535641679
55.99 1.6222536085555086 -0.499999999997118 0.3650130875831704
55.9 1.620788691671151 -0.4999999999971052 0.36656592668254606
55.81 1.6193229082856815 -0.499999999997092 0.3680371590518675
55.72 1.617856243052349 -0.4999999999970796 0.36942421905235895
55.63 1.6163886798764937 -0.499999999997068 0.3707246933045896
55.54 1.6149202019410644 -0.4999999999970558 0.37193632652588743
55.45 1.6134507917350907 -0.49999999999704436 0.37305702707893734
55.36 1.6119804310850243 -0.4999999999970337 0.3740848721938489
55.27 1.6105091011888653 -0.4999999999970243 0.3750181128272682
55.18 1.6090367826529541 -0.4999999999970152 0.3758551781237669
55.09 1.6075634555312917 -0.49999999999700734 0.3765946794468232
55.0 1.6060890993672445 -0.49999999999699996 0.3772354139491512
54.910000000000004 1.6046136932374457 -0.4999999999969925 0.37777636765494804
54.82 1.6031372157977177 -0.4999999999969854 0.3782167180297242
54.730000000000004 1.601659645330794 -0.4999999999969653 0.3785558360167764
54.64 1.6001809597956402 -0.49999999999693245 0.3787932875230726
54.550000000000004 1.5987011368781148 -0.49999999999689493 0.3789288343410258
54.46 1.5972201540427524 -0.4999999999968644 0.3789624344967383
54.370000000000005 1.5957379885853988 -0.49999999999685035 0.37889424201937677
54.28 1.5942546176864534 -0.49999999999683853 0.3787246061304797
54.190000000000005 1.5927700184644402 -0.4999999999968374 0.3784540698562893
54.1 1.5912841680296639 -0.49999999999683353 0.3780833680700733
54.010000000000005 1.5897970435376716 -0.4999999999968292 0.3776134249758113
53.92 1.5883086222422687 -0.499999999996817 0.377045351048189
53.83 1.5868188815478321 -0.4999999999968054 0.37638043944786753
53.74 1.585327799060673 -0.4999999999967954 0.37562016193427034
53.65 1.5838353526392097 -0.49999999999678907 0.37476616430158677
53.56 1.582341520442731 -0.49999999999678413 0.3738202613665112
53.47 1.5808462809785269 -0.4999999999967803 0.37278443153894497
53.38 1.5793496131471947 -0.4999999999967763 0.3716608110091315
53.29 1.577851496285939 -0.4999999999967718 0.3704516875866343
53.2 1.5763519102096955 -0.4999999999967567 0.36915949422807004
53.11 1.574850835249936 -0.4999999999967836 0.3677868022917517
53.02 1.5733482522910283 -0.49999999999679484 0.3663363145576778
52.93 1.571844142804036 -0.49999999999680045 0.36481085805262126
52.84 1.5703384888778829 -0.49999999999680506 0.3632133767187202
52.75 1.5688312732477974 -0.49999999999680556 0.3615469239644985
52.660000000000004 1.567322479321007 -0.4999999999968044 0.35981465513604827
52.57 1.5658120911996394 -0.49999999999680356 0.3580198199449081
52.480000000000004 1.564300093700829 -0.4999999999968025 0.3561657548877626
52.39 1.5627864723740363 -0.4999999999968018 0.35425587569122824
52.300000000000004 1.5612712135156055 -0.4999999999968011 0.35229366981289795
52.21 1.559754304180603 -0.49999999999680045 0.35028268902748155
52.120000000000005 1.558235732191995 -0.4999999999968 0.3482265421243245
52.03 1.5567154861472392 -0.49999999999679956 0.3461288877398295
51.940000000000005 1.5551935554223721 -0.4999999999967992 0.3439934273454214
51.85 1.5536699301736898 -0.4999999999967989 0.3418238984086774
51.760000000000005 1.5521446013371325 -0.49999999999679867 0.3396240677421467
51.67 1.5506175606254824 -0.49999999999679856 0.3373977250512408
51.58 1.5490888005235042 -0.49999999999679856 0.33514867668941795
51.49 1.5475583142811518 -0.49999999999679845 0.33288073962573894
51.4 1.5460260959049794 -0.49999999999679834 0.330597735626784
51.31 1.5444921401478913 -0.49999999999679856 0.3283034856519268
51.22 1.5429564424973645 -0.4999999999967857 0.326001804458033
51.13 1.5414189991622997 -0.4999999999967404 0.32369649540699497
51.04 1.5398798070586186 -0.49999999999669575 0.3213913454669297
50.95 1.5383388637937592 -0.49999999999664657 0.3190901203952184
50.86 1.5367961676502053 -0.49999999999663436 0.3167965600901152
50.77 1.5352517175681728 -0.49999999999667144 0.3145143740949507
50.68 1.5337055131275918 -0.49999999999667505 0.3122472372380218
50.59 1.532157554529499 -0.4999999999966782 0.30999878539015807
50.5 1.5306078425769667 -0.49999999999669076 0.30777261131985584
50.410000000000004 1.5290563786556781 -0.4999999999967047 0.30557226062677556
50.32 1.5275031647142479 -0.49999999999671946 0.30340122773345585
50.230000000000004 1.5259482032444063 -0.4999999999967349 0.3012629519153756
50.14 1.5243914972611132 -0.4999999999967505 0.2991608133502887
50.050000000000004 1.522833050282716 -0.4999999999967658 0.2970981291687628
49.96 1.5212728663112103 -0.4999999999967816 0.2950781494893404
49.870000000000005 1.5197109498126766 -0.49999999999679773 0.29310405342368395
49.78 1.5181473056979715 -0.4999999999968144 0.291178945039406
49.690000000000005 1.516581939303713 -0.4999999999968315 0.28930584927102726
49.6 1.5150148563736185 -0.4999999999968483 0.2874877077726335
49.510000000000005 1.5134460630402364 -0.499999999996864 0.28572737470927817
49.42 1.511875565807111 -0.49999999999687883 0.2840276124879259
49.330000000000005 1.5103033715314007 -0.4999999999968939 0.2823910874327616
49.24 1.508729487406982 -0.49999999999690936 0.2808203654138409
49.15 1.5071539209480525 -0.49999999999692474 0.2793179074423718
49.06 1.5055766799732415 -0.49999999999693956 0.27788606525017007
48.97 1.5039977725902358 -0.4999999999969526 0.2765270768750442
48.88 1.5024172071809192 -0.4999999999969694 0.2752430622778723
48.79 1.500834992387024 -0.49999999999696665 0.27403601902076913
48.7 1.499251137096281 -0.4999999999969588 0.27290781803931113
48.61 1.4976656504290473 -0.49999999999695827 0.2718601995440707
48.52 1.496078541725411 -0.4999999999969582 0.270894769089362
48.43 1.4944898205327286 -0.49999999999695816 0.270012993848429
48.34 1.4928994965935847 -0.49999999999695816 0.269216199134837
48.25 1.491307579834137 -0.49999999999695777 0.2685055652098494
48.160000000000004 1.489714080352815 -0.49999999999695777 0.26788212441447545
48.07 1.4881190084093334 -0.49999999999695777 0.26734675866295016
47.980000000000004 1.486522374413994 -0.4999999999969573 0.2669001973316235
47.89 1.4849241889172142 -0.4999999999969568 0.2665430155735741
47.800000000000004 1.4833244625992623 -0.49999999999695616 0.2662756330848583
47.71 1.4817232062601382 -0.49999999999695544 0.2660983133432087
47.620000000000005 1.48012043080956 -0.4999999999969549 0.26601116333433533
47.53 1.4785161472570139 -0.4999999999969544 0.2660141337749005
47.440000000000005 1.4769103667018006 -0.4999999999969541 0.266107019834875
47.35 1.475303100323053 -0.4999999999969536 0.2662894623555085
47.260000000000005 1.473694359369655 -0.49999999999695294 0.26656094955272736
47.17 1.472084155150019 -0.4999999999969524 0.2669208191895643
47.080000000000005 1.4704724990216707 -0.49999999999695177 0.26736826119539414
46.99 1.4688594023805877 -0.49999999999695105 0.26790232070443315
46.9 1.4672448766502397 -0.49999999999695055 0.2685219014812807
46.81 1.4656289332702888 -0.4999999999969499 0.2692257696973479
46.72 1.4640115836848813 -0.4999999999969491 0.27001255801890495
46.63 1.4623928393305066 -0.49999999999694833 0.270880769965228
46.54 1.4607727116233538 -0.49999999999694755 0.27182878449397113
46.45 1.459151211946131 -0.4999999999969467 0.27285486077042626
46.36 1.4575283516343036 -0.4999999999969459 0.27395714307771246
46.27 1.455904141961702 -0.4999999999969451 0.2751336658261383
46.18 1.4542785941254686 -0.49999999999694433 0.2763823586219064
46.09 1.4526517192302932 -0.49999999999694356 0.2777010513579037
46.0 1.4510235282719228 -0.49999999999694156 0.2790874792924495
45.910000000000004 1.449394032119896 -0.499999999996939 0.28053928808545225
45.82 1.447763241499483 -0.4999999999969367 0.2820540387653206
45.730000000000004 1.446131166972813 -0.4999999999969343 0.2836292126041291
45.64 1.4444978189191642 -0.49999999999693207 0.2852622158828099
45.550000000000004 1.4428632075144026 -0.4999999999969299 0.28695038453241994
45.46 1.4412273427095732 -0.4999999999969278 0.2886909886417911
45.370000000000005 1.4395902342086195 -0.4999999999969257 0.29048123682594973
45.28 1.4379518914452614 -0.4999999999969232 0.2923182804535964
45.190000000000005 1.4363123235590214 -0.499999999996918 0.29419921773554797
45.1 1.4346715393704208 -0.4999999999969127 0.2961210976793795
45.010000000000005 1.4330295473553805 -0.49999999999690753 0.2980809239184259
44.92 1.4313863556188422 -0.4999999999969028 0.3000756584259644
44.830000000000005 1.4297419718676603 -0.4999999999968986 0.3021022251275664
44.74 1.4280964033828067 -0.4999999999968946 0.3041575134264447
44.65 1.426449656990946 -0.4999999999968907 0.30623838165805817
44.56 1.424801739035446 -0.4999999999968869 0.3083416604912738
44.47 1.4231526553468918 -0.49999999999688316 0.3104641562940684
44.38 1.4215024112131915 -0.4999999999968727 0.3126026544820635
44.29 1.4198510113493577 -0.4999999999968633 0.3147539228682167
44.2 1.4181984598670636 -0.49999999999685374 0.3169147150315347
44.11 1.4165447602440933 -0.4999999999968443 0.3190817737222257
44.02 1.4148899152937808 -0.4999999999968373 0.3212518343196664
43.93 1.413233927134582 -0.49999999999683076 0.32342162835849203
43.84 1.4115767971599007 -0.4999999999968233 0.3255878871367559
43.75 1.409918526008312 -0.4999999999968162 0.32774734541852957
43.660000000000004 1.4082591135343305 -0.4999999999968134 0.3298967452416099
43.57 1.4065985587798693 -0.4999999999968122 0.3320328398391129
43.480000000000004 1.4049368599465604 -0.4999999999968109 0.33415239768178473
43.39 1.403274014369086 -0.49999999999680966 0.33625220664571326
43.300000000000004 1.401610018489701 -0.4999999999968079 0.33832907830797443
43.21 1.3999448678340984 -0.4999999999968058 0.340379852370538
43.120000000000005 1.398278556988815 -0.4999999999968059 0.34240140121047574
43.03 1.3966110795803197 -0.49999999999680433 0.34439063455223734
42.940000000000005 1.3949424282559784 -0.49999999999680367 0.34634450425555163
42.85 1.3932725946670526 -0.4999999999968001 0.3482600092101779
42.760000000000005 1.3916015694539015 -0.499999999996796 0.35013420032666703
42.67 1.3899293422335435 -0.49999999999679234 0.3519641856100731
42.580000000000005 1.3882559015897373 -0.499999999996789 0.35374713530161717
42.49 1.3865812350657216 -0.4999999999967849 0.3554802870713623
42.400000000000006 1.384905329159756 -0.4999999999967486 0.35716095124314373
42.31 1.3832281693235784 -0.49999999999670697 0.35878651603157424
42.22 1.3815497399639074 -0.4999999999966655 0.36035445276901545
42.13 1.3798700244470683 -0.49999999999662453 0.36186232109969235
42.04 1.3781890051068455 -0.4999999999966084 0.3633077741166976
41.95 1.3765066632556129 -0.49999999999659744 0.36468856341672107
41.86 1.3748229791988016 -0.4999999999965959 0.3660025440470395
41.77 1.3731379322527297 -0.49999999999659384 0.3672476793184041
41.68 1.3714515007658088 -0.4999999999965917 0.36842204545769947
41.59 1.369763662143113 -0.4999999999965775 0.3695238360740341
41.5 1.3680743928742876 -0.49999999999656075 0.370551366412452
41.410000000000004 1.3663836685647386 -0.499999999996544 0.3715030773698035
41.32 1.3646914639700345 -0.4999999999965263 0.37237753924833605
41.230000000000004 1.3629977530334285 -0.49999999999652056 0.3731734552235074
41.14 1.3613025089263797 -0.4999999999965137 0.3738896645037702
41.050000000000004 1.359605704091947 -0.49999999999651146 0.3745251451617837
40.96 1.3579073102908898 -0.49999999999650846 0.37507901661795595
40.870000000000005 1.3562072986503142 -0.49999999999650535 0.37555054175939456
40.78 1.3545056397146618 -0.49999999999647843 0.375939128679238
40.690000000000005 1.3528023034988441 -0.49999999999642 0.3762443320237809
40.6 1.3510972595432877 -0.49999999999636413 0.37646585393700505
40.510000000000005 1.3493904769706633 -0.49999999999631184 0.3766035445946034
40.42 1.347681924544051 -0.49999999999626255 0.3766574023224329
40.330000000000005 1.3459715707262776 -0.4999999999962378 0.3766275732966517
40.24 1.344259383740169 -0.499999999996252 0.376514350825516
40.150000000000006 1.3425453316294473 -0.4999999999962483 0.3763181742155104
40.06 1.3408293823199904 -0.4999999999962469 0.37603962722732887
39.97 1.3391115036811962 -0.49999999999624545 0.3756794361291208
39.88 1.337391663587163 -0.4999999999962361 0.3752384673576783
39.79 1.3356698299774277 -0.499999999996227 0.3747177248001535
39.7 1.3339459709169894 -0.4999999999962202 0.37411834671121935
39.61 1.3322200546553689 -0.4999999999962132 0.3734416022827657
39.52 1.3304920496844517 -0.49999999999620837 0.3726888878850744
39.43 1.3287619247948823 -0.49999999999620515 0.3718617230001358
39.34 1.3270296491307831 -0.49999999999620165 0.37096174586933717
39.25 1.3252951922425906 -0.4999999999961991 0.3699907088790363
39.160000000000004 1.3235585241378156 -0.4999999999961865 0.36895047370860407
39.07 1.3218196153295516 -0.4999999999961696 0.3678430062664426
38.980000000000004 1.3200784368825713 -0.49999999999615585 0.3666703714399819
38.89 1.3183349604568688 -0.4999999999961444 0.3654347276861587
38.800000000000004 1.3165891583485354 -0.4999999999961352 0.3641383214890028
38.71 1.3148410035278517 -0.49999999999612976 0.36278348171085234
38.620000000000005 1.3130904696745307 -0.4999999999961264 0.3613726138634513
38.53 1.3113375312100337 -0.49999999999612443 0.3599081943246949
38.440000000000005 1.3095821633269293 -0.4999999999961238 0.35839276452606306
38.35 1.3078243420152582 -0.499999999996124 0.35682892513492015
38.260000000000005 1.306064044085908 -0.4999999999961251 0.3552193302548063
38.17 1.304301247190999 -0.49999999999612754 0.3535666816656414
38.080000000000005 1.3025359298413244 -0.4999999999961341 0.351873723124423
37.99 1.3007680714208676 -0.49999999999614664 0.3501432347455624
37.900000000000006 1.298997652198477 -0.4999999999961523 0.34837802747842
37.81 1.2972246533367575 -0.4999999999961575 0.34658093769805537
37.72 1.2954490568982673 -0.4999999999961624 0.34475482192337303
37.63 1.293670845849117 -0.4999999999961643 0.34290255167527117
37.54 1.2918900040600803 -0.4999999999961643 0.34102700848556733
37.45 1.2901065163053236 -0.49999999999616457 0.33913107906573103
37.36 1.2883203682588864 -0.4999999999961706 0.3372176506427122
37.27 1.2865315464890377 -0.49999999999618366 0.3352896064674556
37.18 1.2847400384506356 -0.49999999999619704 0.33334982150000275
37.09 1.2829458324756442 -0.49999999999621025 0.33140115827352246
37.0 1.2811489177619273 -0.4999999999962237 0.3294464629379826
36.910000000000004 1.2793492843604777 -0.4999999999962355 0.3274885614828078
36.82 1.2775469231612124 -0.4999999999962471 0.3255302561364813
36.730000000000004 1.2757418258774866 -0.4999999999962583 0.32357432193978697
36.64 1.2739339850294475 -0.49999999999626954 0.3216235034882692
36.550000000000004 1.27212339392639 -0.4999999999962804 0.3196805118384604
36.46 1.2703100466482247 -0.49999999999629985 0.3177480215715557
36.370000000000005 1.2684939380262072 -0.49999999999629946 0.315828668007375
36.28 1.2666750636230395 -0.4999999999962931 0.31392504456110204
36.190000000000005 1.2648534197124794 -0.4999999999962944 0.3120397002343544
36.1 1.2630290032585547 -0.499999999996297 0.3101751372322041
36.010000000000005 1.2612018118945147 -0.49999999999629946 0.308333808697477
35.92 1.2593718439015986 -0.4999999999962994 0.306518116553456
35.83 1.2575390981877368 -0.4999999999963015 0.30473040944636015
35.74000000000001 1.255703574266265 -0.4999999999963079 0.3029729807790765
35.650000000000006 1.2538652722347359 -0.499999999996314 0.3012480668280464
35.56 1.2520241927539117 -0.49999999999631944 0.2995578449356511
35.47 1.2501803370269962 -0.4999999999963216 0.29790443177097437
35.379999999999995 1.248333706779183 -0.49999999999632394 0.29628988165258907
35.290000000000006 1.2464843042375653 -0.49999999999632627 0.29471618492771123
35.2 1.244632132111458 -0.4999999999963284 0.29318526640301257
35.11 1.242777193573189 -0.4999999999963429 0.2916989838232726
35.019999999999996 1.2409194922393747 -0.4999999999963575 0.2902591263949699
34.93000000000001 1.2390590321527302 -0.499999999996371 0.2888674133531605
34.84 1.2371958177644231 -0.49999999999638367 0.2875254925707459
34.75 1.2353298539170057 -0.49999999999639533 0.28623493921049636
34.66 1.2334611458279234 -0.49999999999642797 0.28499725442117196
34.57000000000001 1.2315896990736168 -0.49999999999645706 0.2838138640799425
34.480000000000004 1.229715519574219 -0.499999999996485 0.2826861175846601
34.39 1.2278386135788457 -0.49999999999651223 0.2816152866998509
34.3 1.2259589876514672 -0.499999999996538 0.28060256446151866
34.21000000000001 1.224076648657358 -0.4999999999965474 0.2796490641463319
34.120000000000005 1.2221916037501064 -0.49999999999655487 0.27875581831145063
34.03 1.2203038603591638 -0.49999999999656186 0.2779237779114243
33.94 1.218413426177911 -0.4999999999965671 0.27715381149919377
33.85000000000001 1.2165203091522208 -0.499999999996572 0.2764467045181271
33.760000000000005 1.214624517469474 -0.49999999999657985 0.27580315869204364
33.67 1.2127260595480176 -0.4999999999965879 0.2752237915199786
33.58 1.2108249440270096 -0.4999999999965953 0.2747091358821133
33.49000000000001 1.2089211797566237 -0.4999999999966017 0.27425963976272627
33.400000000000006 1.207014775788572 -0.4999999999966075 0.2738756660953958
33.31 1.2051057413669013 -0.4999999999966158 0.27355749273489266
33.22 1.2031940859190207 -0.49999999999662426 0.27330531255925894
33.129999999999995 1.2012798190469114 -0.49999999999663214 0.2731192337046186
33.040000000000006 1.1993629505184762 -0.49999999999663947 0.27299927993410666
32.95 1.1974434902589706 -0.49999999999664596 0.27294539114119953
32.86 1.195521448342471 -0.49999999999665157 0.27295742398654277
32.769999999999996 1.193596834983328 -0.49999999999665606 0.2730351526661821
32.68000000000001 1.191669660527546 -0.49999999999665945 0.2731782698079419
32.59 1.1897399354440377 -0.49999999999666234 0.2733863874915642
32.5 1.187807670315705 -0.49999999999666445 0.2736590383871664
32.41 1.1858728758302768 -0.4999999999966661 0.2739956770056018
32.32000000000001 1.1839355627708597 -0.4999999999966673 0.27439568105344136
32.230000000000004 1.1819957420061387 -0.4999999999966692 0.2748583528845519
32.14 1.1800534244801784 -0.49999999999667 0.27538292103963047
32.05 1.178108621201757 -0.4999999999966692 0.2759685418646225
31.960000000000008 1.1761613432331903 -0.4999999999966677 0.27661430119860525
31.870000000000005 1.1742116016785784 -0.49999999999666506 0.27731921612158716
31.78 1.1722594076714286 -0.49999999999666184 0.27808223675268856
31.689999999999998 1.1703047723615971 -0.49999999999665834 0.2789022480893017
31.60000000000001 1.1683477069014978 -0.4999999999966538 0.27977807187814596
31.510000000000005 1.1663882224315225 -0.4999999999966484 0.2807084685095748
31.42 1.1644263300646338 -0.4999999999966426 0.28169213892703165
31.33 1.162462040870066 -0.4999999999966369 0.2827277265442502
31.24000000000001 1.1604953658561086 -0.4999999999966317 0.2838138191635404
31.150000000000006 1.1585263159519088 -0.49999999999662775 0.28494895088936684
31.060000000000002 1.1565549019882717 -0.4999999999966238 0.2861316040323074
30.97 1.154581134677406 -0.4999999999966196 0.28736021099946774
30.879999999999995 1.1526050245915915 -0.49999999999661526 0.28863315616836777
30.790000000000006 1.150626582140733 -0.4999999999966106 0.2899487777423334
30.700000000000003 1.1486458175487775 -0.49999999999660466 0.29130536958639847
30.61 1.1466627408289767 -0.4999999999965985 0.2927011830436967
30.519999999999996 1.1446773617579689 -0.49999999999659245 0.29413442873323187
30.430000000000007 1.1426896898486834 -0.49999999999658645 0.2956032783308284
30.340000000000003 1.1406997343220484 -0.4999999999965806 0.29710586633586683
30.25 1.138707504077516 -0.4999999999965784 0.29864029182718
30.159999999999997 1.1367130076624021 -0.49999999999657674 0.3002046202121521
30.070000000000007 1.1347162532400596 -0.49999999999657474 0.30179688497370916
29.980000000000004 1.1327172485569066 -0.4999999999965724 0.3034150894203463
29.89 1.1307160009083392 -0.49999999999656497 0.30505720844479206
29.799999999999997 1.1287125171035612 -0.49999999999654987 0.30672119029725753
29.710000000000008 1.1267068034293835 -0.49999999999653266 0.3084049583794198
29.620000000000005 1.1246988656130352 -0.49999999999651457 0.31010641306541664
29.53 1.122688708784062 -0.49999999999649725 0.3118234335562394
29.439999999999998 1.1206763374353708 -0.4999999999964822 0.3135538797737916
29.35000000000001 1.1186617553835072 -0.4999999999964674 0.31529559430076587
29.260000000000005 1.116644965728251 -0.4999999999964506 0.31704640437227244
29.17 1.1146259708116328 -0.49999999999640593 0.3188041239247763
29.08 1.1126047721764736 -0.4999999999963694 0.32056655570768333
28.99000000000001 1.1105813705245633 -0.49999999999633116 0.3223314934620025
28.900000000000006 1.1085557656746081 -0.4999999999962912 0.3240967241705974
28.810000000000002 1.1065279565200805 -0.4999999999962599 0.3258600303833599
28.72 1.104497940987106 -0.4999999999962273 0.32761919262021605
28.63000000000001 1.1024657159925493 -0.4999999999962222 0.32937199185418864
28.540000000000006 1.1004312774024432 -0.499999999996222 0.3311162120756536
28.450000000000003 1.0983946199909458 -0.4999999999962189 0.3328496429385688
28.36 1.0963557373999717 -0.4999999999962148 0.3345700824881152
28.269999999999996 1.0943146220996962 -0.49999999999621053 0.33627533996854836
28.180000000000007 1.092271265350105 -0.49999999999620637 0.3379632387090948
28.090000000000003 1.0902256571637738 -0.4999999999961731 0.3396316190847368
28.0 1.088177786270073 -0.4999999999961216 0.3412783415479285
27.909999999999997 1.0861276400809807 -0.4999999999960756 0.342901289726068
27.820000000000007 1.0840752046587072 -0.4999999999960369 0.3444983735788493
27.730000000000004 1.0820204646853067 -0.4999999999959911 0.34606753260866874
27.64 1.0799634034344854 -0.49999999999595446 0.34760673911630785
27.549999999999997 1.077904002745772 -0.49999999999594663 0.34911400149317523
27.460000000000008 1.0758422430012526 -0.49999999999594413 0.35058736754069075
27.370000000000005 1.0737781031050309 -0.49999999999594363 0.35202492780668454
27.28 1.0717115604655996 -0.4999999999959426 0.353424818927701
27.189999999999998 1.0696425909812648 -0.49999999999594097 0.3547852269656906
27.10000000000001 1.0675711690287975 -0.49999999999593897 0.3561043907268727
27.010000000000005 1.0654972674554304 -0.49999999999591793 0.35738060505007146
26.92 1.0634208575743456 -0.4999999999958735 0.358612224051447
26.83 1.061341909163755 -0.4999999999958425 0.35979766431213994
26.74000000000001 1.059260390469679 -0.4999999999958105 0.3609354079950566
26.650000000000006 1.057176268212497 -0.49999999999577804 0.36202400587717715
26.560000000000002 1.05508950759735 -0.49999999999575506 0.36306208028335796
26.47 1.053000072328424 -0.49999999999574707 0.3640483279078948
26.38000000000001 1.0509079246271542 -0.4999999999957391 0.3649815225102413
26.290000000000006 1.0488130252543484 -0.4999999999957305 0.3658605174715918
26.200000000000003 1.0467153335362298 -0.499999999995724 0.3666842481993386
26.11 1.0446148073943506 -0.4999999999957191 0.3674517343670022
26.019999999999996 1.042511403379333 -0.49999999999571343 0.36816208197780204
25.930000000000007 1.0404050767083584 -0.49999999999570266 0.3688144852407315
25.840000000000003 1.0382957813063074 -0.49999999999569344 0.36940822824880115
25.75 1.0361834698504393 -0.49999999999568706 0.36994268644997585
25.659999999999997 1.0340680938184692 -0.499999999995683 0.37041732790233445
25.570000000000007 1.0319496035398918 -0.49999999999568245 0.3708317143059779
25.480000000000004 1.0298279482503698 -0.4999999999956837 0.3711855018053397
25.39 1.027703076149011 -0.49999999999568623 0.37147844155670673
25.299999999999997 1.025574934458307 -0.4999999999956911 0.37171038005694795
25.210000000000008 1.0234434694865262 -0.49999999999569666 0.37188125923070925
25.120000000000005 1.0213086266923173 -0.4999999999957059 0.37199111627460024
25.03 1.0191703507512806 -0.499999999995714 0.3720400832581304
24.939999999999998 1.0170285856242425 -0.49999999999573064 0.3720283864825529
24.85000000000001 1.0148832746269716 -0.49999999999574607 0.37195634559984103
24.760000000000005 1.0127343605010652 -0.4999999999957465 0.37182437249551886
24.67 1.0105817854857206 -0.4999999999957494 0.3716329699401442
24.58 1.0084254913901205 -0.49999999999575695 0.37138273001536337
24.49000000000001 1.006265419666142 -0.4999999999957643 0.3710743323217823
24.400000000000006 1.0041015114811145 -0.4999999999957685 0.37070854197682085
24.310000000000002 1.0019337077903487 -0.4999999999957706 0.3702862074117515
24.22 0.9997619494091601 -0.49999999999577305 0.36980825797805217
24.13000000000001 0.9975861770841242 -0.49999999999577815 0.3692757013740572
24.040000000000006 0.9954063315633032 -0.4999999999957836 0.36868962090362456
23.950000000000003 0.9932223536651975 -0.4999999999957888 0.36805117257922054
23.86 0.9910341843461836 -0.49999999999579214 0.36736158208234887
23.769999999999996 0.9888417647662122 -0.49999999999579564 0.36662214159475204
23.680000000000007 0.9866450363525575 -0.49999999999579914 0.3658342065141403
23.590000000000003 0.9844439408614215 -0.4999999999958027 0.3649991920684923
23.5 0.982238420437211 -0.4999999999958159 0.3641185698431232
23.409999999999997 0.9800284176693227 -0.4999999999958408 0.3631938642347381
23.320000000000007 0.9778138756462937 -0.49999999999586886 0.3622266488467212
23.230000000000004 0.9755947380071819 -0.4999999999958984 0.3612185428397477
23.14 0.9733709489900664 -0.49999999999592265 0.3601712072515507
23.049999999999997 0.9711424534775768 -0.49999999999594474 0.3590863412994475
22.960000000000008 0.9689091970393718 -0.4999999999959871 0.35796567867878915
22.870000000000005 0.9666711259715083 -0.4999999999960319 0.3568109838700167
22.78 0.9644281873326637 -0.4999999999960671 0.35562404846668066
22.689999999999998 0.9621803289771844 -0.4999999999961071 0.35440668753596144
22.60000000000001 0.9599274995849558 -0.4999999999961454 0.3531607360226804
22.510000000000005 0.9576696486880939 -0.49999999999617484 0.3518880452072522
22.42 0.9554067266944989 -0.4999999999961801 0.35059047922715336
22.33 0.9531386849082898 -0.4999999999961857 0.3492699116708784
22.24000000000001 0.9508654755471845 -0.49999999999618977 0.34792822225241116
22.150000000000006 0.9485870517568827 -0.4999999999961927 0.3465672935737591
22.060000000000002 0.9463033676225329 -0.49999999999619515 0.3451890079820664
21.97 0.9440143781773616 -0.4999999999962066 0.3437952445271685
21.88000000000001 0.941720039408569 -0.49999999999621725 0.34238787602461657
21.790000000000006 0.9394203082605861 -0.4999999999962263 0.34096876622854594
21.700000000000003 0.9371151426358146 -0.49999999999623446 0.33953976711787487
21.61 0.9348045013929605 -0.4999999999962418 0.3381027162987037
21.519999999999996 0.9324883443430846 -0.4999999999962485 0.3366594345250503
21.430000000000007 0.930166632243501 -0.4999999999962581 0.3352117233393995
21.340000000000003 0.9278393267896514 -0.49999999999628697 0.33376136283390595
21.25 0.9255063906050913 -0.49999999999631356 0.33231010953244927
21.159999999999997 0.9231677872297189 -0.4999999999963345 0.3308596943933478
21.070000000000007 0.9208234811063861 -0.49999999999635636 0.3294118209317713
20.980000000000004 0.9184734375660215 -0.4999999999963744 0.3279681634605792
20.89 0.9161176228114079 -0.49999999999639244 0.3265303654478824
20.799999999999997 0.9137560038997388 -0.4999999999964315 0.3251000379891492
20.710000000000008 0.911388548724089 -0.49999999999646105 0.32367875839132515
20.620000000000005 0.9090152259939247 -0.49999999999648986 0.32226806886634846
20.53 0.9066360052147809 -0.49999999999651246 0.3208694753307832
20.439999999999998 0.9042508566672225 -0.49999999999653155 0.3194844463084547
20.35000000000001 0.9018597513852078 -0.49999999999655165 0.3181144119325455
20.260000000000005 0.8994626611339642 -0.4999999999965542 0.3167607630435556
20.17 0.897059558387488 -0.4999999999965534 0.31542485037948637
20.08 0.8946504163057645 -0.4999999999965537 0.31410798385431765
19.99000000000001 0.8922352087118057 -0.4999999999965544 0.31281143192105965
19.900000000000006 0.8898139100685984 -0.4999999999965549 0.3115364210154916
19.810000000000002 0.8873864954560511 -0.4999999999965704 0.3102841350767669
19.72 0.8849529405480085 -0.4999999999965889 0.3090557151410304
19.63000000000001 0.8825132215894227 -0.4999999999966001 0.3078522590044269
19.540000000000006 0.8800673153737325 -0.4999999999966117 0.3066748209517674
19.450000000000003 0.8776151992205301 -0.49999999999661915 0.30552441154728505
19.36 0.8751568509535601 -0.4999999999966258 0.3044019974841058
19.269999999999996 0.872692248879102 -0.4999999999966317 0.3033085014890579
19.180000000000007 0.8702213717647921 -0.499999999996637 0.30224480227966827
19.090000000000003 0.8677441988189101 -0.4999999999966413 0.30121173457029193
19.0 0.865260709670184 -0.4999999999966438 0.30021008912447994
18.909999999999997 0.8627708843481178 -0.4999999999966432 0.29924061285084264
18.820000000000007 0.8602747032638979 -0.4999999999966421 0.29830400893981435
18.730000000000004 0.8577721471918639 -0.4999999999966403 0.2974009370388631
18.64 0.8552631972515914 -0.4999999999966375 0.29653201346386604
18.549999999999997 0.8527478348905725 -0.4999999999966338 0.2956978114444872
18.460000000000008 0.8502260418675167 -0.4999999999966273 0.2948988614015436
18.370000000000005 0.8476978002362628 -0.4999999999966248 0.29413565125449387
18.28 0.845163092330309 -0.49999999999661954 0.2934086267572533
18.189999999999998 0.8426219007479528 -0.4999999999966189 0.29271819186077225
18.10000000000001 0.8400742083380276 -0.4999999999966158 0.29206470910075877
18.010000000000005 0.8375199981862267 -0.49999999999661227 0.29144850000922223
17.92 0.8349592536020048 -0.4999999999966133 0.29086984554842443
17.83 0.832391958106024 -0.49999999999661315 0.29032898656602024
17.74000000000001 0.8298180954181371 -0.49999999999661077 0.2898261242702458
17.650000000000006 0.8272376494458731 -0.49999999999661016 0.2893614207240163
17.560000000000002 0.8246506042734044 -0.49999999999661093 0.2889349993568918
17.47 0.8220569441509623 -0.4999999999966106 0.28854694549394344
17.38000000000001 0.8194566534846688 -0.49999999999661027 0.28819730690057244
17.290000000000006 0.816849716826754 -0.49999999999661027 0.28788609434236573
17.200000000000003 0.8142361188661207 -0.49999999999660977 0.28761328215913645
17.11 0.8116158444192129 -0.4999999999966105 0.28737880885231976
17.019999999999996 0.8089888784211618 -0.49999999999661143 0.287182577684902
16.930000000000007 0.8063552059171541 -0.49999999999661277 0.28702445729313025
16.840000000000003 0.8037148120539841 -0.49999999999661426 0.28690428230923043
16.75 0.8010676820717516 -0.4999999999966158 0.2868218539944164
16.659999999999997 0.7984138012956514 -0.4999999999966179 0.2867769408814858
16.570000000000007 0.7957531551278118 -0.4999999999966199 0.2867692794263222
16.480000000000004 0.7930857290391327 -0.4999999999966217 0.28679857466765957
16.39 0.7904115085610774 -0.49999999999662387 0.2868645008944845
16.299999999999997 0.7877304792773692 -0.49999999999662564 0.2869667023204865
16.210000000000008 0.7850426268155349 -0.4999999999966275 0.2871047937650087
16.120000000000005 0.7823479368382568 -0.49999999999662953 0.28727836133997703
16.03 0.7796463950344735 -0.499999999996631 0.28748696314233463
15.939999999999998 0.7769379871101825 -0.4999999999966326 0.2877301299515572
15.850000000000009 0.7742226987788919 -0.49999999999663436 0.28800736593185905
15.760000000000005 0.7715005157516696 -0.4999999999966355 0.2883181493387659
15.670000000000002 0.7687714237267436 -0.49999999999663713 0.2886619332297771
15.579999999999998 0.7660354083785966 -0.49999999999663813 0.28903814617889323
15.490000000000009 0.763292455346509 -0.4999999999966393 0.28944619299485363
15.400000000000006 0.7605425502224997 -0.49999999999664035 0.2898854554429777
15.310000000000002 0.7577856785386171 -0.49999999999664124 0.2903552929705727
15.219999999999999 0.7550218257535335 -0.49999999999664224 0.2908550434359278
15.13000000000001 0.7522509772383935 -0.4999999999966467 0.2913840238409791
15.040000000000006 0.749473118261875 -0.4999999999966514 0.291941531067776
14.950000000000003 0.7466882339744216 -0.4999999999966561 0.29252684261897105
14.86 0.7438963093915979 -0.49999999999665967 0.2931392173625671
14.77000000000001 0.7410973293765373 -0.4999999999966627 0.29377789628124
14.680000000000007 0.7382912786214378 -0.4999999999966661 0.2944421032265889
14.590000000000003 0.7354781416280797 -0.49999999999666866 0.2951310456787101
14.5 0.7326579026873256 -0.4999999999966707 0.2958439155115402
14.409999999999997 0.7298305458575792 -0.49999999999667577 0.29657988976442806
14.320000000000007 0.7269960549421771 -0.4999999999966832 0.29733813142042564
14.230000000000004 0.7241544134656887 -0.49999999999669076 0.29811779019182255
14.14 0.7213056046491131 -0.49999999999669453 0.29891800331343416
14.049999999999997 0.7184496113839514 -0.49999999999669964 0.2997378963441822
13.960000000000008 0.7155864162051503 -0.49999999999670364 0.30057658397745357
13.870000000000005 0.7127160012629085 -0.49999999999670725 0.3014331708607848
13.780000000000001 0.7098383482933505 -0.4999999999967099 0.3023067524253165
13.689999999999998 0.7069534385880665 -0.49999999999671174 0.30319641572548683
13.600000000000009 0.7040612529625364 -0.4999999999967131 0.3041012402893616
13.510000000000005 0.7011617717234438 -0.4999999999967142 0.30502029897996086
13.420000000000002 0.6982549746349151 -0.4999999999967141 0.30595265886787926
13.329999999999998 0.6953408408836995 -0.49999999999671463 0.30689738211543677
13.240000000000009 0.6924193490433325 -0.4999999999967152 0.3078535268725069
13.150000000000006 0.6894904770373181 -0.4999999999967151 0.3088201481841053
13.060000000000002 0.6865542021013864 -0.4999999999967152 0.3097962989097169
12.969999999999999 0.683610500744869 -0.4999999999967152 0.31078103065424706
12.88000000000001 0.6806593487112689 -0.49999999999671507 0.31177339471038024
12.790000000000006 0.6777007209380791 -0.499999999996715 0.31277244301202045
12.700000000000003 0.6747345915159444 -0.4999999999967147 0.31377722909836747
12.61 0.6717609336472358 -0.4999999999967143 0.31478680908807505
12.52000000000001 0.6687797196041421 -0.49999999999671363 0.31580024266280327
12.430000000000007 0.6657909206863701 -0.49999999999671296 0.31681659405936324
12.340000000000003 0.662794507178574 -0.4999999999967124 0.31783493306951677
12.25 0.6597904483076202 -0.49999999999671163 0.3188543360463731
12.159999999999997 0.65677871219982 -0.4999999999967111 0.31987388691619445
12.070000000000007 0.6537592658382635 -0.4999999999967104 0.32089267819429296
11.980000000000004 0.6507320750203924 -0.49999999999670963 0.32190981200358465
11.89 0.6476971043159735 -0.4999999999967091 0.322924401094233
11.799999999999997 0.6446543170256157 -0.49999999999670686 0.3239355698627073
11.710000000000008 0.6416036751400166 -0.49999999999670375 0.3249424553684649
11.620000000000005 0.6385451393000964 -0.4999999999967042 0.3259442083463521
11.530000000000001 0.6354786687582225 -0.4999999999967112 0.3269399942127222
11.439999999999998 0.6324042213407002 -0.49999999999671874 0.3279289940631739
11.350000000000009 0.6293217534117407 -0.4999999999967266 0.3289104056597472
11.260000000000005 0.6262312198391123 -0.4999999999967313 0.32988344440529394
11.170000000000002 0.623132573961696 -0.4999999999967437 0.3308473443027184
11.079999999999998 0.6200257675591639 -0.49999999999675415 0.33180135889668766
10.990000000000009 0.6169107508240234 -0.49999999999676475 0.33274476219542026
10.900000000000006 0.6137874723362607 -0.49999999999677286 0.33367684957006055
10.810000000000002 0.6106558790408453 -0.499999999996778 0.33459693862918416
10.719999999999999 0.6075159162283428 -0.499999999996782 0.33550437006593536
10.63000000000001 0.6043675275189145 -0.4999999999967848 0.336398508475315
10.540000000000006 0.6012106548499735 -0.4999999999967858 0.33727874313916323
10.450000000000003 0.5980452384677882 -0.49999999999678574 0.33814448877638764
10.36 0.5948712169233298 -0.49999999999678024 0.3389951862560698
10.27000000000001 0.5916885270726621 -0.4999999999967676 0.33983030327108177
10.180000000000007 0.5884971040821998 -0.4999999999967642 0.34064933497000677
10.090000000000003 0.5852968814391601 -0.49999999999675976 0.34145180454511587
10.0 0.5820877909675451 -0.49999999999675654 0.3422372637743973
