55238.40   -452.241   343.677
55238.40   -450.15    341.993
55238.40   -448.059   340.31
55238.40   -444.087   338.822
55238.40  -442.205   339.019
55238.40   -439.487   340.254
55238.40   -436.769   341.489
55238.40   -434.887   341.685
55238.40   -431.542   345.839
55238.40   -430.915   348.758
55238.40   -431.124   350.638
55238.40   -432.378   353.36
55238.40   -434.469   355.044
55238.40   -435.724   357.766
55238.40   -438.651   358.412
55238.40   -439.696   359.254
55238.40   -441.578   359.057
55238.40   -443.46    358.861
55238.40   -444.296   357.822
55238.40   -445.969   355.745
55238.40   -448.687   354.511
55238.40   -449.523   353.472
55238.40   -449.314   351.592
55238.40   -450.987   349.515
55238.40   -452.659   347.438
55238.40   -452.45    345.558
55245.58   -488.004   386.93
55245.58   -486.768   384.194
55245.58   -485.725   383.354
55245.58   -482.788   382.729
55245.58   -481.938   383.785
55245.58   -479.852   382.105
55245.58   -476.915   381.481
55245.58   -474.171   382.753
55245.58   -471.427   384.025
55245.58   -470.384   383.185
55245.58   -468.876   387.193
55245.58   -468.025   388.249
55245.58   -467.367   391.202
55245.58   -466.517   392.258
55245.58   -467.56    393.098
55245.58   -467.752   394.994
55245.58   -467.945   396.89
55245.58   -468.137   398.786
55245.58   -469.181   399.626
55245.58   -470.224   400.466
55245.58   -470.416   402.362
55245.58   -473.545   404.882
55245.58   -475.439   404.666
55245.58   -477.332   404.45
55245.58   -479.226   404.234
55245.58   -480.077   403.178
55245.58   -481.97    402.962
55245.58   -484.907   403.586
55245.58   -486.608   401.474
55245.58   -486.415   399.578
55245.58   -490.01    397.25
55245.58   -491.903   397.034
55245.58   -491.711   395.138
55245.58   -491.326   391.346
55245.58   -489.239   389.666
55245.58   -489.047   387.77
55250.60   -504.167   392.345
55250.60   -502.29    392.545
55250.60   -499.372   391.907
55250.60   -494.782   393.346
55250.60   -494.15    396.261
55250.60   -494.559   400.014
55250.60   -492.886   402.091
55250.60   -493.295   405.844
55250.60   -494.54    408.559
55250.60   -494.949   412.312
55250.60   -498.908   413.789
55250.60   -499.112   415.665
55250.60   -499.521   419.418
55250.60   -502.234   418.18
55250.60   -504.316   419.856
55250.60   -507.865   417.579
55250.60   -507.661   415.702
55250.60   -512.66    418.017
55250.60   -513.292   415.102
55250.60   -512.883   411.348
55250.60   -512.474   407.595
55250.60   -514.147   405.518
55250.60   -516.86    404.28
55250.60   -518.329   400.326
55250.60   -517.92    396.573
55250.60   -515.634   393.02
55250.60   -510.635   390.706
55250.60   -508.126   393.821
55250.60   -506.044   392.145
55253.60   -520.317   404.249
55253.60   -519.276   403.411
55253.60   -517.575   405.523
55253.60   -514.833   406.796
55253.60   -512.942   407.014
55253.60   -510.2     408.288
55253.60   -508.309   408.506
55253.60   -506.608   410.618
55253.60   -506.798   412.512
55253.60   -504.247   415.68
55253.60   -504.437   417.575
55253.60   -505.668   420.307
55253.60   -507.75    421.983
55253.60   -510.872   424.498
55253.60   -512.763   424.28
55253.60   -514.654   424.062
55253.60   -516.546   423.844
55253.60   -519.287   422.571
55253.60   -521.179   422.353
55253.60   -522.88    420.241
55253.60   -522.689   418.346
55253.60   -526.091   414.122
55253.60   -525.051   413.284
55253.60   -525.901   412.228
55253.60   -522.779   409.714
55253.60   -522.589   407.819
55253.60   -521.548   406.981
55253.60   -521.358   405.087
55245      -488.004   386.93
55245      -486.768   384.194
55245      -485.725   383.354
55245      -482.788   382.729
55245      -481.938   383.785
55245      -479.852   382.105
55245      -476.915   381.481
55245      -474.171   382.753
55245      -471.427   384.025
55245      -470.384   383.185
55245      -468.876   387.193
55245      -468.025   388.249
55245      -467.367   391.202
55245      -466.517   392.258
55245      -467.56    393.098
55245      -467.752   394.994
55245      -467.945   396.89
55245      -468.137   398.786
55245      -469.181   399.626
55245      -470.224   400.466
55245      -470.416   402.362
55245      -473.545   404.882
55245      -475.439   404.666
55245  -477.332   404.45
55245  -479.226   404.234
55245  -480.077   403.178
55245  -481.97    402.962
55245  -484.907   403.586
55245  -486.608   401.474
55245  -486.415   399.578
55245  -490.01    397.25
55245  -491.903   397.034
55245  -491.711   395.138
55245  -491.326   391.346
55245  -489.239   389.666
55245  -489.047   387.77
55250  -504.167  392.345
55250  -502.29   392.545
55250  -499.372  391.907
55250  -494.782  393.346
55250  -494.15   396.261
55250  -494.559  400.014
55250  -492.886  402.091
55250  -493.295  405.844
55250  -494.54   408.559
55250  -494.949  412.312
55250  -498.908  413.789
55250  -499.112  415.665
55250  -499.521  419.418
55250  -502.234  418.18
55250  -504.316  419.856
55250  -507.865  417.579
55250  -507.661  415.702
55250  -512.66   418.017
55250  -513.292  415.102
55250  -512.883  411.348
55250  -512.474  407.595
55250  -514.147  405.518
55250  -516.86   404.28
55250  -518.329  400.326
55250  -517.92   396.573
55250  -515.634  393.02
55250  -510.635  390.706
55250  -508.126  393.821
55250  -506.044  392.145
55253  -520.317  404.249
55253  -519.276  403.411
55253  -517.575  405.523
55253  -514.833  406.796
55253  -512.942  407.014
55253  -510.2    408.288
55253  -508.309  408.506
55253  -506.608  410.618
55253  -506.798  412.512
55253  -504.247  415.68
55253  -504.437  417.575
55253  -505.668  420.307
55253  -507.75   421.983
55253  -510.872  424.498
55253  -512.763  424.28
55253  -514.654  424.062
55253  -516.546  423.844
55253  -519.287  422.571
55253  -521.179  422.353
55253  -522.88   420.241
55253  -522.689  418.346
55253  -526.091  414.122
55253  -525.051  413.284
55253  -525.901  412.228
55253  -522.779  409.714
55253  -522.589  407.819
55253  -521.548  406.981
55253  -521.358 405.087
