245.269488976
183.41968829
124.995071873
73.6294554368
34.021240141
10.8387616382
7.48863256721
25.1395966251
62.3175891511
115.207819203
178.575021852
247.016499249
316.158038068
383.424271887
448.15563675
511.058118563
573.189989556
634.840835094
694.693250299
749.565187041
794.841013582
825.473562044
837.251092758
827.933369567
797.89907715
750.100315131
689.339119056
621.094857981
550.270727647
480.247478313
412.526925132
347.051422187
283.062521974
220.185219395
159.351094481
103.2280443
55.9882829639
22.4662790802
6.96239878531
12.0694661487
37.8983588145
81.9551362284
139.715972846
205.724211078
274.868238129
343.443462309
409.674487003
473.551054414
536.055830076
598.060693695
659.276340991
717.622507307
769.24862289
809.221815022
832.680003767
836.093562403
818.239743224
780.582584679
726.938635917
662.53474823
592.755220829
521.969996532
452.803095006
386.052029895
321.25322932
257.675907655
195.386722866
136.0055064
82.8754451485
40.5655881821
13.8458812027
6.45242586966
20.0352022522
53.6274678439
103.812375718
165.541019522
233.348934345
302.592367702
370.32227216
435.534115033
498.736269332
561.002469318
622.842219513
683.282386116
739.484147365
787.044408118
820.906521705
836.60452121
831.453203789
805.309676651
760.666093436
702.044813288
634.887561716
564.288036914
493.961841246
425.764595319
359.886008877
295.624423211
232.455750514
171.014921787
113.638058613
64.2596745866
27.6735199771
8.37817567617
9.36969223753
31.2671497983
72.0549627724
127.5309613
192.324886988
261.170793698
330.037819423
396.772619497
461.067623548
523.789970318
585.914798421
647.43566002
706.632197883
759.958435383
802.611959122
829.620853261
837.114018773
823.377093665
789.361199507
738.484117364
675.787368455
606.715516986
535.900218606
466.323726426
399.107691926
333.965455784
270.137445112
207.471058173
147.260055439
92.5389925105
47.7092533968
17.5956056015
6.22322651397
15.7023314899
45.5788814235
92.8643482403
152.742223846
219.733709329
288.959730433
357.10833119
422.814787324
486.354574665
548.774014541
610.767000429
671.689011469
729.054692139
778.707164347
815.62725242
835.140370894
834.146282886
811.985340472
770.667966148
714.395353316
648.523438975
578.296577993
507.745698969
439.08623729
372.783570461
308.232878213
244.798385587
182.839647759
124.358063273
73.0232371304
33.5448071341
10.5735781843
7.47493503178
25.3653829897
62.7237655594
115.707707151
179.081762752
247.469349611
316.538957518
383.759432683
448.501470592
511.476634577
573.721667324
635.484249561
695.398432831
750.243264816
795.387347861
825.797158983
837.300941319
827.713267949
797.466156652
749.54768139
688.768117793
620.585786348
549.861279332
479.925676937
412.240592489
346.730869905
282.648887369
219.655069952
158.729178395
102.583953733
55.4180513763
22.0648433382
6.79582295263
12.1558858782
38.2037484293
82.4051619969
140.219957087
206.203304745
275.278564099
343.786684215
409.992423464
473.906233604
536.504538855
598.627591526
659.939253568
718.312728325
769.867000331
809.665724695
832.872704935
836.00656982
817.901025407
780.067912681
726.348799616
661.965881847
592.271668401
521.5882918
452.492006842
385.748410341
320.888288362
257.203184656
194.802513772
135.354998401
82.2424894504
40.0493812142
13.5320868114
6.38806910381
20.2154211512
53.9983321321
104.288741392
166.033497553
233.791107106
302.959348937
370.634585852
435.845723913
499.110825767
561.485774753
623.440178728
683.951997825
740.140843311
787.583714915
821.233308706
836.660554945
831.234188982
804.866285963
760.088602302
701.436206429
634.333662934
563.834138624
493.603174993
425.453483072
359.553128165
295.207060785
231.923687111
170.38540191
112.974887094
63.6566706593
27.2276602759
8.16111046647
9.40683431988
31.5310533846
72.4750424438
128.016276871
192.79247719
261.57026525
330.364167155
397.063152197
461.384122799
524.192099504
586.43370126
648.056684408
707.292742828
760.561997239
803.054150943
829.819213459
837.032109802
823.035153313
788.829884059
737.86328512
675.176641897
606.185979323
535.476197614
465.980324683
398.784610564
333.592384344
269.662565178
206.883238969
146.597411625
91.8809452519
47.1546230388
17.2338154004
6.10793149278
15.8359811441
45.9131484469
93.3161786319
153.22017838
220.165934284
289.31440216
357.399926542
423.094218557
486.686560531
549.209294759
611.318747149
672.321473766
729.68814742
779.237931121
815.956573423
835.203018193
833.929737402
811.533366595
770.067382046
713.750177791
647.924632796
577.796982699
507.348060975
438.747945224
372.436315041
307.810621313
244.264363624
182.203492511
123.677377399
72.3890486513
33.0555874935
10.3062311639
7.4621379069
25.5865770616
63.1126335135
116.173599911
179.538003405
247.859128829
316.850363372
384.024758719
448.781139923
511.833166901
574.192433157
636.062211717
696.027512617
750.830216822
795.82662959
826.000996193
837.225019779
827.369810459
796.920149071
748.897399494
688.116133492
620.009667625
549.393259219
479.547633817
411.895709638
346.347940948
282.171157839
219.064073991
158.05570057
101.902472039
54.8264162535
21.6557614707
6.62937780671
12.2419749638
38.5000722325
82.8313229931
140.682979761
206.626182602
275.622486764
344.059707297
410.241826057
474.197196732
536.892311753
599.132502446
660.533048402
718.921058455
770.387618093
809.996795243
832.942283679
835.793828395
817.442395581
779.446125718
725.668273574
661.32227685
591.725274571
521.149639081
452.124103333
385.384621995
320.459815453
256.66701002
194.160590536
134.658336373
81.5787464171
39.5179516609
13.2147535047
6.32471886285
20.3926616629
54.35463032
104.734315253
166.478392649
234.17224524
303.257710504
370.876958438
436.090546924
499.422917521
561.908425227
623.9740119
684.547846229
740.709329091
788.018774572
821.442310137
836.591433718
830.890907451
804.307617993
759.41057485
700.74376188
633.710547003
563.320552487
493.188185763
425.084387949
359.15847592
294.725627818
231.329813201
169.702320977
112.271634165
63.0295184407
26.7720870119
7.94338134042
9.44439274609
31.788033784
72.8742785455
128.463803654
193.206465787
261.904915018
330.620767679
397.284769424
461.635770572
524.533062112
586.891300107
648.610367583
707.874046638
761.07076219
803.38605174
829.89591836
836.824444409
822.571822399
788.188903803
737.148810178
674.488545631
605.59184593
534.994566679
465.580358512
398.402024044
333.156216443
269.12388606
206.236303807
145.886274984
91.189317005
46.5822234441
16.8668887346
5.99347375122
15.9680135425
46.2354307801
93.7403921849
153.653571107
220.539356136
289.601566398
357.621643205
423.306308048
486.955545765
549.584026287
611.807506019
672.882359854
730.236255001
779.667335246
816.170285836
835.14140458
833.58829757
810.964139653
769.363467911
713.018271207
647.254296
577.23639591
506.893858947
438.352165481
372.027936907
307.324464474
243.667765988
181.511958044
122.954015822
71.7279358949
32.5544258597
10.0371735995
7.45022904236
25.8027683484
63.483569516
116.604904434
179.943404061
248.185880655
317.092679212
384.220918614
448.995338369
512.128202955
574.602404016
636.57442731
696.579883103
751.3253338
796.158301175
826.084886236
837.023623662
826.903746605
796.26209633
748.150561285
687.384061833
619.367029508
548.866782907
479.113147741
411.491959347
345.902440324
281.629456597
218.412760344
157.331544372
101.184662683
54.2143789987
21.239741074
6.46333050297
12.3275460071
38.7868110027
83.2329877804
141.104542403
206.992670509
275.900232465
344.263095817
410.423417616
474.424590038
537.21950625
599.575378158
661.057290765
719.446828762
770.809811664
810.214616111
832.888764399
835.455852117
816.864767961
778.718333528
724.898108319
660.604700802
591.116401852
520.654012137
451.699116406
384.960381795
319.967742793
256.067687878
193.461659024
133.9165197
80.8852967438
38.9722133067
12.894424094
6.26245304874
20.5665831682
54.6957748034
105.148503455
166.875336921
234.492355202
303.487850683
371.050062343
436.26931792
499.673103988
562.270625992
624.443508157
685.06938341
741.188917008
788.349013454
821.533296396
836.397404667
830.424075981
803.634714448
758.633141728
699.968447193
633.018830124
562.747477918
492.716731795
424.657016425
358.701845737
294.180213025
230.674619907
168.966542435
111.529376319
62.3792698903
26.3075881042
7.72534820977
9.4822639485
32.0376282837
73.2520594103
128.873028708
193.566643655
262.174934242
330.808170318
397.438212965
461.823268189
524.813297068
587.287635758
649.096349875
708.375484068
761.484070447
803.6072215
829.850944522
836.491491998
821.987994505
787.439384756
736.341797487
673.723928973
604.933568794
534.455375211
465.123604875
397.959657125
332.65686082
268.521673142
205.530925816
145.127637583
90.465217628
45.9930332943
16.495456739
5.88002292651
16.0981621685
46.5451819901
94.1363989104
154.042008327
220.853943259
289.821592363
357.774151797
423.45182437
487.162158001
549.898501886
612.233152082
673.371185395
730.698354446
779.99479174
816.268120043
834.955727635
833.122643258
810.278695311
768.557387527
712.200669256
646.513132779
576.615103396
506.383015411
437.898633803
371.558222541
306.774463633
243.009044697
180.765883689
122.189062487
71.0409961298
32.0421873262
9.76685805459
7.43919162074
26.0135555662
63.8359868265
117.001097046
180.297721666
248.449759138
317.266434874
384.348667468
449.144817368
512.362260519
574.951710427
637.020615465
697.054968312
751.727966199
796.381896917
826.048758553
836.69717524
826.315944222
795.493134694
747.308321059
686.5728312
618.65841408
548.281979142
478.622046075
411.029079526
345.394256659
281.024010642
217.7017667
156.557689537
100.431659027
53.5829787578
20.8174997032
6.29794367777
12.4124105847
39.0634649034
83.609575212
141.484228307
207.302698449
276.112138025
344.397513276
410.537995866
474.589105242
537.486501335
599.956181616
661.511564399
719.889411833
771.132989708
810.318880249
832.712294405
834.993280129
816.169166418
777.885727137
724.039403473
659.813944565
590.445424343
520.101402405
451.216816691
384.475473879
319.41209597
255.405630236
192.706530556
133.130634211
80.1632775495
38.413104772
12.5716432249
6.20134417345
20.7368506449
55.0212092616
105.530775914
167.224054909
234.751552112
303.65027532
371.154659991
436.382833137
499.861978742
562.57259744
624.848468724
685.516087978
741.578973468
788.573944334
821.506151053
836.078840742
829.834531723
802.848715736
757.757501154
699.111266797
632.259144889
562.115126383
492.188696182
424.171125048
358.183109948
293.571005991
229.958707141
168.17902882
110.749264632
61.7070196903
25.8349650832
7.5073675364
9.52034132588
32.2793889718
73.6078177272
129.243515446
193.872902512
262.380624302
330.927026194
397.524303743
461.947366896
525.033267814
587.622760635
649.514287606
708.796466616
761.801329619
803.717318781
829.684388726
836.033847517
821.284676013
786.582539072
735.443405987
672.883667723
604.211612085
533.858688014
464.609874926
397.45729662
332.094315306
267.856297789
204.767884736
144.322581613
89.7098184441
45.3880608689
16.1201550926
5.7677430401
16.2261629071
46.8418817254
94.5036667866
154.385184152
221.109770576
289.974957735
357.858216373
423.531603109
487.307063063
550.153031448
612.595571567
673.78748876
731.073833959
780.219796386
816.249915428
834.646309307
832.533576364
809.47817199
767.650377298
711.298448873
645.70186581
575.93340219
505.815474396
437.387131032
371.027032241
306.16077245
242.288760002
179.966210176
121.383680333
70.3293744038
31.5197545658
9.49573518996
7.42900428129
26.2185480304
64.1693374484
117.361725095
180.600810318
248.651027544
317.37226393
384.408843311
449.230382762
512.535885206
575.240495371
637.400509169
697.452224293
752.037526126
796.497044478
825.892659684
836.246222125
825.607386649
794.614491194
746.37189204
685.683400104
617.88437684
547.63899019
478.074186198
410.50686496
344.823363233
280.355150803
216.931838005
155.7352092
99.6446607561
52.9332889975
20.3897624881
6.13347463086
12.4963799357
39.3295551462
83.9605561103
141.82170363
207.556300329
276.258649024
344.463719545
410.586429739
474.691476411
537.693695506
600.274886538
661.895472592
720.248223721
771.356635934
810.309385085
832.41314339
834.406874697
815.356721209
776.949575116
723.093304471
658.950820134
589.712727399
519.491819902
450.677015115
383.929751137
318.792994496
254.681356068
191.896119662
132.301848816
79.4138787534
37.8415866108
12.2469556227
6.14145917967
20.9031358243
55.3304105506
105.880667766
167.524364171
234.950058881
303.745595496
371.191600569
436.431947803
499.990166756
562.814573688
625.188707029
685.887466323
741.878920876
788.693167914
821.36087115
835.636239555
829.123229644
801.950857372
756.784915226
698.173259152
631.432138677
561.423721323
491.603988143
423.626522126
357.6022209
292.898297413
229.182782168
167.34083895
109.932521144
61.0139017335
25.3550305481
7.2897912176
9.55851565995
32.5128842596
73.9410324534
129.574905117
194.125234916
262.522395118
330.978085287
397.543938089
462.008864632
525.193460033
587.896738002
649.863853792
709.136444083
762.022016577
803.716101791
829.396467703
835.452229544
820.462982911
785.619661234
734.454845111
671.968661822
603.426451498
533.204585789
464.039015561
396.89479296
331.46866767
267.128236853
203.948064829
143.472276092
88.9243485002
44.7683407295
15.7416219372
5.6567920265
16.3517549762
47.1250374228
94.8417232459
154.682881322
221.307018853
290.062246387
357.874691081
423.546543084
487.390961942
550.347940283
612.89466172
674.130832312
731.362132299
780.341927335
816.115620915
834.213594929
831.822018293
808.563807181
766.643742435
710.312725156
644.821234524
575.191600538
505.191202514
436.81748476
370.434301477
305.483642433
241.507578935
179.113976892
120.539107636
69.5942598741
30.9880250637
9.22425231148
7.41964124551
26.4173669707
64.4831138802
117.68640814
180.85262136
248.790056944
317.410900885
384.402363683
449.252891425
512.649647901
575.468913187
637.713855718
697.771140753
752.253489263
796.503466072
825.616753156
835.671435581
824.779169666
793.627479785
745.34254273
684.716754532
617.045485432
546.937972076
477.469456902
409.925168892
344.189818935
279.623311205
216.103824382
154.865266686
98.8249300506
52.2664140756
19.9572598775
5.97017454784
12.5792656419
39.5846255828
84.2854550576
142.116718376
207.753613395
276.340317714
344.462567586
410.56965582
474.732476811
537.841504772
600.531476967
662.208639119
720.522725534
771.480310713
810.186033246
831.991702677
833.697518793
814.428665382
775.911219717
722.060999216
658.016158579
588.91870697
518.825293931
450.079564481
383.323136589
318.110652206
253.895490355
191.03144146
131.431411874
78.6383392767
37.25863811
11.9209043467
6.08285928934
21.0651183292
55.6228903997
106.197780866
167.776175667
235.088204958
303.774524819
371.161816402
436.417572354
500.058321546
562.996801187
625.464048872
686.183054066
742.088239509
788.70637414
821.097567385
835.070221803
828.291239458
800.942466099
755.716706135
697.155493799
630.538472226
560.673498438
490.96254426
423.02306929
356.959211958
292.162478713
228.347657648
166.453124767
109.080434999
60.3010854815
24.8686055286
7.07296548001
9.59667554364
32.7377003265
74.2512304476
129.866917552
194.323733839
262.600763221
330.962193249
397.498084113
462.008602472
525.294379322
588.109641194
650.144738862
709.39490629
762.145679189
803.603429251
828.987517486
834.747478082
819.524137336
784.552124127
733.377371247
670.979833004
602.578573311
532.49316591
463.410910883
396.272061591
330.780096099
266.338071654
203.072452252
142.577973258
88.1100906618
44.1349304089
15.3604958978
5.54732128313
16.4746818456
47.3941859338
95.1501567313
154.934971516
221.445973567
290.084145832
357.824516592
423.497602696
487.414587812
550.483567423
613.130330712
674.400803543
731.562740367
780.360846459
815.865295197
833.658151868
830.98900706
807.536933754
765.538853056
709.244648166
643.871993328
574.390017585
504.510189895
436.189570825
369.780041915
304.743422842
240.666273839
178.210318845
119.656654197
68.8368820092
30.4479081956
8.95285201283
7.41107248396
26.6096468342
64.7768507637
117.974839122
181.053203321
248.867324443
317.383178065
384.330221767
449.2132475
512.704142156
575.637128533
637.960417169
698.011242512
752.375396401
796.400979433
825.221319045
834.973608451
823.832498063
792.533497277
744.221593149
683.67390529
616.14231855
546.179095138
476.80777961
409.283904433
343.493768867
278.829028519
215.218678916
153.949111959
97.9737876334
51.5834856942
19.5207252714
5.80828774513
12.6608803192
39.8282442326
84.5838518244
142.369106801
207.894877501
276.357800584
344.394999896
410.488674428
474.712915468
537.930360605
600.72594687
662.450709174
720.712425209
771.503652596
809.948832919
831.448484
832.866213376
813.386331026
774.772072737
720.943714674
657.010807974
588.063769169
518.101874099
449.424360914
382.655624526
317.365377302
253.048762504
190.11360863
130.520647341
77.8379431076
36.6652541957
11.5940291174
6.02559989011
21.2224867829
55.8981970086
106.481784916
167.979493586
235.166424714
303.737876414
371.066319148
436.340668741
500.067122461
563.11953736
625.674332623
686.402417357
742.20646904
788.613343311
820.716463735
834.381529389
827.339742335
799.82495589
754.554252246
696.059068451
629.578818212
559.864705666
490.264329517
422.360682879
356.254198232
291.36404147
227.454249658
165.517127784
108.194358425
59.5697722486
24.3765168688
6.85722984647
9.63470782135
32.9534425227
74.5379879625
130.119351994
194.468592113
262.616349494
330.880287918
397.387777697
461.947461212
525.336548989
588.261552941
650.356651352
709.571384595
762.17193766
803.379260887
828.457992459
833.920551964
818.46946379
783.381374788
732.212284114
669.918122389
601.66847364
531.724542923
462.725483396
395.589084172
330.02886941
265.486486675
202.142132439
141.641004766
87.2683775739
43.4889070407
14.9774140327
5.43947526189
16.5946921373
47.6488950476
95.4286178949
155.141415559
221.527023672
290.041444335
357.708716266
423.385796002
487.378702784
550.560263913
613.302497523
674.597016215
731.675202912
780.276300601
815.499106636
832.980667793
830.035694126
806.398975752
764.337139994
708.095399739
642.85490988
573.528983234
503.772451351
435.503314712
369.064342291
303.940560288
239.765720267
177.256463208
118.737697183
68.0585067002
29.9003223367
8.68197078294
7.40326390293
26.7950365296
65.0501263509
118.226785167
181.202701196
248.883411069
317.290022208
384.193482394
449.112398787
512.699981713
575.745315305
638.139970818
698.172090919
752.402855016
796.189498559
824.706753202
834.153652718
822.768681952
791.334019185
743.010411033
682.555885334
615.175464861
545.362544266
476.089109733
408.583045803
342.7354447
277.972940855
214.27745494
152.988077754
97.0926085988
50.8856593033
19.0808927135
5.64805097005
12.7410383019
40.0600047174
84.8553826673
142.578787821
207.980433669
276.311855595
344.262044711
410.344545601
474.633633935
537.960708067
600.858299735
662.621350319
720.816878962
771.426379416
809.597897945
830.784118021
831.914074316
812.231145183
773.533611409
719.742713454
655.935631344
587.14832981
517.321630991
448.711345068
381.927281437
316.557572116
252.142004567
189.143828291
129.570950694
77.0140152362
36.0624422676
11.2668646176
5.96973043385
21.3749398757
56.1559165013
106.732418418
168.134415105
235.185255646
303.636559617
370.906195727
436.202246571
500.017271624
563.183049221
625.819409432
686.54515414
742.233210106
788.413946787
820.217896923
833.571023202
826.270027278
798.599823627
753.298983983
694.885106039
628.553859855
558.997603335
489.509338586
421.639335214
355.487377054
290.503576495
226.503575064
164.534175498
107.275702514
58.8211913732
23.8795946318
6.6429161095
9.67249806364
33.1597366968
74.8009319735
130.332087502
194.560101204
262.569876539
330.733395546
397.214118398
461.826357759
525.320507621
588.352564618
650.499318651
709.665453349
762.100485923
803.043657768
827.808464023
832.972525912
817.300385094
782.108930181
730.960922992
668.78448816
600.696657692
530.898849176
461.982695465
394.84590959
329.215346962
264.574267969
201.158286839
140.662777484
86.4005874382
42.8313639458
14.5930098674
5.33339109343
16.7115405599
47.8887649079
95.6768206244
155.302263258
221.550659651
289.935027671
357.528392101
423.212188672
487.284094886
550.57839127
613.411091897
674.719111481
731.699119986
780.088122349
815.017332925
832.181948671
828.963340852
805.151444167
763.040090749
706.866190302
641.770763371
572.608838009
502.978027195
434.758692661
368.287368986
303.075597958
238.806894664
176.253725794
117.783676892
67.2604322427
29.3461919775
8.41203769158
7.39617753557
26.9732006119
65.302563857
118.442088155
181.301355756
248.838999433
317.132450767
383.993277852
448.951332963
512.637797755
575.793655784
638.252309679
698.253285206
752.335540588
795.869033969
824.073566098
833.212596786
821.589132763
790.030595261
741.710407807
681.363747128
614.145521949
544.488519305
475.313437765
407.82262926
341.915164733
277.055786314
213.28130305
151.983575654
96.1828181229
50.1741104456
18.6384946037
5.48969272503
12.8195563615
40.2795275885
85.0997414214
142.745764986
208.010722703
276.203339229
344.064811964
410.138384928
474.495502855
537.933003701
600.928548191
662.720253401
720.835692787
771.248289372
809.133447651
829.999352469
830.84232902
810.964625525
772.197373985
718.4592902
654.791504667
586.172813982
516.484656988
447.940503485
381.138246711
315.687732538
251.176149078
188.12339837
128.583784516
76.1679174979
35.4512190277
10.9399388664
5.91529438357
21.5221874673
56.3956742481
106.949489339
168.24112971
235.145335923
303.471576336
370.682604103
436.003359085
499.909491182
563.18761219
625.899143412
686.610895383
742.168125641
788.108147603
819.602315516
832.639680511
825.083487236
797.268644613
751.952379847
693.634751787
627.464289545
558.072464288
488.697596734
420.859055533
354.659028225
289.581772587
225.496748732
163.505677268
106.325932722
58.0565963625
23.3786694952
6.4303473586
9.7099310024
33.3562304286
75.0397413052
130.505083133
194.598649974
262.462165869
330.522626782
396.978265155
461.646241521
525.246806904
588.382775727
650.572487701
709.676731244
761.931092666
802.596782157
827.039618947
831.904587345
816.018418105
780.73637269
729.624663111
667.579903256
599.663639043
530.016235393
461.182550327
394.042654613
328.339978273
263.60230119
200.122189544
139.64476934
85.5081397214
42.1634071874
14.2079114362
5.22919824672
16.8249887255
48.1134292862
95.8945428363
155.417652925
221.517471513
289.765875769
357.284720459
422.977893854
487.131574859
550.53831971
613.456054265
674.766758895
731.634148247
779.796230785
814.420360292
831.262916323
827.773314725
803.795932383
761.649245093
705.558255508
640.620342855
571.629932924
502.126984178
433.955732905
367.449366408
302.149174617
237.790871729
175.203507043
116.796092306
66.4439852881
28.7864448324
8.14347310331
7.38977178035
27.1438204781
65.5338326297
118.620665042
181.349502342
248.734870809
316.911567941
383.730803505
448.731073698
512.518236435
575.782339501
638.29724293
698.254463749
752.17319772
795.439692938
823.322381452
832.151582387
820.295359013
788.624844949
740.323034799
680.098560034
613.053095299
543.557235436
474.480790329
407.002754114
341.033333719
276.078401247
212.231467808
150.937091688
95.2458869293
49.4500310826
18.1942594345
5.33343264123
12.896254344
40.4864616409
85.3166803672
142.870126192
207.986283247
276.033202922
343.804488972
409.871359256
474.299418563
537.847713691
600.936713824
662.747133442
720.768523716
770.969261796
808.555806241
829.095049954
829.652312763
809.588375834
770.764955312
717.094768261
653.579314893
585.137655652
515.591067
447.111869576
380.288733016
314.756447171
250.15222659
187.053703772
127.560674153
75.3010442523
34.8326073092
10.6137716186
5.86232917897
21.6639515089
56.6171360423
107.132875568
168.299918245
235.04740194
303.244017298
370.396768822
435.745099146
499.744520406
563.133508679
625.913412026
686.599306217
742.010942026
787.696000715
818.870278639
831.588592085
823.78161493
795.833067964
750.515962158
692.309170168
626.310807552
557.089574029
487.829160837
420.019931076
353.769513846
288.599414987
224.434980398
162.433120114
105.346564466
57.2772609739
22.8745701906
6.21983705991
9.74689102075
33.5425942705
75.2541475882
130.638377809
194.584722993
262.294134518
330.249172502
396.681431877
461.408090729
525.116009366
588.352293117
650.575925666
709.604882596
761.663602239
802.038897242
826.152257408
830.718032801
814.625169231
779.265345504
728.204911809
666.305352965
598.56993897
529.076871241
460.325093138
393.179504644
327.403302374
262.571569298
199.035203536
138.588524693
84.5924906618
41.4861521578
13.8227393808
5.12701822994
16.934806036
48.3225568379
96.0816270382
155.487810619
221.428146524
289.535058747
356.978947567
422.684067914
486.921973018
550.440426667
613.437335842
674.739657481
731.480002188
779.400631906
813.708682506
830.224605775
826.467085278
802.334111493
760.16619073
704.172853188
639.404445656
570.592629382
501.21941634
433.094516489
366.550656959
301.162023222
236.718821442
174.107287843
115.776496425
65.6105166195
28.2220089621
7.87668745569
7.38400163826
27.3065953645
65.7436491192
118.762507897
181.347569388
248.5719022
316.628560557
383.407313231
448.452676771
512.341956309
575.711562455
638.27459654
698.175305258
751.915641095
794.901679327
822.453934377
830.971861197
818.888961877
787.118452656
738.849779085
678.761407569
611.898797361
542.568923536
473.591231189
406.123583274
340.090442246
275.041718157
211.12928418
149.850181845
94.2833268646
48.7146258848
17.7489095706
5.17948089753
12.970955877
40.6804849575
85.5060109075
142.952043124
207.907749602
275.802489559
343.482336076
409.544682279
474.04629965
537.705311947
600.882826707
662.701730488
720.615081025
770.589257707
807.865402022
828.072185458
828.345464702
808.104081294
769.238002255
715.650496065
652.299957906
584.04329731
514.640999177
446.225524526
379.379026673
313.764396177
249.071362901
185.936212289
126.503202889
74.4148181338
34.2076329267
10.2888728252
5.81086624061
21.7999670652
56.8200092089
107.282525128
168.311151642
234.892285397
302.955057717
370.04997641
435.428595083
499.52311283
563.021026963
625.86210616
686.510087038
741.761450123
787.177653029
818.022454464
830.418959003
822.365998419
794.294811773
748.991292833
690.909542163
625.094120743
556.049230882
486.904120266
419.122107676
352.81927816
287.557383496
223.319571215
161.318064191
104.339158347
56.4844751995
22.3681209652
6.01168817563
9.78326263538
33.7185227452
75.4439360221
130.732089944
194.518898538
262.06679163
329.914299189
396.324882865
461.112908745
524.92868616
588.261230537
650.509420746
709.449618481
761.297935309
801.370366499
825.147290659
829.414264184
813.122329662
777.697547941
726.703104771
664.961832805
597.416085827
528.080945879
459.410411901
392.256713957
326.405946736
261.483150001
197.898776714
137.495649629
83.6551288681
40.80072005
13.4381050882
5.02696433106
17.0407705061
48.5158520402
96.2379806639
155.513049082
221.283466329
289.243732964
356.612384983
422.331906147
486.656136115
550.285095253
613.354898497
674.63753678
731.236455155
778.901418789
812.88289955
829.068162194
825.046219765
800.767725433
758.592558829
702.711260021
638.123875662
569.497299078
500.255445803
432.175178067
365.591641076
300.114969185
235.592005794
172.966625101
114.726491489
64.761397092
27.6538099616
7.61208007043
7.37881897639
27.4612434217
65.931777822
118.867683701
181.296076653
248.351062905
316.284693489
383.024114955
448.117226125
512.109625805
575.581526204
638.184213581
698.01552987
751.562756238
794.255293138
821.469069371
829.67479117
817.371630407
785.513162938
737.292159522
677.353385034
610.683246502
541.523830541
472.644862107
405.185343719
339.087066151
273.946763341
209.976173637
148.72446735
93.2966861226
47.9691084541
17.3031590823
5.02803768003
13.0434890229
40.8613060189
85.6676041136
142.991770373
207.775849231
275.512329473
