169.550588376
169.731806813
169.913044798
170.094301891
170.275577658
170.45687166
170.63818347
170.819512636
171.000858732
171.182221324
171.363599975
171.544994255
171.72640373
171.907827967
172.089266533
172.270718997
172.452184929
172.633663907
172.815155483
172.996659238
173.17817474
173.359701563
173.54123928
173.722787462
173.904345681
174.085913514
174.267490533
174.449076316
174.630670442
174.812272474
174.993881998
175.175498588
175.357121824
175.538751283
175.720386546
175.902027192
176.0836728
176.265322949
176.446977226
176.628635218
176.81029649
176.991960636
177.173627239
177.355295883
177.536966153
177.718637635
177.900309918
178.081982584
178.263655225
178.445327435
178.626998789
178.808668882
178.990337307
179.172003653
179.353667513
179.535328479
179.716986144
179.898640102
180.080289946
180.261935271
180.443575684
180.625210761
180.806840111
180.98846333
181.170080016
181.35168977
181.53329219
181.714886877
181.896473433
182.078051462
182.259620564
182.441180353
182.622730413
182.80427036
182.985799802
183.167318342
183.348825588
183.530321149
183.711804634
183.89327565
184.074733811
184.256178725
184.437610012
184.619027272
184.800430121
184.981818178
185.163191055
185.344548369
185.525889737
185.707214775
185.8885231
186.069814333
186.251088094
186.432344009
186.613581685
186.794800752
186.976000832
187.157181549
187.338342529
187.519483395
187.700603774
187.881703293
188.06278158
188.243838264
188.424872981
188.605885347
188.786874998
188.967841572
189.148784696
189.329704007
189.510599137
189.691469723
189.872315401
190.053135808
190.233930581
190.414699367
190.595441793
190.776157504
190.956846141
191.137507347
191.318140768
191.498746042
191.67932282
191.859870745
192.040389464
192.220878633
192.401337881
192.581766872
192.76216525
192.942532671
193.122868783
193.303173242
193.483445699
193.66368581
193.843893234
194.024067622
194.204208642
194.384315937
194.564389174
194.744428013
194.924432115
195.104401142
195.284334757
195.464232623
195.64409441
195.823919777
196.003708394
196.183459937
196.363174057
196.542850434
196.722488736
196.902088636
197.081649805
197.26117192
197.44065465
197.620097673
197.799500666
197.978863304
198.158185275
198.337466243
198.516705892
198.695903907
198.875059968
199.054173757
199.233244963
199.412273266
199.591258353
199.77019991
199.949097624
200.127951197
200.306760298
200.485524626
200.664243876
200.842917736
201.021545904
201.200128071
201.378663936
201.557153194
201.735595542
201.913990679
202.092338315
202.270638131
202.44888984
202.627093143
202.80524774
202.983353341
203.161409648
203.339416371
203.517373217
203.695279892
203.873136105
204.05094158
204.22869601
204.40639911
204.584050605
204.761650199
204.939197612
205.116692562
205.294134765
205.47152394
205.648859807
205.826142086
206.003370507
206.180544778
206.357664628
206.534729785
206.71173997
206.888694917
207.06559435
207.242437995
207.419225587
207.595956854
207.772631537
207.949249352
208.125810042
208.302313342
208.478758987
208.655146716
208.831476267
209.007747374
209.183959783
209.360113235
209.536207469
209.712242238
209.888217269
210.064132318
210.23998713
210.41578145
210.59151503
210.767187619
210.942798964
211.11834882
211.293836937
211.469263072
211.644626984
211.819928414
211.995167127
212.170342878
212.345455433
212.520504544
212.695489975
212.870411486
213.045268844
213.220061808
213.394790145
213.569453628
213.744052011
213.918585066
214.093052565
214.267454278
214.441789972
214.616059425
214.790262405
214.964398691
215.138468054
215.312470272
215.48640513
215.660272391
215.834071839
216.007803261
216.181466433
216.355061139
216.528587161
216.702044287
216.875432299
217.048750985
217.222000133
217.395179537
217.568288973
217.74132824
217.914297128
218.087195433
218.260022942
218.432779456
218.605464767
218.778078675
218.950620975
219.123091466
219.295489957
219.467816232
219.6400701
219.812251366
219.984359834
220.156395307
220.328357591
220.500246492
220.672061822
220.843803384
221.015470992
221.187064465
221.358583596
221.530028209
221.701398117
221.872693133
222.043913073
222.21505776
222.386127004
222.557120628
222.728038452
222.898880303
223.069645987
223.240335338
223.410948176
223.581484327
223.751943617
223.922325875
224.092630925
224.2628586
224.433008726
224.603081138
224.773075668
224.942992142
225.112830397
225.282590268
225.452271591
225.6218742
225.791397938
225.96084264
226.130208147
226.299494297
226.468700935
226.637827907
226.806875045
226.975842198
227.144729214
227.313535936
227.482262213
227.650907897
227.819472828
227.987956864
228.156359854
228.324681648
228.492922108
228.66108107
228.829158402
228.997153956
229.165067587
229.332899156
229.500648522
229.668315538
229.83590007
230.003401977
230.170821126
230.338157382
230.505410594
230.672580639
230.839667378
231.006670681
231.173590414
231.340426446
231.507178646
231.673846885
231.840431034
232.006930966
232.17334656
232.339677675
232.505924197
232.672085996
232.838162953
233.004154944
233.170061845
233.335883539
233.501619906
233.667270825
233.832836177
233.998315854
234.163709727
234.329017686
234.494239609
234.659375392
234.82442492
234.98938808
235.154264758
235.319054848
235.483758238
235.648374818
235.812904491
235.977347133
236.141702643
236.305970922
236.470151859
236.634245353
236.7982513
236.962169597
237.126000148
237.289742848
237.453397604
237.616964304
237.780442854
237.943833166
238.107135132
238.270348664
238.433473665
238.596510037
238.759457695
238.92231654
239.085086482
239.247767436
239.410359297
239.572861989
239.735275415
239.897599491
240.059834131
240.221979246
240.384034752
240.546000563
240.707876594
240.869662765
241.031358997
241.192965198
241.354481288
241.515907191
241.677242826
241.838488112
241.999642975
242.160707335
242.321681114
242.482564237
242.643356628
242.804058221
242.964668927
243.125188679
243.285617405
243.445955034
243.60620149
243.766356708
243.926420616
244.086393144
244.246274224
244.40606379
244.565761778
244.72536811
244.884882728
245.044305565
245.203636556
245.362875637
245.522022745
245.681077819
245.840040795
245.998911612
246.157690209
246.316376535
246.474970513
246.633472092
246.791881216
246.950197824
247.108421863
247.266553272
247.424591996
247.582537984
247.740391177
247.898151521
248.05581897
248.213393459
248.370874939
248.528263362
248.685558674
248.842760826
248.999869765
249.156885444
249.313807814
249.470636827
249.627372439
249.784014592
249.940563243
250.097018348
250.253379861
250.409647735
250.565821927
250.721902392
250.877889085
251.033781965
251.189580989
251.34528612
251.500897304
251.656414506
251.811837684
251.967166798
252.122401812
252.277542683
252.43258937
252.587541839
252.74240005
252.897163968
253.051833558
253.206408775
253.360889585
253.515275955
253.669567847
253.823765231
253.977868069
254.131876327
254.285789972
254.439608971
254.593333291
254.746962907
254.900497773
255.053937865
255.20728315
255.360533597
255.513689177
255.666749861
255.819715618
255.972586419
256.125362234
256.278043037
256.430628802
256.583119493
256.735515086
256.887815553
257.04002087
257.192131009
257.344145945
257.496065651
257.647890102
257.799619271
257.951253136
258.102791678
258.254234857
258.405582658
258.556835059
258.707992035
258.859053562
259.010019617
259.160890179
259.311665225
259.462344732
259.61292868
259.763417052
259.913809818
260.064106957
260.214308454
260.364414286
260.514424432
260.664338872
260.814157589
260.963880561
261.11350777
261.263039194
261.412474823
261.561814626
261.71105859
261.860206694
262.009258924
262.15821526
262.307075684
262.455840179
262.604508726
262.753081312
262.901557921
263.049938525
263.198223115
263.346411673
263.494504183
263.642500629
263.790400993
263.93820526
264.085913416
264.233525443
264.381041324
264.528461052
264.675784598
264.823011953
264.970143099
265.117178023
265.264116708
265.410959148
265.557705318
265.704355204
265.850908794
265.997366073
266.143727031
266.289991641
266.436159895
266.582231779
266.728207279
266.874086378
267.019869062
267.165555319
267.311145131
267.456638489
267.602035372
267.747335778
267.892539674
268.037647057
268.182657908
268.327572216
268.472389968
268.617111145
268.761735735
268.906263724
269.050695095
269.195029837
269.339267938
269.483409372
269.627454132
269.771402201
269.915253567
270.059008214
270.202666124
270.346227286
270.489691684
270.633059299
270.776330126
270.919504137
271.062581322
271.205561664
271.348445149
271.491231761
271.633921481
271.776514298
271.919010192
272.06140915
272.203711152
272.345916181
272.48802423
272.630035268
272.771949284
272.913766261
273.055486181
273.197109027
273.338634781
273.480063425
273.621394941
273.762629311
273.903766523
274.044806547
274.185749366
274.326594966
274.467343325
274.607994424
274.748548242
274.889004761
275.029363959
275.169625819
275.309790316
275.449857438
275.589827152
275.729699441
275.869474284
276.009151659
276.148731545
276.288213918
276.427598755
276.566886036
276.706075734
276.845167828
276.984162297
277.123059111
277.261858249
277.400559678
277.539163385
277.677669337
277.816077512
277.954387885
278.092600427
278.230715112
278.368731912
278.506650808
278.644471757
278.782194741
278.919819728
279.057346693
279.194775604
279.332106434
279.469339149
279.606473722
279.743510121
279.88044832
280.017288287
280.154029982
280.290673376
280.427218439
280.563665137
280.700013438
280.836263307
280.97241471
281.108467612
281.244421979
281.380277776
281.516034971
281.651693518
281.787253384
281.922714536
282.058076931
282.19334053
282.328505305
282.463571206
282.598538197
282.733406239
282.868175289
283.002845317
283.137416266
283.2718881
283.406260779
283.540534257
283.674708494
283.808783443
283.942759062
284.076635303
284.210412126
284.344089478
284.477667326
284.611145606
284.74452428
284.877803296
285.010982608
285.144062168
285.277041923
285.409921828
285.542701824
285.675381868
285.80796191
285.940441886
286.07282175
286.205101449
286.337280926
286.469360128
286.601339002
286.733217488
286.864995532
286.996673077
287.128250063
287.259726441
287.391102138
287.522377104
287.653551273
287.784624588
287.915596989
288.046468408
288.17723879
288.307908066
288.438476178
288.568943055
288.699308642
288.829572861
288.959735649
289.089796944
289.219756673
289.349614769
289.479371166
289.60902579
289.738578573
289.868029445
289.997378332
290.126625169
290.25576987
290.384812369
290.51375259
290.642590456
290.771325895
290.89995883
291.02848918
291.156916872
291.285241826
291.413463959
291.541583201
291.669599458
291.797512653
291.925322708
292.053029535
292.180633056
292.308133181
292.435529827
292.562822906
292.690012337
292.81709803
292.944079898
293.070957849
293.197731793
293.324401639
293.450967302
293.577428684
293.703785696
293.830038242
293.95618623
294.082229562
294.208168146
294.334001891
294.459730686
294.58535444
294.710873052
294.836286424
294.961594457
295.086797048
295.211894094
295.336885493
295.461771143
295.586550942
295.711224779
295.835792548
295.960254144
296.084609459
296.208858385
296.333000811
296.457036633
296.580965731
296.704787998
296.828503322
296.952111592
297.075612687
297.199006494
297.322292896
297.445471779
297.568543026
297.691506515
297.814362129
297.937109748
298.059749246
298.182280512
298.304703417
298.427017833
298.549223638
298.67132071
298.793308918
298.915188138
299.036958242
299.1586191
299.28017058
299.401612561
299.5229449
299.644167475
299.765280143
299.886282772
300.007175232
300.127957381
300.248629087
300.369190209
300.489640613
300.609980152
300.730208691
300.850326087
300.970332206
301.090226891
301.210010005
301.329681402
301.449240938
301.568688462
301.688023831
301.807246896
301.926357504
302.045355508
302.164240757
302.283013102
302.401672378
302.52021844
302.638651132
302.756970296
302.875175777
302.993267418
303.111245059
303.229108538
303.346857698
303.464492379
303.58201242
303.699417648
303.816707905
303.933883025
304.050942842
304.16788719
304.2847159
304.401428803
304.518025729
304.634506506
304.750870966
304.867118937
304.983250238
305.099264699
305.215162142
305.330942394
305.446605274
305.562150608
305.677578213
305.792887908
305.908079516
306.023152851
306.138107736
306.252943976
306.367661392
306.482259798
306.596739004
306.711098828
306.825339076
306.93945956
307.053460085
307.167340469
307.281100516
307.394740024
307.508258804
307.621656659
307.734933393
307.848088809
307.96112271
308.074034892
308.186825158
308.299493306
308.412039133
308.524462439
308.636763012
308.748940653
308.860995152
308.972926303
309.084733899
309.19641773
309.307977585
309.419413252
309.530724525
309.641911182
309.752973021
309.863909814
309.974721352
310.085407412
310.195967784
310.306402244
310.416710575
310.526892553
310.636947961
310.746876572
310.856678164
310.966352516
311.075899393
311.185318576
311.294609834
311.403772939
311.512807664
311.621713776
311.730491043
311.839139235
311.947658116
312.056047454
312.164307018
312.272436561
312.38043585
312.48830465
312.596042722
312.703649821
312.81112571
312.918470145
313.025682884
313.132763684
313.239712298
313.346528487
313.453211993
313.559762574
313.666179981
313.772463963
313.878614272
313.984630656
314.090512861
314.196260635
314.301873721
314.407351867
314.512694821
314.617902314
314.722974094
314.827909902
314.932709476
315.03737256
315.141898885
315.246288195
315.350540223
315.454654703
315.558631375
315.662469964
315.766170206
315.869731835
315.973154579
316.076438166
316.179582331
316.282586794
316.385451289
316.488175537
316.590759266
316.693202201
316.795504062
316.897664571
316.999683451
317.101560423
317.203295205
317.304887518
317.406337077
317.507643602
317.608806805
317.709826404
317.810702119
317.91143365
318.012020717
318.112463028
318.212760301
318.312912238
318.412918551
318.512778947
318.612493126
318.712060817
318.811481702
318.910755496
319.009881899
319.10886061
319.207691339
319.30637378
319.404907638
319.503292608
319.601528392
319.699614685
319.797551184
319.895337586
319.992973589
320.090458879
320.187793153
320.284976102
320.38200742
320.478886795
320.57561392
320.672188478
320.768610164
320.864878663
320.96099366
321.056954845
321.152761895
321.248414496
321.343912338
321.439255094
321.534442452
321.62947409
321.724349688
321.819068926
321.913631482
322.008037033
322.102285259
322.196375831
322.290308424
322.384082714
322.477698373
322.571155075
322.664452496
322.757590302
322.850568163
322.94338575
323.036042732
323.128538781
323.220873558
323.31304673
323.405057964
323.496906925
323.588593279
323.680116688
323.771476816
323.862673323
323.953705871
324.044574125
324.135277737
324.225816369
324.31618968
324.406397329
324.496438968
324.58631426
324.676022854
324.765564411
324.854938581
324.944145018
325.033183377
325.122053306
325.21075446
325.299286486
325.387649035
325.475841757
325.563864301
325.651716314
325.73939744
325.826907334
325.914245633
326.001411993
326.088406043
326.175227438
326.261875821
326.34835083
326.434652109
326.520779299
326.606732041
326.692509975
326.778112742
326.863539977
326.948791325
327.033866416
327.11876489
327.203486382
327.288030531
327.372396967
327.456585329
327.540595251
327.624426364
327.708078301
327.791550695
327.874843184
327.957955387
328.040886941
328.123637475
328.206206616
328.288593997
328.370799246
328.452821987
328.534661851
328.616318464
328.697791447
328.779080437
328.860185048
328.941104907
329.02183964
329.10238887
329.182752218
329.262929313
329.342919771
329.422723213
329.502339262
329.58176754
329.661007668
329.74005926
329.818921937
329.897595324
329.976079027
330.054372677
330.13247588
330.210388262
330.288109432
330.365639012
330.442976616
330.520121856
330.597074349
330.673833708
330.750399547
330.826771481
330.902949122
330.978932082
331.054719972
331.130312408
331.205708998
331.280909358
331.355913092
331.430719812
331.505329129
331.579740654
331.653953993
331.727968758
331.801784556
331.875400995
331.948817682
332.022034227
332.095050239
332.167865319
332.240479074
332.312891115
332.385101043
332.457108467
332.528912994
332.600514222
332.671911763
332.743105218
332.81409419
332.884878289
332.955457109
333.025830261
333.095997347
333.165957965
333.235711721
333.305258221
333.37459706
333.443727845
333.512650176
333.581363655
333.649867886
333.718162464
333.786246993
333.854121073
333.921784305
333.989236289
334.056476626
334.123504915
334.190320756
334.256923748
334.323313491
334.389489588
334.45545163
334.521199222
334.586731958
334.652049442
334.71715127
334.782037039
334.846706354
334.911158802
334.975393989
335.039411512
335.10321097
335.166791958
335.230154074
335.293296916
335.356220082
335.418923169
335.481405782
335.543667497
335.605707935
335.667526682
335.729123337
335.790497504
335.851648764
335.912576728
335.973280987
336.033761141
336.094016789
336.154047521
336.21385294
336.273432643
336.332786224
336.391913287
336.450813419
336.509486224
336.567931299
336.626148239
336.684136645
336.741896107
336.79942623
336.856726611
336.913796844
336.97063653
337.027245268
337.08362265
337.139768278
337.195681752
337.251362665
337.30681062
337.362025214
337.417006044
337.471752711
337.526264813
337.580541951
337.634583723
337.688389726
337.741959561
337.795292827
337.848389128
337.901248058
337.953869221
338.006252215
338.058396644
338.110302109
338.161968207
338.213394542
338.264580715
338.315526327
338.366230982
338.41669428
338.466915822
338.516895215
338.56663206
338.616125959
338.665376518
338.714383338
338.763146027
338.811664186
338.85993742
338.907965333
338.955747533
339.003283623
339.05057321
339.097615902
339.144411302
339.190959021
339.237258661
339.283309838
339.329112151
339.374665211
339.41996863
339.465022011
339.509824969
339.554377112
339.59867805
339.642727392
339.686524753
339.730069739
339.773361969
339.81640105
339.859186593
339.901718216
339.943995529
339.986018149
340.027785689
340.069297761
340.110553986
340.151553976
340.192297348
340.232783722
340.273012711
340.312983934
340.352697011
340.392151556
340.431347195
340.470283543
340.508960224
340.547376856
340.585533061
340.623428463
340.661062682
340.698435342
340.735546066
340.772394479
340.808980208
340.845302874
340.881362106
340.91715753
340.952688774
340.987955462
341.022957229
341.057693698
341.092164505
341.126369268
341.16030763
341.193979216
341.227383665
341.260520604
341.293389669
341.325990493
341.358322708
341.390385958
341.422179871
341.453704085
341.484958243
341.515941978
341.546654929
341.57709674
341.607267048
341.637165495
341.666791722
341.696145375
341.725226095
341.754033523
341.782567309
341.810827095
341.838812533
341.866523263
341.893958938
341.921119205
341.948003712
341.974612113
342.000944058
342.026999197
342.052777182
342.078277674
342.103500315
342.128444774
342.153110697
342.177497744
342.201605576
342.225433845
342.248982218
342.272250351
342.295237909
342.317944547
342.340369936
342.362513733
342.384375608
342.405955226
342.427252252
342.448266355
342.468997202
342.489444463
342.50960781
342.529486913
342.549081445
342.568391078
342.587415484
342.606154343
342.624607329
342.64277412
342.660654392
342.678247825
342.6955541
342.712572896
342.729303898
342.745746787
342.761901246
342.777766961
342.793343621
342.80863091
342.823628516
342.83833613
342.852753442
342.866880141
342.880715924
342.894260478
342.907513504
342.920474692
342.933143745
342.945520355
342.957604226
342.969395052
342.980892538
342.992096385
343.003006297
343.013621978
343.023943134
343.033969473
343.043700699
343.053136522
343.062276655
343.071120808
343.079668694
343.087920022
343.095874515
343.10353188
343.110891842
343.117954114
343.124718415
343.131184472
343.137352
343.143220726
343.148790373
343.154060669
343.159031335
343.163702102
343.168072703
343.172142866
343.17591232
343.1793808
343.182548037
343.185413776
343.187977745
343.190239684
343.192199332
343.193856431
343.195210723
343.19626195
343.197009856
343.197454187
343.197594691
343.197431116
343.196963212
343.196190729
343.195113422
343.193731042
343.192043344
343.190050085
343.187751022
343.185145914
343.182234523
343.179016612
343.17549194
343.171660273
343.167521379
343.163075024
343.158320973
343.153259002
343.14788888
343.142210377
343.136223271
343.129927337
343.123322351
343.116408091
343.109184341
343.101650875
343.093807481
343.085653943
343.077190046
343.068415575
343.059330322
343.049934074
343.040226626
343.030207766
343.019877292
343.009234998
342.998280683
342.987014146
342.975435184
342.963543603
342.951339201
342.938821789
342.92599117
342.912847151
342.899389544
342.885618158
342.871532806
342.8571333
342.842419459
342.827391096
342.812048032
342.796390086
342.780417081
342.764128837
342.747525182
342.730605941
342.713370942
342.695820013
342.677952986
342.659769696
342.641269972
342.622453654
342.603320575
342.583870577
342.564103502
342.544019188
342.523617481
342.502898229
342.481861269
342.46050646
342.438833648
342.416842686
342.394533424
342.371905721
342.348959429
342.325694411
342.302110527
342.278207635
342.253985598
342.229444285
342.20458356
342.17940329
342.153903347
342.128083601
342.101943925
342.075484194
342.048704287
342.021604077
341.99418345
341.966442283
341.938380463
341.909997869
341.881294394
341.852269924
341.822924348
341.793257557
341.763269445
341.732959912
341.702328848
341.671376155
341.640101733
341.608505485
341.576587313
341.544347123
341.511784823
341.47890032
341.445693528
341.412164356
341.37831272
341.344138537
341.309641722
341.274822197
341.239679882
341.204214701
341.168426578
341.132315437
341.095881212
341.059123829
341.022043217
340.984639319
340.946912063
340.908861388
340.870487231
340.831789537
340.792768246
340.753423303
340.713754654
340.673762246
340.633446027
340.592805953
340.551841977
340.510554054
340.468942136
340.427006187
340.384746167
340.342162035
340.299253761
340.256021305
340.21246464
340.168583731
340.124378553
340.079849082
340.034995286
339.989817148
339.944314641
339.898487754
339.852336462
339.805860754
339.759060615
339.711936031
339.664486995
339.616713498
339.568615534
339.520193098
339.471446185
339.422374801
339.372978941
339.323258608
339.273213811
339.222844553
339.172150845
339.121132694
339.069790118
339.018123128
338.966131739
338.913815971
338.861175844
338.808211378
338.754922596
338.701309525
338.647372194
338.593110629
338.538524861
338.483614929
338.428380862
338.372822699
338.316940477
338.260734236
338.204204025
338.147349881
338.090171853
338.03266999
337.974844342
337.916694956
337.858221894
337.799425209
337.740304957
337.680861198
337.621093993
337.561003409
337.500589506
337.439852356
337.378792026
337.317408585
337.255702109
337.193672675
337.131320357
337.068645231
337.00564738
336.942326888
336.878683841
336.814718319
336.750430416
336.68582022
336.620887821
336.555633316
336.490056803
336.424158377
336.35793814
336.291396188
336.224532631
336.157347572
336.08984112
336.022013381
335.953864469
335.885394494
335.816603578
335.747491833
335.67805938
335.60830634
335.538232832
335.467838986
335.397124927
335.326090782
335.254736684
335.183062763
335.111069151
335.038755992
334.966123422
334.893171579
334.819900605
334.746310646
334.672401847
334.598174354
334.52362832
334.448763894
334.373581232
334.298080485
334.222261818
334.146125385
334.069671349
333.992899874
333.915811124
333.838405267
333.760682471
333.682642906
333.604286748
333.52561417
333.446625343
333.367320457
333.287699686
333.207763213
333.127511222
333.046943902
332.966061437
332.884864019
332.803351841
332.721525096
332.639383981
332.556928686
332.474159423
332.391076385
332.307679782
332.223969813
332.139946687
332.055610614
331.970961807
331.886000476
331.800726833
331.715141104
331.629243496
331.543034238
331.456513551
331.369681657
331.282538784
331.195085159
331.107321014
331.019246576
330.930862085
330.842167772
330.753163873
330.663850635
330.574228292
330.484297092
330.394057278
330.303509096
330.212652796
330.121488626
330.030016843
329.938237698
329.846151449
329.753758347
329.661058663
329.568052655
329.474740585
329.38112272
329.287199325
329.192970669
329.098437028
329.003598671
328.908455871
328.81300891
328.717258057
328.621203604
328.524845829
328.428185013
328.331221444
328.233955408
328.136387198
328.038517101
327.940345413
327.841872427
327.74309844
327.644023747
327.544648658
327.444973469
327.344998484
327.244724011
327.144150355
327.043277825
326.942106735
326.840637397
326.738870126
326.636805236
326.534443042
326.431783876
326.328828052
326.225575895
326.122027733
326.018183888
325.914044692
325.809610475
325.704881573
325.599858314
325.49454104
325.388930081
325.283025785
325.176828493
325.070338543
324.963556283
324.85648206
324.749116221
324.641459115
324.533511096
324.425272516
324.316743731
324.207925093
324.098816971
323.989419718
323.879733699
323.769759277
323.659496817
323.548946687
323.438109255
323.326984893
323.215573971
323.103876865
322.991893949
322.879625603
322.767072203
322.654234134
322.541111777
322.427705512
322.314015731
322.200042814
322.085787157
321.971249148
321.856429172
321.741327637
321.625944933
321.510281455
321.394337604
321.278113777
321.161610382
321.044827821
320.927766494
320.810426815
320.692809189
320.574914023
320.456741733
320.338292741
320.219567449
320.100566279
319.981289649
319.861737978
319.741911689
319.6218112
319.501436943
319.38078934
319.259868814
319.138675805
319.017210736
318.895474044
318.773466158
318.651187517
318.528638558
318.405819717
318.282731435
318.159374155
318.035748319
317.911854367
317.787692754
317.663263924
317.538568326
317.413606409
317.288378626
317.16288543
317.037127278
316.911104625
316.78481793
316.658267651
316.531454246
316.404378185
316.277039929
316.149439942
316.021578691
315.893456644
315.765074272
315.636432043
315.507530435
315.378369914
315.248950965
315.119274051
314.989339665
314.85914828
314.728700378
314.597996438
314.467036947
314.335822391
314.204353254
314.072630024
313.940653194
313.808423249
313.675940678
313.543205985
313.410219659
313.276982197
313.143494095
313.009755856
312.875767969
312.741530947
312.607045289
312.472311496
312.337330075
312.202101529
312.066626374
311.930905115
311.794938262
311.658726325
311.52226982
311.385569261
311.248625158
311.111438037
310.974008407
310.836336788
310.698423708
310.560269684
310.421875239
310.283240896
310.14436718
310.005254625
309.865903751
309.726315085
309.586489164
309.446426515
309.306127665
309.165593162
309.024823532
308.883819312
308.742581041
308.601109254
308.459404494
308.317467298
308.175298211
308.032897776
307.890266532
307.747405024
307.604313807
307.460993425
307.317444423
307.173667354
307.029662766
306.885431211
306.740973244
306.596289417
306.451380284
306.306246406
306.160888327
306.015306621
305.869501842
305.723474548
305.577225303
305.430754665
305.284063201
305.137151475
304.990020049
304.842669491
304.69510037
304.547313246
304.399308702
304.251087302
304.102649616
303.953996218
303.805127677
303.656044571
303.506747474
303.357236963
303.207513612
303.057578002
302.907430704
302.757072308
302.60650339
302.455724532
302.304736319
302.153539327
302.002134148
301.850521361
301.698701554
301.546675313
301.394443227
301.242005877
301.089363867
300.936517777
300.7834682
300.630215728
300.476760953
300.323104468
300.169246867
300.015188746
299.8609307
299.70647332
299.551817214
299.396962977
299.241911204
299.086662497
298.931217456
298.775576679
298.619740775
298.463710341
298.307485979
298.151068298
297.994457894
297.837655382
297.680661368
297.523476454
297.366101247
297.208536362
297.050782398
296.892839971
296.734709689
296.576392166
296.417888009
296.259197825
296.100322239
295.941261861
295.782017302
295.622589178
295.462978104
295.303184696
295.143209569
294.98305334
294.822716629
294.66220005
294.501504219
294.340629766
294.179577306
294.018347458
293.856940844
293.695358084
