102.798952832
102.80396506
102.808969986
102.813967609
102.818957928
102.82394094
102.828916644
102.83388504
102.838846125
102.843799898
102.848746358
102.853685503
102.858617332
102.863541844
102.868459037
102.873368909
102.87827146
102.883166687
102.88805459
102.892935168
102.897808417
102.902674339
102.90753293
102.912384189
102.917228116
102.922064709
102.926893966
102.931715885
102.936530467
102.941337709
102.94613761
102.950930168
102.955715383
102.960493252
102.965263775
102.97002695
102.974782775
102.979531251
102.984272374
102.989006144
102.993732559
102.998451618
103.00316332
103.007867663
103.012564646
103.017254268
103.021936528
103.026611423
103.031278953
103.035939116
103.040591912
103.045237338
103.049875393
103.054506077
103.059129387
103.063745323
103.068353883
103.072955066
103.077548871
103.082135296
103.08671434
103.091286001
103.095850279
103.100407172
103.104956679
103.109498798
103.114033528
103.118560869
103.123080818
103.127593375
103.132098538
103.136596305
103.141086676
103.14556965
103.150045225
103.154513399
103.158974172
103.163427542
103.167873509
103.17231207
103.176743225
103.181166972
103.18558331
103.189992238
103.194393754
103.198787858
103.203174548
103.207553823
103.211925681
103.216290122
103.220647144
103.224996746
103.229338927
103.233673685
103.23800102
103.24232093
103.246633414
103.25093847
103.255236098
103.259526296
103.263809063
103.268084398
103.2723523
103.276612767
103.280865799
103.285111394
103.289349551
103.293580268
103.297803545
103.30201938
103.306227773
103.310428722
103.314622225
103.318808283
103.322986892
103.327158054
103.331321765
103.335478025
103.339626834
103.343768189
103.34790209
103.352028535
103.356147523
103.360259054
103.364363125
103.368459737
103.372548887
103.376630575
103.380704799
103.384771559
103.388830853
103.39288268
103.396927039
103.400963928
103.404993348
103.409015296
103.413029772
103.417036774
103.421036301
103.425028353
103.429012927
103.432990024
103.436959641
103.440921778
103.444876434
103.448823608
103.452763298
103.456695503
103.460620223
103.464537456
103.468447201
103.472349458
103.476244224
103.4801315
103.484011283
103.487883573
103.491748369
103.49560567
103.499455474
103.503297781
103.507132589
103.510959898
103.514779707
103.518592013
103.522396817
103.526194118
103.529983914
103.533766204
103.537540987
103.541308262
103.545068028
103.548820285
103.552565031
103.556302265
103.560031985
103.563754192
103.567468884
103.57117606
103.574875719
103.57856786
103.582252482
103.585929584
103.589599164
103.593261223
103.596915759
103.600562771
103.604202258
103.607834219
103.611458653
103.615075559
103.618684936
103.622286783
103.6258811
103.629467884
103.633047136
103.636618854
103.640183037
103.643739685
103.647288796
103.650830369
103.654364404
103.657890899
103.661409854
103.664921267
103.668425138
103.671921466
103.675410249
103.678891488
103.68236518
103.685831325
103.689289922
103.69274097
103.696184468
103.699620416
103.703048812
103.706469655
103.709882945
103.713288681
103.716686861
103.720077485
103.723460551
103.72683606
103.73020401
103.7335644
103.736917229
103.740262496
103.743600202
103.746930343
103.750252921
103.753567933
103.756875379
103.760175258
103.763467569
103.766752312
103.770029485
103.773299088
103.77656112
103.779815579
103.783062465
103.786301778
103.789533516
103.792757678
103.795974264
103.799183272
103.802384703
103.805578554
103.808764826
103.811943517
103.815114627
103.818278154
103.821434098
103.824582458
103.827723234
103.830856424
103.833982027
103.837100043
103.840210472
103.843313311
103.84640856
103.84949622
103.852576287
103.855648763
103.858713646
103.861770935
103.86482063
103.867862729
103.870897233
103.873924139
103.876943448
103.879955158
103.88295927
103.885955781
103.888944691
103.891926
103.894899707
103.89786581
103.90082431
103.903775205
103.906718495
103.909654179
103.912582256
103.915502725
103.918415586
103.921320837
103.924218479
103.927108511
103.92999093
103.932865738
103.935732933
103.938592515
103.941444482
103.944288834
103.947125571
103.949954691
103.952776194
103.955590078
103.958396345
103.961194992
103.963986019
103.966769425
103.96954521
103.972313373
103.975073912
103.977826829
103.980572121
103.983309788
103.986039829
103.988762244
103.991477033
103.994184193
103.996883725
103.999575629
104.002259902
104.004936545
104.007605557
104.010266937
104.012920685
104.0155668
104.018205281
104.020836128
104.02345934
104.026074916
104.028682856
104.031283159
104.033875824
104.036460851
104.039038239
104.041607988
104.044170097
104.046724564
104.04927139
104.051810575
104.054342116
104.056866014
104.059382269
104.061890879
104.064391843
104.066885162
104.069370835
104.07184886
104.074319238
104.076781968
104.079237049
104.08168448
104.084124262
104.086556393
104.088980873
104.091397701
104.093806877
104.0962084
104.09860227
104.100988485
104.103367046
104.105737951
104.108101201
104.110456795
104.112804731
104.11514501
104.117477631
104.119802594
104.122119897
104.124429541
104.126731524
104.129025847
104.131312508
104.133591507
104.135862844
104.138126518
104.140382529
104.142630875
104.144871557
104.147104574
104.149329925
104.15154761
104.153757629
104.15595998
104.158154664
104.16034168
104.162521027
104.164692704
104.166856712
104.16901305
104.171161717
104.173302713
104.175436037
104.177561689
104.179679668
104.181789975
104.183892607
104.185987566
104.188074849
104.190154458
104.192226391
104.194290648
104.196347229
104.198396133
104.200437359
104.202470908
104.204496778
104.206514969
104.208525481
104.210528313
104.212523466
104.214510937
104.216490728
104.218462837
104.220427264
104.222384009
104.224333071
104.22627445
104.228208145
104.230134156
104.232052482
104.233963124
104.23586608
104.237761351
104.239648935
104.241528833
104.243401044
104.245265567
104.247122403
104.24897155
104.250813009
104.252646779
104.25447286
104.25629125
104.258101951
104.259904961
104.26170028
104.263487908
104.265267844
104.267040088
104.268804639
104.270561498
104.272310663
104.274052135
104.275785913
104.277511997
104.279230386
104.280941081
104.282644079
104.284339383
104.28602699
104.2877069
104.289379114
104.291043631
104.292700451
104.294349573
104.295990996
104.297624722
104.299250748
104.300869076
104.302479704
104.304082632
104.305677861
104.307265389
104.308845216
104.310417342
104.311981767
104.313538491
104.315087513
104.316628832
104.318162449
104.319688364
104.321206575
104.322717083
104.324219887
104.325714987
104.327202383
104.328682074
104.330154061
104.331618343
104.333074919
104.33452379
104.335964955
104.337398414
104.338824166
104.340242212
104.341652551
104.343055182
104.344450107
104.345837323
104.347216832
104.348588632
104.349952724
104.351309108
104.352657782
104.353998747
104.355332004
104.35665755
104.357975387
104.359285513
104.360587929
104.361882635
104.36316963
104.364448915
104.365720488
104.366984349
104.368240499
104.369488938
104.370729664
104.371962679
104.37318798
104.37440557
104.375615446
104.37681761
104.378012061
104.379198798
104.380377821
104.381549131
104.382712728
104.38386861
104.385016778
104.386157231
104.38728997
104.388414994
104.389532304
104.390641898
104.391743777
104.392837941
104.393924389
104.395003122
104.396074138
104.397137439
104.398193024
104.399240892
104.400281044
104.40131348
104.402338199
104.403355201
104.404364486
104.405366054
104.406359906
104.407346039
104.408324456
104.409295154
104.410258136
104.411213399
104.412160945
104.413100772
104.414032882
104.414957273
104.415873946
104.416782901
104.417684137
104.418577655
104.419463454
104.420341535
104.421211896
104.422074539
104.422929463
104.423776668
104.424616153
104.425447919
104.426271967
104.427088294
104.427896903
104.428697792
104.429490961
104.430276411
104.431054141
104.431824152
104.432586442
104.433341014
104.434087865
104.434826996
104.435558407
104.436282099
104.43699807
104.437706322
104.438406853
104.439099665
104.439784756
104.440462127
104.441131778
104.441793709
104.44244792
104.443094411
104.443733181
104.444364231
104.444987561
104.445603171
104.44621106
104.44681123
104.447403679
104.447988408
104.448565416
104.449134705
104.449696273
104.450250122
104.45079625
104.451334658
104.451865346
104.452388314
104.452903562
104.453411089
104.453910897
104.454402985
104.454887353
104.455364002
104.45583293
104.456294139
104.456747628
104.457193397
104.457631447
104.458061777
104.458484388
104.458899279
104.459306451
104.459705904
104.460097637
104.460481651
104.460857946
104.461226522
104.46158738
104.461940518
104.462285937
104.462623638
104.462953621
104.463275884
104.46359043
104.463897257
104.464196366
104.464487756
104.464771429
104.465047384
104.46531562
104.46557614
104.465828941
104.466074025
104.466311392
104.466541042
104.466762974
104.466977189
104.467183688
104.46738247
104.467573535
104.467756884
104.467932516
104.468100432
104.468260632
104.468413116
104.468557885
104.468694938
104.468824275
104.468945897
104.469059804
104.469165996
104.469264473
104.469355235
104.469438283
104.469513616
104.469581235
104.46964114
104.469693332
104.469737809
104.469774574
104.469803625
104.469824962
104.469838587
104.469844499
104.469842699
104.469833186
104.469815961
104.469791025
104.469758376
104.469718016
104.469669944
104.469614162
104.469550668
104.469479464
104.469400549
104.469313924
104.469219589
104.469117544
104.469007789
104.468890325
104.468765152
104.46863227
104.468491679
104.46834338
104.468187373
104.468023657
104.467852234
104.467673104
104.467486266
104.467291721
104.46708947
104.466879512
104.466661847
104.466436477
104.466203402
104.46596262
104.465714134
104.465457943
104.465194047
104.464922447
104.464643142
104.464356134
104.464061423
104.463759008
104.46344889
104.46313107
104.462805548
104.462472323
104.462131396
104.461782769
104.46142644
104.46106241
104.460690679
104.460311249
104.459924118
104.459529288
104.459126759
104.45871653
104.458298603
104.457872978
104.457439655
104.456998634
104.456549915
104.4560935
104.455629388
104.45515758
104.454678075
104.454190875
104.45369598
104.45319339
104.452683105
104.452165125
104.451639452
104.451106086
104.450565026
104.450016273
104.449459828
104.448895691
104.448323861
104.447744341
104.44715713
104.446562228
104.445959635
104.445349353
104.444731381
104.444105721
104.443472371
104.442831333
104.442182608
104.441526194
104.440862094
104.440190307
104.439510833
104.438823674
104.438128829
104.437426299
104.436716084
104.435998185
104.435272601
104.434539335
104.433798385
104.433049753
104.432293439
104.431529442
104.430757765
104.429978406
104.429191367
104.428396648
104.427594249
104.426784171
104.425966414
104.425140979
104.424307867
104.423467076
104.422618609
104.421762466
104.420898646
104.420027151
104.41914798
104.418261135
104.417366616
104.416464423
104.415554557
104.414637018
104.413711806
104.412778923
104.411838369
104.410890143
104.409934247
104.408970682
104.407999447
104.407020543
104.40603397
104.40503973
104.404037822
104.403028248
104.402011006
104.400986099
104.399953527
104.39891329
104.397865388
104.396809822
104.395746593
104.394675701
104.393597147
104.392510931
104.391417054
104.390315516
104.389206318
104.38808946
104.386964943
104.385832767
104.384692934
104.383545442
104.382390294
104.381227489
104.380057029
104.378878913
104.377693142
104.376499717
104.375298639
104.374089907
104.372873523
104.371649486
104.370417799
104.36917846
104.367931471
104.366676832
104.365414545
104.364144608
104.362867024
104.361581793
104.360288914
104.358988389
104.357680219
104.356364404
104.355040944
104.35370984
104.352371093
104.351024703
104.349670672
104.348308999
104.346939685
104.345562731
104.344178137
104.342785904
104.341386033
104.339978524
104.338563378
104.337140595
104.335710176
104.334272122
104.332826434
104.331373111
104.329912156
104.328443567
104.326967346
104.325483494
104.323992011
104.322492898
104.320986155
104.319471783
104.317949784
104.316420156
104.314882902
104.313338021
104.311785515
104.310225384
104.308657629
104.30708225
104.305499248
104.303908624
104.302310378
104.300704511
104.299091024
104.297469918
104.295841193
104.294204849
104.292560888
104.290909311
104.289250117
104.287583307
104.285908884
104.284226846
104.282537194
104.28083993
104.279135054
104.277422567
104.27570247
104.273974763
104.272239446
104.270496521
104.268745989
104.26698785
104.265222104
104.263448754
104.261667798
104.259879238
104.258083075
104.25627931
104.254467943
104.252648974
104.250822406
104.248988237
104.24714647
104.245297105
104.243440143
104.241575584
104.239703429
104.237823679
104.235936335
104.234041397
104.232138866
104.230228743
104.228311029
104.226385725
104.224452831
104.222512348
104.220564276
104.218608618
104.216645372
104.214674541
104.212696125
104.210710125
104.208716541
104.206715374
104.204706625
104.202690296
104.200666386
104.198634896
104.196595828
104.194549182
104.192494959
104.19043316
104.188363785
104.186286835
104.184202312
104.182110215
104.180010547
104.177903306
104.175788496
104.173666115
104.171536166
104.169398649
104.167253564
104.165100913
104.162940696
104.160772915
104.15859757
104.156414661
104.154224191
104.152026159
104.149820566
104.147607414
104.145386703
104.143158434
104.140922608
104.138679226
104.136428288
104.134169796
104.13190375
104.129630151
104.127349001
104.125060299
104.122764047
104.120460246
104.118148896
104.115829999
104.113503555
104.111169566
104.108828031
104.106478953
104.104122331
104.101758167
104.099386462
104.097007217
104.094620432
104.092226108
104.089824246
104.087414848
104.084997914
104.082573445
104.080141442
104.077701905
104.075254837
104.072800237
104.070338106
104.067868446
104.065391258
104.062906542
104.060414299
104.05791453
104.055407237
104.05289242
104.050370079
104.047840217
104.045302833
104.04275793
104.040205507
104.037645566
104.035078107
104.032503133
104.029920642
104.027330638
104.02473312
104.022128089
104.019515547
104.016895494
104.014267932
104.01163286
104.008990281
104.006340196
104.003682605
104.001017508
103.998344909
103.995664806
103.992977201
103.990282096
103.98757949
103.984869386
103.982151784
103.979426685
103.97669409
103.973954
103.971206417
103.96845134
103.965688772
103.962918712
103.960141163
103.957356125
103.954563599
103.951763586
103.948956087
103.946141104
103.943318636
103.940488686
103.937651254
103.934806342
103.931953949
103.929094078
103.92622673
103.923351904
103.920469603
103.917579828
103.914682579
103.911777858
103.908865665
103.905946002
103.903018869
103.900084269
103.897142201
103.894192667
103.891235667
103.888271204
103.885299278
103.882319889
103.87933304
103.876338731
103.873336964
103.870327739
103.867311057
103.864286919
103.861255327
103.858216282
103.855169784
103.852115836
103.849054437
103.845985589
103.842909293
103.83982555
103.836734362
103.833635729
103.830529652
103.827416133
103.824295172
103.821166771
103.818030931
103.814887653
103.811736938
103.808578787
103.805413201
103.802240181
103.799059729
103.795871846
103.792676532
103.78947379
103.786263619
103.783046021
103.779820998
103.776588549
103.773348678
103.770101384
103.766846668
103.763584533
103.760314978
103.757038006
103.753753617
103.750461812
103.747162593
103.743855961
103.740541917
103.737220461
103.733891596
103.730555322
103.727211641
103.723860553
103.720502061
103.717136164
103.713762864
103.710382163
103.706994061
103.70359856
103.70019566
103.696785364
103.693367672
103.689942585
103.686510105
103.683070232
103.679622969
103.676168315
103.672706273
103.669236844
103.665760028
103.662275826
103.658784241
103.655285274
103.651778924
103.648265195
103.644744086
103.641215599
103.637679736
103.634136497
103.630585884
103.627027897
103.623462539
103.61988981
103.616309712
103.612722246
103.609127412
103.605525213
103.60191565
103.598298723
103.594674434
103.591042784
103.587403774
103.583757406
103.580103681
103.576442601
103.572774165
103.569098376
103.565415235
103.561724743
103.558026901
103.554321711
103.550609174
103.546889291
103.543162063
103.539427492
103.535685579
103.531936324
103.528179731
103.524415799
103.520644529
103.516865924
103.513079985
103.509286712
103.505486108
103.501678172
103.497862907
103.494040314
103.490210394
103.486373149
103.482528579
103.478676687
103.474817472
103.470950937
103.467077083
103.463195912
103.459307423
103.45541162
103.451508502
103.447598072
103.443680331
103.439755279
103.435822919
103.431883252
103.427936278
103.423982
103.420020418
103.416051534
103.412075349
103.408091865
103.404101082
103.400103003
103.396097628
103.392084959
103.388064997
103.384037743
103.3800032
103.375961367
103.371912247
103.367855841
103.36379215
103.359721175
103.355642918
103.351557381
103.347464564
103.343364468
103.339257096
103.335142449
103.331020528
103.326891333
103.322754868
103.318611132
103.314460128
103.310301857
103.30613632
103.301963518
103.297783453
103.293596126
103.289401539
103.285199693
103.280990589
103.276774229
103.272550614
103.268319746
103.264081625
103.259836254
103.255583633
103.251323764
103.247056649
103.242782288
103.238500684
103.234211837
103.22991575
103.225612422
103.221301857
103.216984055
103.212659017
103.208326745
103.203987241
103.199640505
103.19528654
103.190925347
103.186556926
103.18218128
103.17779841
103.173408317
103.169011003
103.164606469
103.160194717
103.155775748
103.151349563
103.146916164
103.142475552
103.138027729
103.133572696
103.129110455
103.124641007
103.120164354
103.115680496
103.111189436
103.106691174
103.102185713
103.097673054
103.093153198
103.088626146
103.0840919
103.079550462
103.075001833
103.070446015
103.065883008
103.061312815
103.056735437
103.052150874
103.04755913
103.042960205
103.038354101
103.033740819
103.02912036
103.024492727
103.01985792
103.015215941
103.010566792
103.005910474
103.001246989
102.996576338
102.991898522
102.987213543
102.982521403
102.977822102
102.973115643
102.968402027
102.963681256
102.958953331
102.954218253
102.949476024
102.944726645
102.939970119
102.935206446
102.930435628
102.925657667
102.920872563
102.91608032
102.911280937
102.906474417
102.901660761
102.896839971
102.892012047
102.887176993
102.882334808
102.877485496
102.872629056
102.867765492
102.862894804
102.858016993
102.853132062
102.848240012
102.843340845
102.838434561
102.833521163
102.828600652
102.82367303
102.818738298
102.813796458
102.80884751
102.803891458
102.798928302
102.793958045
102.788980686
102.783996229
102.779004674
102.774006024
102.769000279
102.763987441
102.758967513
102.753940495
102.748906389
102.743865196
102.738816919
102.733761558
102.728699116
102.723629593
102.718552992
102.713469314
102.708378561
102.703280734
102.698175835
102.693063865
102.687944826
102.682818719
102.677685547
102.672545311
102.667398012
102.662243651
102.657082232
102.651913754
102.64673822
102.641555632
102.63636599
102.631169297
102.625965554
102.620754763
102.615536926
102.610312043
102.605080117
102.599841149
102.594595141
102.589342094
102.584082011
102.578814892
102.573540739
102.568259555
102.56297134
102.557676096
102.552373825
102.547064528
102.541748207
102.536424865
102.531094501
102.525757119
102.520412719
102.515061303
102.509702873
102.504337431
102.498964978
102.493585516
102.488199046
102.482805571
102.477405091
102.471997609
102.466583125
102.461161643
102.455733163
102.450297686
102.444855216
102.439405753
102.433949299
102.428485856
102.423015425
102.417538008
102.412053607
102.406562223
102.401063858
102.395558514
102.390046192
102.384526894
102.379000623
102.373467378
102.367927163
102.362379978
102.356825826
102.351264708
102.345696625
102.340121581
102.334539575
102.32895061
102.323354688
102.317751811
102.312141979
102.306525195
102.30090146
102.295270776
102.289633145
102.283988569
102.278337048
102.272678586
102.267013183
102.261340841
102.255661563
102.249975349
102.244282201
102.238582122
102.232875113
102.227161175
102.22144031
102.21571252
102.209977807
102.204236173
102.198487619
102.192732146
102.186969757
102.181200454
102.175424237
102.16964111
102.163851073
102.158054128
102.152250277
102.146439522
102.140621865
102.134797306
102.128965849
102.123127494
102.117282244
102.1114301
102.105571064
102.099705137
102.093832322
102.08795262
102.082066033
102.076172563
102.070272211
102.06436498
102.05845087
102.052529884
102.046602024
102.04066729
102.034725686
102.028777213
102.022821872
102.016859665
102.010890595
102.004914662
101.998931869
101.992942217
101.986945708
101.980942344
101.974932127
101.968915059
101.962891141
101.956860374
101.950822762
101.944778305
101.938727006
101.932668865
101.926603886
101.92053207
101.914453418
101.908367932
101.902275614
101.896176467
101.890070491
101.883957688
101.877838061
101.871711611
101.86557834
101.85943825
101.853291342
101.847137619
101.840977081
101.834809732
101.828635572
101.822454604
101.816266829
101.810072249
101.803870867
101.797662683
101.7914477
101.785225919
101.778997343
101.772761972
101.76651981
101.760270857
101.754015116
101.747752588
101.741483275
101.73520718
101.728924303
101.722634647
101.716338214
101.710035005
101.703725022
101.697408267
101.691084742
101.684754449
101.678417389
101.672073565
101.665722978
101.65936563
101.653001523
101.646630659
101.640253039
101.633868666
101.627477541
101.621079666
101.614675044
101.608263675
101.601845562
101.595420707
101.588989111
101.582550776
101.576105705
101.569653898
101.563195359
101.556730088
101.550258088
101.543779361
101.537293907
101.53080173
101.524302832
101.517797213
101.511284876
101.504765822
101.498240055
101.491707575
101.485168384
101.478622484
101.472069878
101.465510566
101.458944552
101.452371836
101.445792421
101.439206308
101.4326135
101.426013999
101.419407805
101.412794922
101.40617535
101.399549093
101.392916151
101.386276527
101.379630222
101.372977239
101.36631758
101.359651245
101.352978238
101.34629856
101.339612213
101.332919199
101.32621952
101.319513178
101.312800174
101.30608051
101.299354189
101.292621213
101.285881583
101.279135301
101.272382369
101.265622789
101.258856563
101.252083693
101.245304181
101.238518029
101.231725238
101.224925811
101.218119749
101.211307055
101.20448773
101.197661776
101.190829196
101.183989991
101.177144163
101.170291714
101.163432646
101.156566961
101.14969466
101.142815747
101.135930222
101.129038088
101.122139346
101.115233999
101.108322049
101.101403497
101.094478345
101.087546596
101.080608251
101.073663312
101.066711782
101.059753662
101.052788953
101.045817659
101.038839781
101.031855321
101.024864281
101.017866662
101.010862468
101.003851699
100.996834358
100.989810447
100.982779968
100.975742922
100.968699312
100.96164914
100.954592407
100.947529116
100.940459268
100.933382866
100.926299912
100.919210407
100.912114353
100.905011753
100.897902608
100.89078692
100.883664692
100.876535925
100.869400622
100.862258784
100.855110413
100.847955512
100.840794081
100.833626124
100.826451643
100.819270638
100.812083113
100.804889069
100.797688509
100.790481433
100.783267845
100.776047746
100.768821138
100.761588024
100.754348404
100.747102282
100.73984966
100.732590538
100.72532492
100.718052807
100.710774201
100.703489104
100.696197519
100.688899447
100.681594891
100.674283851
100.666966331
100.659642333
100.652311857
100.644974908
100.637631485
100.630281592
100.622925231
100.615562402
100.60819311
100.600817355
100.593435139
100.586046465
100.578651335
100.57124975
100.563841713
100.556427225
100.549006289
100.541578907
100.534145081
100.526704813
100.519258104
100.511804957
100.504345375
100.496879358
100.489406909
100.48192803
100.474442723
100.466950991
100.459452834
100.451948256
100.444437258
100.436919842
100.429396011
100.421865766
100.41432911
100.406786044
100.39923657
100.391680691
100.384118409
100.376549726
100.368974643
100.361393163
100.353805288
100.34621102
100.338610361
100.331003313
100.323389878
100.315770058
100.308143856
100.300511272
100.292872311
100.285226972
100.277575259
100.269917174
100.262252718
100.254581894
100.246904704
100.23922115
100.231531234
100.223834957
100.216132323
100.208423333
100.200707989
100.192986293
100.185258248
100.177523856
100.169783117
100.162036036
100.154282613
100.146522851
100.138756752
100.130984318
100.123205551
100.115420453
100.107629026
100.099831273
100.092027195
100.084216794
100.076400073
100.068577034
100.060747679
100.052912009
100.045070027
100.037221736
100.029367137
100.021506232
100.013639023
100.005765513
99.9978857031
99.9899995961
99.9821071939
99.9742084986
99.9663035122
99.958392237
99.950474675
99.9425508282
99.9346206989
99.9266842891
99.9187416009
99.9107926365
99.902837398
99.8948758874
99.8869081069
99.8789340586
99.8709537446
99.8629671671
99.8549743281
99.8469752298
99.8389698743
99.8309582637
99.8229404001
99.8149162857
99.8068859226
99.7988493128
99.7908064586
99.7827573621
99.7747020253
99.7666404504
99.7585726396
99.750498595
99.7424183186
99.7343318127
99.7262390793
99.7181401206
99.7100349388
99.7019235359
99.6938059141
99.6856820755
99.6775520224
99.6694157567
99.6612732806
99.6531245964
99.6449697061
99.6368086118
99.6286413158
99.6204678201
99.6122881269
99.6041022384
99.5959101566
99.5877118838
99.5795074221
99.5712967736
99.5630799405
99.5548569249
99.546627729
99.5383923549
99.5301508048
99.5219030809
99.5136491852
99.50538912
99.4971228874
99.4888504895
99.4805719286
99.4722872068
99.4639963261
99.4556992889
99.4473960972
99.4390867533
99.4307712592
99.4224496172
99.4141218294
99.4057878979
99.397447825
99.3891016128
99.3807492635
99.3723907792
99.3640261621
99.3556554144
99.3472785382
99.3388955357
99.3305064092
99.3221111607
99.3137097924
99.3053023066
99.2968887053
99.2884689908
99.2800431653
99.2716112308
99.2631731897
99.254729044
99.246278796
99.2378224478
99.2293600017
99.2208914597
99.2124168241
99.2039360971
99.1954492809
99.1869563776
99.1784573894
99.1699523185
99.1614411671
99.1529239374
99.1444006315
99.1358712518
99.1273358002
99.1187942792
99.1102466907
99.1016930371
99.0931333206
99.0845675432
99.0759957073
99.067417815
99.0588338685
99.05024387
99.0416478217
99.0330457258
99.0244375845
99.0158234
99.0072031745
98.9985769103
98.9899446094
98.9813062741
98.9726619067
98.9640115093
98.9553550841
98.9466926334
98.9380241593
98.9293496641
98.9206691499
98.911982619
98.9032900735
98.8945915158
98.8858869479
98.8771763722
98.8684597908
98.8597372059
98.8510086198
98.8422740347
98.8335334527
98.8247868762
98.8160343072
98.8072757481
98.7985112011
98.7897406683
98.7809641521
98.7721816545
98.7633931779
98.7545987245
98.7457982964
98.7369918959
98.7281795253
98.7193611867
98.7105368824
98.7017066147
98.6928703856
98.6840281975
98.6751800526
98.6663259532
98.6574659014
98.6485998994
98.6397279496
98.6308500541
98.6219662152
98.6130764351
98.6041807161
98.5952790603
98.5863714701
98.5774579476
98.568538495
98.5596131148
98.5506818089
98.5417445798
98.5328014296
98.5238523606
98.514897375
98.5059364751
98.4969696631
98.4879969412
98.4790183117
98.4700337769
98.4610433389
98.452047
98.4430447626
98.4340366287
98.4250226007
98.4160026808
98.4069768713
98.3979451744
98.3889075923
98.3798641273
98.3708147817
98.3617595578
98.3526984576
98.3436314836
98.334558638
98.325479923
98.3163953409
98.3073048939
98.2982085843
98.2891064143
98.2799983863
98.2708845024
98.2617647649
98.2526391761
98.2435077383
98.2343704536
98.2252273244
98.216078353
98.2069235415
98.1977628923
98.1885964076
98.1794240896
98.1702459407
98.1610619632
98.1518721591
98.142676531
98.1334750809
98.1242678112
98.1150547242
98.105835822
98.0966111071
98.0873805816
98.0781442478
98.068902108
98.0596541645
98.0504004195
98.0411408753
98.0318755342
98.0226043985
98.0133274704
98.0040447522
97.9947562462
97.9854619547
97.9761618799
97.9668560241
97.9575443897
97.9482269788
97.9389037937
97.9295748368
97.9202401103
97.9108996165
