168.771246645
169.197731889
169.624580617
170.051791629
170.479363518
170.907295082
171.335585078
171.764232171
172.193235105
172.622592656
173.052303488
173.48236638
173.912780085
174.343543279
174.774654741
175.206113229
175.637917427
176.070066139
176.502558082
176.935392014
177.368566666
177.802080821
178.235933245
178.670122611
179.104647765
179.539507414
179.974700374
180.41022534
180.846081137
181.282266467
181.718780218
182.155621025
182.592787768
183.03027917
183.468094019
183.906231103
184.34468923
184.783467128
185.222563651
185.66197757
186.1017077
186.541752759
186.982111635
187.422783071
187.86376594
188.305058988
188.746661062
189.188570939
189.630787481
190.073309494
190.516135758
190.959265155
191.402696502
191.846428596
192.290460268
192.734790452
193.179417883
193.624341454
194.069559992
194.515072302
194.960877298
195.406973804
195.853360759
196.300036974
196.74700126
197.194252538
197.641789672
198.089611537
198.537717023
198.986104977
199.434774296
199.883723894
200.332952674
200.782459422
201.232243222
201.68230282
202.13263719
202.583245212
203.03412581
203.485277931
203.936700488
204.388392299
204.840352416
205.292579748
205.745073225
206.197831718
206.650854262
207.104139733
207.557687132
208.011495387
208.465563433
208.91989028
209.374474854
209.829316157
210.284413107
210.739764737
211.195369984
211.651227874
212.107337339
212.563697421
213.020307074
213.477165324
213.934271155
214.391623596
214.849221594
215.307064327
215.765150575
216.223479525
216.682050196
217.14086154
217.599912654
218.059202579
218.518730291
218.978494936
219.438495459
219.898730978
220.35920056
220.819903203
221.280838037
221.742004103
222.203400495
222.665026245
223.126880466
223.588962234
224.051270695
224.513804848
224.976563878
225.439546802
225.902752868
226.366180999
226.829830432
227.293700262
227.757789597
228.222097583
228.686623337
229.151365947
229.616324644
230.081498518
230.546886725
231.012488394
231.478302667
231.94432885
232.410565934
232.877013118
233.343669605
233.810534535
234.277607175
234.744886701
235.212372069
235.680062736
236.147957814
236.616056438
237.084357909
237.552861375
238.021566053
238.490471181
238.959575974
239.428879586
239.898381316
240.368080357
240.837975973
241.308067387
241.778353846
242.248834564
242.719508827
243.190375849
243.661434915
244.132685297
244.604126187
245.075756979
245.547576776
246.019585023
246.491780887
246.964163707
247.436732688
247.909487227
248.382426555
248.855549973
249.328856785
249.802346272
250.276017753
250.749870563
251.223904004
251.698117382
252.172510042
252.647081246
253.121830427
253.596756784
254.071859736
254.547138621
255.022592742
255.49822148
255.974024133
256.450000098
256.926148708
257.402469282
257.878961257
258.355623946
258.832456696
259.309458941
259.786630005
260.263969246
260.741476074
261.219149843
261.696989979
262.174995849
262.653166816
263.131502268
263.610001657
264.088664317
264.567489687
265.046477151
265.525626109
266.004935982
266.484406175
266.964036079
267.443825168
267.923772767
268.403878388
268.884141388
269.364561206
269.845137283
270.325869069
270.806755948
271.287797363
271.768992769
272.250341597
272.731843269
273.213497264
273.695302977
274.177259901
274.65936746
275.141625063
275.624032128
276.106588323
276.589292912
277.072145379
277.555145185
278.038291845
278.521584719
279.00502341
279.488607227
279.972335765
280.45620836
280.94022463
281.424383922
281.908685748
282.39312962
282.877714917
283.362441231
283.847307965
284.332314581
284.817460581
285.302745429
285.788168671
286.2737297
286.759428085
287.245263132
287.731234515
288.217341631
288.703583993
289.189961034
289.676472302
290.163117234
290.64989532
291.136806099
291.623848998
292.111023531
292.598329144
293.085765356
293.573331657
294.061027535
294.548852468
295.036805889
295.524887386
296.013096386
296.501432413
296.989894849
297.478483297
297.967197172
298.456036017
298.944999258
299.434086433
299.923296959
300.41263038
300.902086101
301.391663685
301.881362593
302.371182261
302.86112222
303.35118186
303.841360763
304.331658364
304.822074153
305.312607531
305.803258036
306.294025108
306.784908246
307.275906879
307.767020514
308.258248608
308.749590596
309.241045907
309.732614073
310.224294488
310.716086693
311.207990081
311.700004098
312.192128198
312.684361822
313.176704476
313.669155536
314.161714464
314.654380688
315.147153654
315.64003284
316.133017573
316.626107396
317.119301642
317.612599866
318.10600123
318.599505398
319.093111733
319.586819603
320.080628413
320.574537593
321.068546585
321.56265469
322.056861412
322.551166083
323.045568098
323.540066872
324.034661743
324.529352105
325.024137403
325.519016871
326.013990028
326.50905615
327.004214589
327.499464788
327.994806006
328.49023767
328.98575905
329.481369582
329.977068498
330.472855221
330.968729009
331.46468926
331.960735256
332.456866298
332.953081676
333.449380831
333.945762893
334.442227267
334.938773203
335.435400005
335.932106955
336.428893303
336.925758398
337.422701444
337.919721712
338.416818488
338.913990983
339.411238482
339.908560209
340.40595546
340.903423321
341.400963192
341.898574214
342.396255575
342.894006512
343.391826256
343.889713925
344.38766879
344.885690047
345.38377679
345.881928229
346.380143666
346.878422061
347.376762647
347.875164636
348.373627075
348.87214915
349.370729994
349.869368743
350.368064444
350.86681632
351.365623381
351.864484772
352.363399587
352.862366869
353.361385751
353.860455281
354.359574501
354.858742478
355.357958273
355.857220954
356.356529493
356.855883013
357.355280422
357.854720832
358.354203116
358.853726466
359.353289746
359.852891989
360.352532093
360.852209118
361.351922
361.851669628
362.351451093
362.851265188
363.351110931
363.850987195
364.350892909
364.850827019
365.350788351
365.850775857
366.350788365
366.850824814
367.350884028
367.850964885
368.351066192
368.85118685
369.351325661
369.851481442
370.351652988
370.851839162
371.352038748
371.852250473
372.352473253
372.852705713
373.352946717
373.853194938
374.353449199
374.853708174
375.353970685
375.854235297
376.354500887
376.854766062
377.355029529
377.855289995
378.355546073
378.855796489
379.356039882
379.856274941
380.356500168
380.856714311
381.356915996
381.857103712
382.357276196
382.857431975
383.357569622
383.857687749
384.35778486
384.857859503
385.357910276
385.857935711
386.357934259
386.857904515
387.357844893
387.857754016
388.35763024
388.857472094
389.357278021
389.857046503
390.356775967
390.856464838
391.356111514
391.855714492
392.355272106
392.854782784
393.354244903
393.853656798
394.353016852
394.852323432
395.351574904
395.850769489
396.349905617
396.848981621
397.347995767
397.846946264
398.34583146
398.844649642
399.343399015
399.842077917
400.340684467
400.839217014
401.337673714
401.836052774
402.334352326
402.832570739
403.330705988
403.828756384
404.32671996
404.824594986
405.322379497
405.82007163
406.317669558
406.815171313
407.312575031
407.8098786
408.307080567
408.804178557
409.301170716
409.798055137
410.294829819
410.791492781
411.288041963
411.784475474
412.280791239
412.776987295
413.273061453
413.769011783
414.264836229
414.760532635
415.256099004
415.751533191
416.2468331
416.741996684
417.237021741
417.731906137
418.226647825
418.721244516
419.215694089
419.709994383
420.204143228
420.698138369
421.191977644
421.685658798
422.179179554
422.672537843
423.165731213
423.658757492
424.151614374
424.64429963
425.136810913
425.629145869
426.121302304
426.61327779
427.105070062
427.596676671
428.088095307
428.579323593
429.070359176
429.561199631
430.051842616
430.542285579
431.032526219
431.522562063
432.012390647
432.502009526
432.991416236
433.480608294
433.969583258
434.45833851
434.946871718
435.435180203
435.923261486
436.411113071
436.898732299
437.386116763
437.873263716
438.360170737
438.846835131
439.333254376
439.819425757
440.305346724
440.791014595
441.276426804
441.761580615
442.246473405
442.731102489
443.215465237
443.699558831
444.183380677
444.666927997
445.150198131
445.633188311
446.115895785
446.598317772
447.080451557
447.56229437
448.043843393
448.52509589
449.006048983
449.48669993
449.967045875
450.447083892
450.926811394
451.406225278
451.8853228
452.364101054
452.8425572
453.320688317
453.798491561
454.275963939
454.753102603
455.229904638
455.706367044
456.182486926
456.658261301
457.133687269
457.608761863
458.083481992
458.557844732
459.031847147
459.505486132
459.978758724
460.451662076
460.92419269
461.396347996
461.868124679
462.339519809
462.810530327
463.281153046
463.751385016
464.221223038
464.690664112
465.159705041
465.628342764
466.096574147
466.564396077
467.0318054
467.49879896
467.965373619
468.431526232
468.897253549
469.362552551
469.827419887
470.291852475
470.755847067
471.219400403
471.682509396
472.145170745
472.607381241
473.069137633
473.53043673
473.991275234
474.451649857
474.911557397
475.370994613
475.829958118
476.288444742
476.746451112
477.20397395
477.661009988
478.117555912
478.573608326
479.029164023
479.484219596
479.938771738
480.392817138
480.846352352
481.299374113
481.751879057
482.203863815
482.655324953
483.106259187
483.55666312
484.006533351
484.455866384
484.904658963
485.352907671
485.800609
486.247759669
486.694356149
487.140395108
487.585873021
488.03078651
488.475132179
488.918906464
489.362106016
489.804727404
490.246767059
490.688221602
491.129087568
491.56936149
492.009039826
492.448119216
492.886595999
493.324466879
493.761728309
494.198376795
494.634408778
495.069820814
495.504609371
495.938770993
496.372302096
496.805199249
497.237458851
497.669077492
498.100051522
498.530377504
498.960051891
499.389070836
499.8174317
500.24513003
500.672162634
501.098525925
501.524216461
501.949230567
502.373564781
502.797215449
503.220179147
503.64245226
504.064031249
504.484912534
504.90509255
505.324567861
505.743334613
506.161389538
506.578728986
506.995349273
507.411246986
507.826418537
508.240860249
508.654568638
509.067540123
509.479771083
509.89125805
510.301997344
510.711985489
511.121218872
511.529693933
511.937407051
512.344354657
512.750533229
513.155939135
513.560568875
513.964418859
514.367485492
514.769765162
515.171254383
515.571949518
515.971847115
516.370943497
516.769235103
517.166718354
517.563389818
517.959245677
518.354282643
518.748497051
519.141885318
519.534443841
519.926169279
520.317057748
520.707105915
521.096310287
521.48466714
521.872173082
522.258824476
522.644617843
523.029549523
523.413616166
523.796814062
524.179139824
524.560589897
524.941160694
525.320848789
525.69965054
526.077562556
526.454581528
526.83070315
527.205924734
527.580242546
527.953653026
528.326152737
528.697738173
529.068405877
529.438152325
529.806974089
530.174867642
530.541829531
530.907856344
531.272944569
531.637090849
532.000291556
532.362543451
532.723842984
533.084186722
533.443571252
533.801993148
534.159449073
534.515935535
534.871449152
535.225986477
535.579544154
535.932118824
536.283707118
536.634305565
536.983910887
537.33251966
537.680128589
538.026734258
538.372333392
538.716922626
539.060498598
539.403057996
539.744597529
540.085113862
540.424603743
540.763063813
541.100490868
541.436881466
541.772232435
542.106540609
542.439802598
542.772015135
543.103175062
543.433279167
543.76232407
544.090306682
544.417223791
544.743072109
545.067848596
545.391549914
545.714172946
546.035714487
546.356171436
546.675540579
546.993818842
547.311003044
547.627090081
547.942076944
548.255960272
548.568737203
548.880404534
549.190959206
549.50039822
549.808718372
550.115916802
550.421990289
550.726935949
551.030750669
551.333431548
551.634975453
551.935379468
552.234640642
552.532755962
552.829722469
553.125537269
553.42019742
553.713699897
554.006041871
554.297220474
554.587232744
554.87607591
555.163746933
555.450243076
555.735561432
556.019699152
556.302653544
556.58442167
556.865000812
557.144388132
557.422580791
557.699576161
557.975371365
558.24996377
558.523350545
558.795529025
559.066496545
559.336250346
559.604787775
559.872106153
560.138202867
560.403075254
560.666720705
560.929136545
561.190320155
561.450269007
561.708980585
561.966452207
562.222681349
562.477665504
562.731402141
562.983888747
563.23512275
563.485101791
563.733823357
563.981284944
564.227484184
564.47241856
564.7160857
564.958483229
565.199608719
565.439459805
565.678034178
565.915329411
566.151343148
566.386073276
566.619517217
566.851672906
567.082537902
567.312110064
567.540387058
567.767366786
567.993046887
568.217425235
568.440499609
568.662267903
568.882727903
569.101877447
569.319714473
569.536236865
569.751442502
569.965329295
570.177895174
570.389138142
570.599056093
570.807647097
571.014909031
571.220839986
571.425437988
571.628701024
571.830627269
572.031214734
572.230461519
572.428365634
572.624925289
572.820138663
573.014003876
573.206519054
573.397682484
573.587492196
573.775946568
573.963043706
574.148781989
574.333159711
574.516174979
574.697826221
574.878111719
575.057029744
575.234578901
575.410757146
575.585563094
575.758995276
575.931051886
576.101731453
576.271032415
576.438953238
576.605492361
576.770648375
576.934419691
577.096804937
577.257802605
577.417411307
577.575629573
577.732456027
577.887889315
578.041928102
578.194570904
578.34581639
578.495663615
578.644110851
578.791156972
578.93680075
579.081040895
579.223876172
579.365305415
579.50532741
579.643941054
579.781145077
579.916938403
580.051319875
580.184288445
580.315842966
580.445982401
580.5747057
580.702011828
580.827899701
580.952368474
581.07541702
581.197044457
581.317249844
581.436032198
581.553390596
581.669324239
581.783832179
581.896913549
582.008567568
582.118793399
582.227590202
582.334957221
582.440893681
582.545398821
582.648471927
582.750112259
582.850319162
582.94909192
583.046429896
583.142332443
583.236798881
583.329828731
583.421421362
583.511576004
583.600292366
583.687569827
583.773407719
583.857805787
583.940763394
584.022280157
584.102355617
584.180989248
584.258180756
584.333929663
584.408235683
584.481098358
584.552517429
584.622492589
584.691023477
584.758109839
584.823751312
584.88794783
584.950698989
585.012004605
585.071864631
585.13027872
585.187246743
585.242768685
585.296844226
585.349473386
585.400655984
585.450392062
585.49868153
585.545524285
585.59092042
585.634869879
585.677372626
585.718428763
585.758038301
585.796201327
585.832917979
585.868188199
585.902012377
585.934390378
585.965322576
585.994808996
586.022849884
586.049445466
586.074596013
586.098301605
586.120562805
586.141379468
586.160752246
586.17868131
586.195167048
586.210209745
586.223809784
586.235967599
586.246683552
586.255958043
586.263791545
586.270184521
586.275137357
586.278650639
586.280724845
586.281360433
586.280557985
586.278318085
586.274641305
586.269528181
586.262979259
586.254995307
586.245576882
586.234724699
586.222439395
586.208721646
586.193572096
586.176991656
586.158980735
586.139540451
586.11867144
586.096374433
586.072650219
586.047499712
586.020923699
585.992923043
585.963498586
585.932651261
585.900381947
585.866691531
585.831581054
585.795051346
585.757103389
585.717738234
585.676956808
585.634760169
585.591149302
585.546125267
585.499689164
585.451842149
585.402585045
585.351919204
585.299845607
585.246365506
585.191479987
585.13519026
585.077497366
585.018402739
584.957907403
584.896012653
584.832719816
584.768029991
584.701944638
584.634465286
584.565591998
584.495327582
584.423672676
584.350628674
584.276197144
584.200379255
584.123176515
584.044590187
583.964621915
583.883273023
583.800544808
583.71643895
583.630956857
583.544099981
583.455869907
583.366268093
583.275296129
583.182955531
583.089247827
582.994174627
582.897737527
582.799938123
582.700778061
582.600258929
582.498382447
582.395150178
582.290563786
582.184625044
582.077335551
581.968697114
581.858711437
581.747380168
581.6347052
581.520688228
581.405330933
581.28863523
581.170602881
581.051235712
580.930535496
580.808504138
580.685143492
580.560455351
580.434441615
580.307104202
580.178445015
580.048465968
579.917168865
579.784555877
579.650628763
579.515389528
579.378840156
579.240982674
579.101818906
578.961351055
578.819581132
578.67651107
578.532142858
578.386478718
578.239520622
578.091270616
577.941730802
577.790903264
577.638790184
577.485393656
577.330715737
577.174758658
577.017524545
576.859015411
576.699233608
576.538181322
576.375860625
576.212273847
576.047423006
575.881310514
575.713938511
575.54530939
575.375425041
575.204288132
575.031900736
574.858265168
574.683383628
574.507258562
574.329892195
574.151286845
573.971444937
573.790368675
573.608060451
573.424522674
573.239757595
573.053767696
572.866555325
572.678122828
572.488472684
572.29760724
572.10552892
571.912240142
571.71774333
571.522041049
571.325135558
571.12702943
570.927725147
570.727225035
570.525531768
570.32264767
570.118575372
569.913317305
569.706876041
569.499254003
569.290453788
569.080477827
568.869328857
568.657009297
568.443521635
568.228868589
568.013052672
567.796076395
567.577942406
567.358653313
567.138211664
566.916620041
566.693881073
566.469997447
566.244971734
566.018806574
565.79150456
565.563068331
565.333500661
565.102803956
564.870981138
564.638034725
564.403967442
564.168781913
563.932480858
563.69506693
563.456542914
563.216911396
562.976175124
562.734336728
562.491399101
562.247364865
562.002236648
561.75601733
561.508709508
561.260316104
561.010839686
560.760283057
560.508648952
560.255940182
560.002159461
559.747309517
559.491393196
559.23441331
558.976372414
558.717273489
558.457119369
558.195912669
557.933656217
557.670352832
557.406005452
557.1406166
556.874189345
556.606726308
556.338230412
556.068704473
555.798151201
555.526573563
555.253974321
554.980356195
554.705722193
554.430075198
554.153417688
553.875752795
553.597083393
553.317412192
553.036742079
552.755075918
552.472416507
552.188766746
551.904129479
551.618507585
551.331903849
551.04432126
550.755762583
550.46623072
550.175728499
549.884258825
549.591824595
549.298428603
549.004073782
548.708762972
548.412499104
548.115284949
547.817123417
547.518017531
547.217969944
546.916983721
546.615061675
546.312206658
546.008421592
545.703709412
545.398072874
545.091514961
544.784038574
544.475646399
544.166341587
543.85612687
543.545005249
543.232979537
542.920052557
542.606227294
542.291506596
541.975893386
541.659390516
541.342000876
541.023727367
540.704572875
540.384540284
540.063632412
539.741852216
539.419202607
539.095686416
538.771306547
538.446065878
538.119967254
537.793013606
537.4652078
537.136552661
536.807051213
536.476706134
536.145520457
535.813496965
535.480638501
535.146948154
534.812428517
534.477082584
534.14091327
533.803923336
533.4661157
533.127493215
532.788058775
532.447815136
532.106765319
531.764912051
531.422258072
531.078806541
530.734560131
530.389521656
530.04369407
529.697080018
529.34968261
529.00150441
528.652548471
528.302817506
527.952314395
527.601041932
527.249002953
526.896200323
526.542636775
526.188315174
525.833238344
525.477409092
525.120830198
524.763504511
524.405434834
524.046623901
523.687074488
523.326789544
522.965771708
522.604023898
522.241548748
521.878349119
521.514427748
521.149787512
520.784431068
520.418361248
520.051580779
519.684092385
519.315898947
518.947003078
518.577407582
518.207115273
517.836128758
517.464450876
517.092084315
516.719031859
516.345296105
515.970879941
515.595785976
515.220016904
514.843575526
514.466464488
514.088686496
513.71024433
513.331140578
512.951377927
512.570959117
512.189886775
511.808163605
511.425792358
511.042775582
510.659115923
510.274816154
509.889878832
509.504306688
509.118102348
508.731268329
508.343807412
507.955722165
507.567015205
507.177689245
506.787746769
506.39719051
506.006022924
505.614246803
505.221864525
504.828878825
504.435292339
504.04110749
503.646326995
503.250953297
502.854989129
502.458436874
502.061299235
501.663578627
501.265277655
500.866398971
500.466944957
500.066918207
499.666321182
499.265156507
498.863426647
498.461134109
498.058281375
497.654870987
497.250905422
496.84638716
496.441318689
496.03570249
495.629541001
495.22283671
494.815592063
494.407809619
493.999491695
493.590640521
493.181259338
492.77134974
492.36091446
491.949955885
491.538476545
491.126478686
490.713964835
490.300937333
489.887398552
489.473350892
489.058796764
488.643738577
488.228178637
487.812119346
487.395562988
486.978512061
486.560968722
486.142935512
485.724414587
485.30540842
484.885919217
484.465949372
484.045501231
483.62457697
483.203178973
482.781309548
482.358970894
481.936165425
481.512895319
481.089162923
480.664970449
480.240320098
479.815214245
479.389655081
478.963644779
478.537185729
478.110280022
477.682929977
477.255137707
476.826905473
476.398235512
475.969130088
475.539591148
475.10962109
474.679222022
474.248396166
473.817145642
473.385472642
472.953379308
472.520867811
472.08794022
471.654598803
471.22084554
470.786682708
470.352112302
469.917136544
469.481757458
469.045977219
468.609797868
468.173221517
467.73625024
467.298886084
466.861131205
466.422987603
465.984457416
465.545542589
465.106245232
464.666567403
464.226511073
463.786078347
463.345271219
462.90409168
462.462541782
462.020623498
461.578338902
461.135689887
460.692678485
460.249306722
459.80557655
459.361489874
458.917048768
458.472255089
458.027110877
457.58161803
457.135778503
456.689594223
456.243067119
455.796199104
455.348992171
454.901448157
454.453568981
454.005356559
453.55681278
453.107939515
452.658738701
452.20921214
451.759361778
451.309189407
450.858696908
450.407886265
449.956759129
449.505317468
449.053563037
448.601497749
448.149123419
447.69644178
447.243454765
446.790164103
446.336571649
445.882679156
445.428488467
444.9740013
444.51921948
444.064144829
443.608779031
443.153123888
442.697181185
442.240952638
441.784439977
441.327645011
440.870569484
440.413215012
439.955583424
439.497676456
439.039495796
438.581043061
438.122320085
437.663328544
437.204070055
436.744546442
436.28475926
435.824710261
435.364401077
434.903833419
434.443008949
433.98192927
433.520596117
433.059011064
432.59717579
432.135091931
431.672761134
431.210185013
430.74736512
430.284303241
429.821000834
429.357459573
428.89368103
428.429666897
427.965418619
427.500937886
427.036226271
426.571285354
426.106116579
425.640721782
425.175102286
424.709259778
424.243195782
423.776911789
423.310409441
422.84369022
422.37675566
421.90960728
421.442246721
420.974675365
420.506894816
420.038906536
419.570712047
419.102312885
418.633710511
418.164906432
417.695902119
417.22669909
416.757298873
416.287702836
415.817912521
415.347929361
414.877754903
414.407390484
413.936837644
413.46609783
412.99517247
412.524063007
412.052770886
411.581297542
411.109644398
410.637812914
410.165804459
409.693620517
409.221262446
408.748731725
408.276029656
407.803157728
407.330117299
406.856909805
406.383536615
405.909999097
405.436298678
404.962436675
404.48841459
404.014233594
403.539895229
403.065400749
402.590751646
402.115949178
401.64099472
401.165889597
400.690635195
400.215232877
399.739683909
399.263989761
398.788151522
398.312170777
397.836048691
397.359786673
396.883386035
396.406848103
395.930174106
395.45336544
394.976423357
394.499349142
394.022144165
393.544809725
393.06734709
392.589757475
392.112042278
391.634202728
391.156240151
390.678155753
390.199950834
389.721626699
389.243184569
388.764625779
388.285951496
387.80716307
387.32826167
386.849248638
386.370125176
385.890892566
385.411552011
384.932104735
384.452552064
383.972895134
383.493135312
383.01327367
382.533311546
382.053250178
381.573090662
381.092834353
380.612482435
380.1320361
379.651496576
379.170865029
378.690142733
378.209330911
377.728430677
377.247443236
376.76636995
376.285211836
375.803970158
375.322646098
374.841240856
374.35975561
373.878191535
373.396549824
372.914831644
372.433038174
371.951170625
371.469230165
370.987217948
370.505135154
370.022982904
369.540762411
369.058474803
368.576121345
368.093703112
367.611221228
367.12867671
366.646071285
366.163405511
365.680680771
365.197898137
364.715058813
364.232163931
363.74921461
363.266212053
362.783157317
362.300051664
361.816896119
361.333691805
360.850439915
360.367141574
359.88379787
359.400409961
358.916978993
358.433506054
357.94999228
357.466438784
356.982846714
356.499217136
356.015551215
355.531850074
355.048114756
354.56434643
354.080546213
353.596715212
353.112854453
352.628965165
352.145048387
351.661105215
351.177136808
350.693144203
350.209128511
349.725090861
349.241032319
348.756954038
348.27285708
347.788742509
347.304611449
346.820464973
346.336304212
345.852130206
345.367944122
344.883746912
344.39953976
343.915323749
343.431099946
342.946869463
342.462633289
341.978392629
341.494148466
341.009901944
340.525654084
340.04140605
339.557158817
339.072913546
338.588671219
338.104433012
337.620199922
337.135973104
336.651753521
336.167542282
335.683340542
335.199149252
334.714969473
334.230802455
333.746649065
333.262510515
332.778387733
332.294281846
331.81019394
331.326125056
330.842076265
330.358048633
329.874043135
329.39006104
328.90610321
328.422170755
327.938264709
327.454386296
326.970536422
326.486716094
326.002926497
325.519168632
325.03544359
324.551752352
324.068096051
323.584475698
323.10089236
322.617347065
322.133840903
321.650374918
321.166950154
320.683567661
320.200228484
319.716933671
319.233684342
318.750481418
318.267326042
317.784219258
317.30116211
316.818155624
316.335200801
315.852298857
315.369450632
314.886657316
314.403919908
313.921239454
313.438617004
312.956053588
312.473550305
311.991108139
311.508728148
311.026411411
310.54415891
310.061971753
309.579850985
309.097797609
308.615812698
308.133897234
307.652052365
307.170279056
306.688578417
306.20695138
305.725399103
305.243922563
304.762522761
304.281200897
303.799957834
303.318794777
302.837712644
302.35671251
301.875795421
301.394962465
300.914214567
300.433552929
299.952978426
299.47249223
298.99209532
298.511788736
298.031573508
297.551450734
297.071421418
296.591486553
296.111647267
295.631904548
295.152259468
294.672713014
294.193266276
293.713920267
293.234676085
292.755534683
292.276497124
291.797564467
291.31873775
290.840018052
290.36140634
289.882903666
289.404511103
288.926229671
288.448060417
287.970004379
287.492062606
287.01423613
286.536525955
286.058933182
285.581458823
285.104103856
284.626869433
284.14975653
283.672766183
283.195899453
282.719157368
282.242540961
281.766051295
281.289689339
280.813456242
280.337352967
279.861380582
279.385540099
278.909832573
278.434259051
277.958820572
277.483518144
277.008352812
276.5333257
276.058437711
275.583689973
275.109083537
274.634619357
274.160298533
273.686122096
273.21209108
272.738206519
272.26446949
271.790880963
271.317442016
270.844153674
270.371017003
269.898033034
269.425202774
268.952527273
268.480007591
268.007644739
267.535439812
267.063393765
266.591507667
266.119782566
265.648219507
265.176819552
264.705583671
264.23451295
263.763608398
263.292871086
262.822302018
262.351902249
261.881672806
261.411614763
260.941729098
260.472016896
260.002479182
259.533116957
259.063931295
258.594923226
258.126093805
257.657444047
257.188974989
256.720687637
256.25258309
255.784662357
255.316926427
254.849376413
254.382013309
253.914838156
253.447851972
252.981055857
252.514450817
252.048037782
251.5818179
251.115792169
250.649961657
250.184327392
249.718890361
249.253651619
248.788612247
248.323773203
247.859135582
247.394700326
246.930468605
246.46644136
246.002619618
245.539004453
245.07559687
244.612397949
244.149408642
243.686629999
243.22406312
242.761708928
242.299568577
241.837643009
241.375933275
240.914440412
240.453165465
239.992109419
239.531273312
239.070658199
238.610265087
238.150095019
237.690149022
237.23042812
236.770933333
236.311665675
