245.74882185
245.780812896
245.812784632
245.84473704
245.876670101
245.908583795
245.940478106
245.972353013
246.004208496
246.036044539
246.067861123
246.099658227
246.131435835
246.163193926
246.194932483
246.226651486
246.258350918
246.290030759
246.32169099
246.353331592
246.384952547
246.416553836
246.448135442
246.479697343
246.511239522
246.542761962
246.574264641
246.605747543
246.637210649
246.668653939
246.700077395
246.731480997
246.762864728
246.79422857
246.825572502
246.856896507
246.888200566
246.91948466
246.950748771
246.981992881
247.013216969
247.044421018
247.075605008
247.106768922
247.13791274
247.169036445
247.200140017
247.231223438
247.262286689
247.293329753
247.324352609
247.355355239
247.386337624
247.417299747
247.448241589
247.479163131
247.510064353
247.540945239
247.571805769
247.602645925
247.633465689
247.66426504
247.695043961
247.725802434
247.756540439
247.787257959
247.817954974
247.848631467
247.879287418
247.909922809
247.940537622
247.97113184
248.00170544
248.032258407
248.062790721
248.093302364
248.123793318
248.154263563
248.184713083
248.215141857
248.245549867
248.275937096
248.306303526
248.336649135
248.366973908
248.397277823
248.427560865
248.457823015
248.488064252
248.518284561
248.548483921
248.578662315
248.608819724
248.638956131
248.669071514
248.699165858
248.729239144
248.759291352
248.789322464
248.819332463
248.849321329
248.879289045
248.909235592
248.939160952
248.969065107
248.998948037
249.028809724
249.058650152
249.088469299
249.118267149
249.148043684
249.177798884
249.207532731
249.237245209
249.266936296
249.296605978
249.326254233
249.355881043
249.385486391
249.415070259
249.444632628
249.474173479
249.503692796
249.533190558
249.562666748
249.59212135
249.621554341
249.650965706
249.680355426
249.709723482
249.739069857
249.768394533
249.797697491
249.826978712
249.856238179
249.885475874
249.914691779
249.943885874
249.973058141
250.002208564
250.031337123
250.060443801
250.089528579
250.118591438
250.147632362
250.176651331
250.205648329
250.234623337
250.263576334
250.292507306
250.321416232
250.350303096
250.379167878
250.408010562
250.436831128
250.465629558
250.494405836
250.523159942
250.55189186
250.580601568
250.609289051
250.637954291
250.666597269
250.695217967
250.723816367
250.752392452
250.780946203
250.809477602
250.837986631
250.866473274
250.894937509
250.923379321
250.951798692
250.980195602
251.008570035
251.036921972
251.065251396
251.093558288
251.121842631
251.150104406
251.178343598
251.206560184
251.23475415
251.262925478
251.291074148
251.319200143
251.347303446
251.375384038
251.403441902
251.43147702
251.459489374
251.487478946
251.515445718
251.543389673
251.571310792
251.599209057
251.627084452
251.654936958
251.682766557
251.710573232
251.738356965
251.766117738
251.793855534
251.821570334
251.84926212
251.876930876
251.904576583
251.932199223
251.959798779
251.987375234
252.014928568
252.042458766
252.06996581
252.09744968
252.124910359
252.152347831
252.179762077
252.20715308
252.234520822
252.261865285
252.289186452
252.316484305
252.343758827
252.371010001
252.398237808
252.425442229
252.45262325
252.47978085
252.506915014
252.534025723
252.561112961
252.588176709
252.615216949
252.642233665
252.66922684
252.696196454
252.72314249
252.750064931
252.776963762
252.803838962
252.830690515
252.857518404
252.88432261
252.911103117
252.937859906
252.964592964
252.991302267
253.017987802
253.044649549
253.071287494
253.097901615
253.1244919
253.151058327
253.17760088
253.204119544
253.230614299
253.257085129
253.283532016
253.309954942
253.336353891
253.362728844
253.389079786
253.415406698
253.441709564
253.467988365
253.494243086
253.520473707
253.546680214
253.572862587
253.59902081
253.625154866
253.651264737
253.677350406
253.703411855
253.729449069
253.75546203
253.78145072
253.807415121
253.83335522
253.859270995
253.885162431
253.911029511
253.936872218
253.962690534
253.988484443
254.014253926
254.039998969
254.065719552
254.09141566
254.117087276
254.142734381
254.168356958
254.193954992
254.219528465
254.24507736
254.27060166
254.296101348
254.321576407
254.34702682
254.372452572
254.397853642
254.423230016
254.448581675
254.473908605
254.499210787
254.524488205
254.549740841
254.574968679
254.600171702
254.625349893
254.650503236
254.675631714
254.700735308
254.725814003
254.750867782
254.775896629
254.800900525
254.825879455
254.850833402
254.875762349
254.90066628
254.925545178
254.950399024
254.975227804
255.0000315
255.024810095
255.049563574
255.074291919
255.098995114
255.123673141
255.148325985
255.172953628
255.197556056
255.222133248
255.246685191
255.271211867
255.295713259
255.320189351
255.344640127
255.369065569
255.393465662
255.417840388
255.442189733
255.466513678
255.490812207
255.515085303
255.53933295
255.563555133
255.587751833
255.611923036
255.636068723
255.660188879
255.684283489
255.708352534
255.732396
255.756413867
255.780406122
255.804372747
255.828313727
255.852229044
255.876118682
255.899982626
255.923820858
255.947633363
255.971420124
255.995181126
256.01891635
256.042625782
256.066309405
256.089967202
256.113599158
256.137205257
256.160785481
256.184339816
256.207868244
256.23137075
256.254847318
256.27829793
256.301722572
256.325121227
256.348493877
256.37184051
256.395161106
256.418455651
256.441724128
256.464966522
256.488182817
256.511372996
256.534537042
256.557674941
256.580786676
256.603872231
256.62693159
256.649964737
256.672971657
256.695952333
256.718906749
256.741834891
256.76473674
256.787612281
256.810461499
256.833284378
256.856080902
256.878851055
256.901594821
256.924312184
256.947003129
256.969667639
256.9923057
257.014917295
257.037502408
257.060061023
257.082593124
257.105098697
257.127577725
257.150030193
257.172456084
257.194855384
257.217228075
257.239574145
257.261893575
257.28418635
257.306452456
257.328691876
257.350904592
257.373090592
257.395249861
257.41738238
257.439488136
257.461567113
257.483619295
257.505644666
257.52764321
257.549614914
257.57155976
257.593477735
257.615368821
257.637233003
257.659070267
257.680880597
257.702663976
257.724420392
257.746149826
257.767852264
257.789527691
257.811176091
257.832797449
257.85439175
257.875958977
257.897499118
257.919012154
257.940498073
257.961956858
257.983388493
258.004792964
258.026170255
258.047520352
258.068843238
258.090138898
258.111407319
258.132648484
258.153862378
258.175048987
258.196208294
258.217340286
258.238444946
258.259522259
258.28057221
258.301594786
258.322589969
258.343557746
258.364498101
258.38541102
258.406296488
258.427154488
258.447985006
258.468788028
258.489563538
258.510311521
258.531031963
258.551724849
258.572390163
258.593027891
258.613638018
258.63422053
258.65477541
258.675302645
258.695802218
258.716274117
258.736718326
258.757134829
258.777523614
258.797884664
258.818217963
258.8385235
258.858801259
258.879051224
258.899273381
258.919467715
258.939634212
258.959772857
258.979883635
258.999966531
259.020021533
259.040048623
259.060047788
259.080019016
259.099962287
259.11987759
259.139764909
259.159624231
259.179455541
259.199258824
259.219034065
259.238781251
259.258500367
259.278191398
259.297854332
259.31748915
259.337095841
259.35667439
259.376224782
259.395747003
259.415241039
259.434706876
259.454144499
259.473553893
259.492935045
259.512287941
259.531612566
259.550908905
259.570176945
259.589416671
259.608628069
259.627811125
259.646965825
259.666092155
259.6851901
259.704259647
259.72330078
259.742313488
259.761297755
259.780253566
259.799180907
259.818079767
259.836950128
259.855791979
259.874605305
259.893390091
259.912146326
259.930873992
259.949573078
259.968243568
259.98688545
260.005498709
260.024083331
260.042639303
260.061166611
260.07966524
260.098135178
260.11657641
260.134988923
260.153372701
260.171727733
260.190054004
260.208351499
260.226620208
260.244860113
260.263071203
260.281253463
260.299406881
260.317531443
260.335627133
260.353693939
260.371731848
260.389740845
260.407720919
260.425672052
260.443594235
260.461487452
260.47935169
260.497186936
260.514993176
260.532770398
260.550518585
260.568237725
260.585927807
260.603588816
260.621220738
260.638823561
260.656397269
260.673941851
260.691457293
260.708943583
260.726400705
260.743828648
260.761227398
260.778596941
260.795937264
260.813248355
260.830530199
260.847782785
260.865006097
260.882200125
260.899364853
260.91650027
260.933606361
260.950683114
260.967730516
260.984748554
261.001737214
261.018696484
261.03562635
261.0525268
261.06939782
261.086239399
261.103051522
261.119834176
261.136587349
261.153311028
261.170005199
261.186669851
261.20330497
261.219910542
261.236486557
261.253033
261.269549859
261.28603712
261.302494773
261.318922802
261.335321196
261.351689942
261.368029027
261.384338439
261.400618164
261.416868191
261.433088507
261.449279098
261.465439953
261.481571058
261.497672401
261.513743969
261.529785751
261.545797733
261.561779903
261.577732249
261.593654757
261.609547416
261.625410212
261.641243134
261.65704617
261.672819306
261.688562529
261.704275829
261.719959192
261.735612607
261.75123606
261.76682954
261.782393035
261.797926532
261.813430017
261.82890348
261.844346909
261.85976029
261.875143612
261.890496863
261.90582003
261.921113101
261.936376065
261.951608909
261.966811621
261.981984187
261.997126598
262.012238841
262.027320903
262.042372773
262.057394439
262.072385888
262.087347109
262.10227809
262.117178819
262.132049283
262.146889471
262.161699371
262.176478972
262.191228261
262.205947226
262.220635856
262.235294139
262.249922063
262.264519616
262.279086787
262.293623564
262.308129935
262.322605888
262.337051412
262.351466495
262.365851125
262.380205291
262.394528982
262.408822184
262.423084888
262.437317082
262.451518753
262.46568989
262.479830482
262.493940517
262.508019984
262.522068872
262.536087168
262.550074861
262.564031941
262.577958396
262.591854214
262.605719382
262.619553893
262.633357732
262.647130889
262.660873353
262.674585112
262.688266155
262.701916471
262.715536048
262.729124876
262.742682944
262.756210239
262.769706751
262.783172468
262.79660738
262.810011476
262.823384744
262.836727174
262.850038753
262.863319472
262.87656932
262.889788284
262.902976355
262.916133521
262.929259771
262.942355095
262.95541948
262.968452918
262.981455397
262.994426905
263.007367432
263.020276968
263.0331555
263.04600302
263.058819515
263.071604974
263.084359389
263.097082747
263.109775038
263.122436251
263.135066376
263.147665401
263.160233317
263.172770112
263.185275777
263.1977503
263.21019367
263.222605879
263.234986914
263.247336765
263.259655422
263.271942874
263.284199112
263.296424125
263.3086179
263.32078043
263.332911703
263.345011708
263.357080437
263.369117878
263.38112402
263.393098854
263.40504237
263.416954556
263.428835405
263.440684903
263.452503041
263.46428981
263.476045199
263.487769199
263.499461797
263.511122986
263.522752754
263.534351092
263.545917989
263.557453436
263.568957423
263.580429938
263.591870973
263.603280518
263.614658562
263.626005094
263.637320109
263.648603592
263.659855535
263.671075929
263.682264762
263.693422026
263.704547711
263.715641806
263.726704303
263.73773519
263.74873446
263.759702101
263.770638105
263.781542461
263.79241516
263.803256192
263.814065548
263.824843218
263.835589193
263.846303462
263.856986016
263.867636847
263.878255944
263.888843298
263.899398899
263.909922738
263.920414806
263.930875092
263.941303589
263.951700285
263.962065173
263.972398243
263.982699484
263.992968889
264.003206447
264.01341215
264.023585988
264.033727953
264.043838034
264.053916222
264.063962509
264.073976885
264.083959342
264.09390987
264.103828459
264.113715101
264.123569788
264.133392509
264.143183256
264.15294202
264.162668791
264.172363562
264.182026322
264.191657064
264.201255778
264.210822454
264.220357085
264.229859662
264.239330174
264.248768615
264.258174976
264.267549246
264.276891419
264.286201483
264.295479433
264.304725257
264.313938948
264.323120497
264.332269896
264.341387136
264.350472208
264.359525103
264.368545814
264.377534331
264.386490646
264.395414751
264.404306637
264.413166295
264.421993718
264.430788896
264.439551823
264.448282487
264.456980883
264.465647
264.474280832
264.482882368
264.491451603
264.499988527
264.508493131
264.516965407
264.525405349
264.533812947
264.542188192
264.550531077
264.558841594
264.567119734
264.57536549
264.583578854
264.591759816
264.599908371
264.608024508
264.616108222
264.624159502
264.632178341
264.640164732
264.648118667
264.656040137
264.663929135
264.671785652
264.679609682
264.687401217
264.695160246
264.702886767
264.710580767
264.71824224
264.725871179
264.733467576
264.741031422
264.748562711
264.756061434
264.763527586
264.770961155
264.778362138
264.785730525
264.793066307
264.80036948
264.807640035
264.814877964
264.82208326
264.829255915
264.836395922
264.843503274
264.850577962
264.857619981
264.864629322
264.871605979
264.878549943
264.885461207
264.892339766
264.89918561
264.905998733
264.912779127
264.919526785
264.926241702
264.932923869
264.939573278
264.946189923
264.952773798
264.959324894
264.965843204
264.972328721
264.978781441
264.985201353
264.991588452
264.997942731
265.004264183
265.010552801
265.016808578
265.023031507
265.029221581
265.035378794
265.041503139
265.047594609
265.053653196
265.059678895
265.065671699
265.071631601
265.077558593
265.083452672
265.089313828
265.095142055
265.100937347
265.106699697
265.112429098
265.118125545
265.123789031
265.129419548
265.135017091
265.140581654
265.146113229
265.15161181
265.157077391
265.162509966
265.167909527
265.173276069
265.178609587
265.183910072
265.189177519
265.194411923
265.199613274
265.20478157
265.209916802
265.215018965
265.220088053
265.225124059
265.230126978
265.235096804
265.240033529
265.244937149
265.249807657
265.254645047
265.259449313
265.26422045
265.268958451
265.273663309
265.278335021
265.282973579
265.287578978
265.292151211
265.296690273
265.30119616
265.305668863
265.310108378
265.314514699
265.31888782
265.323227735
265.327534439
265.331807926
265.336048191
265.340255228
265.344429031
265.348569595
265.352676914
265.356750982
265.360791795
265.364799346
265.368773631
265.372714642
265.376622377
265.380496828
265.384337991
265.388145858
265.391920428
265.395661693
265.399369648
265.403044288
265.406685606
265.4102936
265.413868263
265.417409589
265.420917575
265.424392212
265.427833499
265.43124143
265.434615998
265.4379572
265.441265029
265.444539481
265.447780552
265.450988236
265.454162527
265.457303421
265.460410914
265.463484999
265.466525674
265.469532932
265.472506768
265.475447178
265.478354156
265.481227699
265.4840678
265.486874459
265.489647665
265.492387417
265.495093711
265.497766539
265.500405899
265.503011786
265.505584195
265.508123121
265.510628561
265.513100508
265.515538959
265.51794391
265.520315356
265.522653292
265.524957715
265.527228619
265.529466001
265.531669854
265.533840176
265.535976963
265.53808021
265.540149913
265.542186067
265.544188668
265.546157712
265.548093194
265.549995111
265.551863459
265.553698233
265.555499429
265.557267043
265.559001072
265.56070151
265.562368354
265.5640016
265.565601245
265.567167283
265.568699711
265.570198525
265.571663721
265.573095296
265.574493246
265.575857566
265.577188253
265.578485303
265.579748712
265.580978478
265.582174594
265.583337059
265.584465868
265.585561018
265.586622506
265.587650327
265.588644477
265.589604954
265.590531754
265.591424873
265.592284308
265.593110055
265.593902111
265.594660472
265.595385135
265.596076097
265.596733354
265.597356902
265.597946738
265.598502861
265.599025264
265.599513946
265.599968904
265.600390133
265.60077763
265.601131395
265.601451422
265.601737707
265.601990249
265.602209043
265.602394088
265.60254538
265.602662915
265.602746692
265.602796706
265.602812955
265.602795436
265.602744146
265.602659082
265.602540241
265.60238762
265.602201217
265.601981028
265.601727052
265.601439284
265.601117722
265.600762365
265.600373208
265.599950249
265.599493485
265.599002915
265.598478535
265.597920341
265.597328333
265.596702507
265.596042861
265.595349394
265.594622099
265.593860978
265.593066027
265.592237242
265.591374623
265.590478167
265.589547871
265.588583732
265.587585749
265.58655392
265.585488241
265.584388711
265.583255328
265.582088089
265.580886992
265.579652035
265.578383215
265.577080531
265.57574398
265.574373561
265.572969271
265.571531108
265.57005907
265.568553156
265.567013364
265.56543969
265.563832133
265.562190692
265.560515365
265.558806148
265.557063043
265.555286044
265.553475152
265.551630364
265.549751679
265.547839095
265.54589261
265.543912222
265.54189793
265.539849732
265.537767627
265.535651612
265.533501687
265.531317849
265.529100097
265.526848431
265.524562846
265.522243344
265.519889922
265.517502578
265.515081312
265.512626122
265.510137006
265.507613963
265.505056992
265.502466092
265.499841261
265.497182498
265.494489802
265.491763171
265.489002604
265.4862081
265.483379659
265.480517278
265.477620957
265.474690695
265.47172649
265.468728342
265.465696249
265.462630211
265.459530226
265.456396294
265.453228413
265.450026583
265.446790804
265.443521072
265.440217389
265.436879753
265.433508164
265.43010262
265.426663121
265.423189666
265.419682255
265.416140886
265.41256556
265.408956274
265.40531303
265.401635826
265.397924661
265.394179536
265.390400449
265.386587399
265.382740387
265.378859413
265.374944474
265.370995572
265.367012706
265.362995874
265.358945078
265.354860316
265.350741588
265.346588895
265.342402234
265.338181608
265.333927014
265.329638453
265.325315925
265.320959429
265.316568966
265.312144536
265.307686137
265.303193771
265.298667436
265.294107134
265.289512863
265.284884625
265.280222418
265.275526243
265.270796101
265.266031991
265.261233913
265.256401868
265.251535855
265.246635875
265.241701928
265.236734014
265.231732133
265.226696286
265.221626474
265.216522696
265.211384952
265.206213243
265.20100757
265.195767932
265.19049433
265.185186766
265.179845238
265.174469748
265.169060296
265.163616883
265.158139509
265.152628174
265.14708288
265.141503627
265.135890416
265.130243246
265.12456212
265.118847037
265.113097998
265.107315005
265.10149806
265.095647158
265.089762305
265.083843499
265.077890744
265.071904039
265.065883384
265.059828782
265.053740232
265.047617736
265.041461295
265.03527091
265.029046582
265.022788311
265.016496099
265.010169949
265.003809858
264.99741583
264.990987866
264.984525967
264.978030133
264.971500366
264.964936668
264.958339039
264.951707482
264.945041997
264.938342586
264.931609249
264.924841989
264.918040807
264.911205704
264.904336682
264.897433741
264.890496885
264.883526113
264.876521429
264.869482833
264.862410326
264.855303911
264.848163589
264.840989362
264.83378123
264.826539198
264.819263265
264.811953433
264.804609705
264.797232082
264.789820566
264.782375159
264.774895862
264.767382677
264.759835607
264.752254653
264.744639817
264.736991101
264.729308508
264.721592038
264.713841695
264.70605748
264.698239395
264.690387442
264.682501624
264.674581942
264.666628399
264.658640996
264.650619737
264.642564623
264.634475657
264.626352841
264.618196176
264.610005666
264.601781313
264.593523119
264.585231086
264.576905217
264.568545514
264.56015198
264.551724617
264.543263427
264.534768414
264.52623958
264.517676926
264.509080456
264.500450173
264.491786079
264.483088176
264.474356467
264.465590956
264.456791644
264.447958534
264.43909163
264.430190933
264.421256447
264.412288174
264.403286118
264.394250281
264.385180665
264.376077276
264.366940113
264.357769182
264.348564484
264.339326023
264.330053801
264.320747822
264.311408089
264.302034605
264.292627373
264.283186396
264.273711677
264.264203219
264.254661027
264.245085102
264.235475448
264.225832068
264.216154965
264.206444144
264.196699606
264.186921356
264.177109396
264.167263731
264.157384363
264.147471296
264.137524534
264.127544079
264.117529936
264.107482108
264.097400598
264.08728541
264.077136547
264.066954014
264.056737813
264.046487949
264.036204424
264.025887244
264.01553641
264.005151929
263.994733801
263.984282033
263.973796627
263.963277587
263.952724916
263.94213862
263.931518702
263.920865166
263.910178015
263.899457254
263.888702886
263.877914916
263.867093347
263.856238183
263.84534943
263.834427089
263.823471167
263.812481666
263.801458592
263.790401948
263.779311738
263.768187967
263.757030638
263.745839756
263.734615326
263.723357351
263.712065835
263.700740785
263.689382202
263.677990093
263.666564461
263.655105311
263.643612647
263.632086473
263.620526795
263.608933616
263.597306941
263.585646775
263.573953123
263.562225988
263.550465376
263.53867129
263.526843737
263.51498272
263.503088243
263.491160313
263.479198933
263.467204109
263.455175845
263.443114145
263.431019015
263.418890461
263.406728486
263.394533094
263.382304293
263.370042085
263.357746476
263.345417472
263.333055076
263.320659295
263.308230133
263.295767596
263.283271687
263.270742413
263.258179779
263.24558379
263.23295445
263.220291766
263.207595741
263.194866382
263.182103694
263.169307682
263.156478351
263.143615708
263.130719756
263.117790501
263.104827949
263.091832106
263.078802976
263.065740565
263.052644878
263.039515922
263.026353701
263.013158221
262.999929488
262.986667507
262.973372284
262.960043824
262.946682132
262.933287217
262.919859081
262.906397731
262.892903172
262.879375413
262.865814455
262.852220308
262.838592974
262.824932462
262.811238777
262.797511923
262.783751909
262.769958737
262.756132417
262.742272953
262.728380351
262.714454617
262.700495757
262.686503778
262.672478685
262.658420484
262.644329182
262.630204784
262.616047297
262.601856727
262.58763308
262.573376362
262.559086581
262.544763741
262.530407848
262.516018911
262.501596935
262.487141924
262.472653888
262.45813283
262.44357876
262.428991683
262.414371603
262.39971853
262.385032469
262.370313426
262.355561408
262.340776422
262.325958474
262.311107571
262.296223719
262.281306925
262.266357196
262.251374538
262.236358958
262.221310464
262.20622906
262.191114755
262.175967554
262.160787467
262.145574496
262.130328652
262.11504994
262.099738367
262.084393941
262.069016667
262.053606554
262.038163608
262.022687836
262.007179244
261.991637841
261.976063633
261.960456625
261.944816829
261.929144249
261.913438891
261.897700765
261.881929877
261.866126233
261.850289842
261.83442071
261.818518845
261.802584255
261.786616944
261.770616923
261.754584198
261.738518776
261.722420665
261.706289872
261.690126405
261.673930271
261.657701477
261.641440031
261.62514594
261.608819213
261.592459856
261.576067878
261.559643285
261.543186085
261.526696286
261.510173897
261.493618923
261.477031373
261.460411255
261.443758576
261.427073345
261.410355568
261.393605255
261.376822412
261.360007047
261.343159169
261.326278784
261.309365902
261.29242053
261.275442676
261.258432347
261.241389552
261.2243143
261.207206597
261.190066452
261.172893873
261.155688869
261.138451446
261.121181614
261.10387938
261.086544753
261.06917774
261.05177835
261.034346592
261.016882474
260.999386002
260.981857187
260.964296037
260.946702559
260.929076762
260.911418655
260.893728245
260.876005541
260.858250552
260.840463286
260.822643752
260.804791958
260.786907912
260.768991623
260.751043101
260.733062351
260.715049385
260.697004211
260.678926835
260.66081727
260.642675521
260.624501598
260.60629551
260.588057266
260.569786874
260.551484343
260.533149682
260.514782899
260.496384004
260.477953004
260.45948991
260.44099473
260.422467474
260.40390815
260.385316766
260.366693332
260.348037856
260.32935035
260.310630819
260.291879274
260.273095724
260.254280179
260.235432646
260.216553136
260.197641659
260.178698221
260.159722833
260.140715505
260.121676244
260.102605061
260.083501965
260.064366964
260.04520007
260.026001291
260.006770636
259.987508114
259.968213734
259.948887508
259.929529443
259.910139549
259.890717836
259.871264312
259.851778988
259.832261874
259.812712978
259.793132312
259.773519883
259.7538757
259.734199776
259.714492118
259.694752737
259.674981641
259.655178841
259.635344347
259.615478168
259.595580315
259.575650797
259.555689622
259.535696803
259.515672348
259.495616266
259.47552857
259.455409267
259.435258367
259.415075882
259.39486182
259.374616192
259.354339009
259.334030279
259.313690012
259.29331822
259.272914911
259.252480097
259.232013787
259.21151599
259.190986719
259.170425982
259.14983379
259.129210154
259.108555082
259.087868586
259.067150676
259.046401362
259.025620654
259.004808563
258.983965098
258.963090272
258.942184093
258.921246573
258.900277721
258.879277548
258.858246065
258.837183283
258.81608921
258.794963858
258.773807238
258.75261936
258.731400235
258.710149873
258.688868286
258.667555483
258.646211475
258.624836273
258.603429888
258.58199233
258.560523611
258.539023739
258.517492727
258.495930586
258.474337326
258.452712958
258.431057493
258.409370941
258.387653315
258.365904623
258.344124878
258.322314091
258.30047227
258.27859943
258.25669558
258.234760732
258.212794895
258.190798083
258.168770304
258.146711572
258.124621895
258.102501286
258.080349757
258.058167316
258.035953977
258.013709751
257.991434649
257.969128681
257.94679186
257.924424196
257.902025701
257.879596386
257.857136262
257.834645341
257.812123633
257.789571152
257.766987908
257.744373912
257.721729175
257.699053709
257.676347527
257.653610639
257.630843056
257.60804479
257.585215854
257.562356256
257.539466012
257.516545131
257.493593625
257.470611507
257.447598786
257.424555476
257.401481588
257.378377133
257.355242124
257.332076572
257.308880487
257.285653885
257.262396775
257.239109168
257.215791079
257.192442517
257.169063495
257.145654025
257.122214119
257.098743788
257.075243045
257.0517119
257.028150369
257.00455846
256.980936187
256.957283562
256.933600597
256.909887303
256.886143694
256.86236978
256.838565575
256.81473109
256.790866336
256.766971328
256.743046077
256.719090595
256.695104894
256.671088988
256.647042886
256.622966603
256.598860151
256.574723541
256.550556787
256.526359899
256.502132892
256.477875778
256.453588568
256.429271276
256.404923913
256.380546493
256.356139027
256.331701528
256.307234009
256.282736481
256.258208959
256.233651455
256.20906398
256.184446548
256.159799171
256.135121862
256.110414634
256.085677499
256.06091047
256.036113559
256.011286779
255.986430145
255.961543667
255.936627358
255.911681233
255.886705303
255.861699581
255.83666408
255.811598813
255.786503793
255.761379033
255.736224544
255.711040342
255.685826439
255.660582847
255.63530958
255.610006651
255.584674072
255.559311858
255.533920019
255.508498571
255.483047525
255.457566896
255.432056696
255.406516938
255.380947636
255.355348803
255.329720452
255.304062596
255.278375248
255.252658422
255.226912131
255.201136389
255.175331207
255.149496601
255.123632583
255.097739166
255.071816365
255.045864192
255.019882661
254.993871786
254.967831578
254.941762053
254.915663224
254.889535103
254.863377705
254.837191043
254.810975132
254.784729983
254.758455612
254.732152031
254.705819253
254.679457294
254.653066165
254.626645882
254.600196457
254.573717905
254.547210239
254.520673473
254.49410762
254.467512695
254.440888711
254.414235681
254.387553621
254.360842543
254.334102461
254.307333389
254.280535342
254.253708333
254.226852376
254.199967485
254.173053673
254.146110956
254.119139346
254.092138858
254.065109505
254.038051302
254.010964263
253.983848403
253.956703734
253.929530271
253.902328029
253.87509702
253.847837261
253.820548763
253.793231543
253.765885614
253.738510988
253.711107683
253.683675712
253.656215089
253.628725828
253.601207943
253.573661449
253.546086361
253.518482691
253.490850455
253.463189668
253.435500341
253.407782493
253.380036137
253.352261285
253.324457954
253.296626158
