454.888468252
416.610895968
378.438239875
340.507362274
303.014436503
266.217971896
230.437020167
196.044590721
163.456621914
133.117151904
105.480587427
80.9921658604
60.0678309269
43.0747887914
30.3139747737
22.0055448802
18.278317169
19.1638388717
24.5954617267
34.4124893388
48.3691371942
66.1477392376
87.3753645439
111.642791089
138.524635447
167.599366176
198.467940804
230.769899433
264.195917712
298.496055537
333.483222421
369.031695655
405.070853966
441.574606217
478.547279997
516.006972262
553.967535843
592.420471846
631.318012051
670.558605216
709.975872989
749.331882149
788.31530592
826.544733791
863.577058819
898.920542908
932.051856497
962.436128826
989.548844139
1012.89829305
1032.04724232
1046.63252583
1056.3813809
1061.12354984
1060.79842476
1055.45681715
1045.25726376
1030.45711534
1011.39897406
988.493327844
962.198458513
932.99885957
901.383480442
867.825110326
832.762128047
796.583679986
759.619116336
722.132233191
684.320550621
646.319527417
608.211291247
570.037170808
531.813071326
493.546553749
455.254371803
416.979196414
378.804316416
340.865242071
303.357346338
266.538943826
230.729510792
196.303073686
163.67711479
133.297643181
105.621335905
81.0958531094
60.1395570254
43.1219116548
30.3458036297
22.0329075284
18.3130289519
19.2181073567
24.681265114
34.5409680807
48.5500373114
66.3889422183
87.6825329459
112.019151331
138.970910234
168.11385925
199.046766777
231.407342159
264.884892063
299.228641351
334.25123432
369.827250561
405.886898515
442.405368719
479.388617341
516.856588613
554.825058927
593.287381999
632.197429017
671.454947195
710.894410951
750.278219611
789.294819067
827.562010273
864.635373202
900.021405006
933.194664173
963.617949993
990.764345016
1014.13981968
1033.30505301
1047.89516218
1057.63615618
1062.35712582
1061.99744226
1056.60854195
1046.35020842
1031.48159871
1012.34758405
989.36125908
962.983704149
933.702245776
902.008541672
868.37781364
833.250464061
797.017146287
760.008125848
722.487484554
684.652399836
646.637399628
608.523169078
570.349190106
532.129248701
493.868661459
455.581966093
417.309795919
379.133717138
341.187947303
303.66708252
266.829227791
230.994231171
196.537048157
163.876586903
133.460686351
105.748138643
81.1888668748
60.203497455
43.1636131856
30.3739369884
22.0575784723
18.3452839874
19.2693782233
24.7627874796
34.6632114014
48.7221818598
66.6184360558
87.9747562241
112.377208277
139.395560555
168.603591972
199.598009823
232.014792471
265.541943272
299.927879511
334.984968408
370.588041904
406.668053812
443.201363889
480.195424062
517.671882089
555.648293292
594.119728763
633.041582764
672.314812165
711.774689593
751.183931042
790.230780251
828.532314965
865.64290468
901.067415994
934.278453572
964.73665972
991.912892659
1015.31097398
1034.48964985
1049.08244991
1058.81425047
1063.51354722
1063.11970416
1057.68475329
1047.36965414
1032.43526247
1013.22858093
990.165151751
963.708683005
934.349162173
902.58079243
868.881084345
833.692347396
797.406659356
760.355156947
722.802203587
684.944669236
646.916222116
608.796206012
570.622379912
532.406547726
494.151922318
455.870959405
417.602372254
379.426097156
341.4751199
303.94328404
267.088470404
231.230845619
196.746205101
164.054763071
133.606045186
105.860800844
81.2710536335
60.2595371438
43.1998114115
30.3983185352
22.0795179025
18.3750487394
19.317613547
24.8399760961
34.779142257
48.8854614618
66.8360730267
88.2518446761
112.716729111
139.798312083
169.068252522
200.121326855
232.591884097
266.166691065
300.593385633
335.684046019
371.313705841
407.4139787
443.962279284
480.967420241
518.452606662
556.437025664
594.917327915
633.850312365
673.138054863
712.616570363
752.048875059
791.123035497
829.455472325
866.599448305
902.058335473
935.302945016
965.791937699
992.994127409
1016.41136075
1035.60060834
1050.19394345
1059.91520684
1064.59235643
1064.16476317
1058.68502473
1048.31520487
1033.31774883
1014.04165097
990.904739492
964.373176735
934.939436358
903.100101675
869.334825873
834.087707228
797.752164222
760.660159827
723.076335054
685.197288245
647.155900254
609.030276653
570.856579388
532.644770031
494.396100935
456.121082313
417.856627273
379.681136884
341.72642751
304.185615367
267.316342808
231.439041275
196.930256012
164.211385924
133.733498158
105.959139307
81.342268416
60.3075668213
43.2304279106
30.4188938279
22.0986869285
18.4022904311
19.3627767914
24.9127810105
34.8886884163
49.0397741499
67.0417157741
88.5136220864
113.037497726
140.178910072
169.507551214
200.616398934
233.138276173
266.758781176
301.224801159
336.348113358
372.003901792
408.124353115
444.687820896
481.704341574
519.198529056
557.191052779
595.68000302
634.623462824
673.924534826
713.419919165
752.872915089
791.971436954
830.33131483
867.504809733
902.993936705
936.267875863
966.783484064
994.007713374
1017.44061163
1036.63753335
1051.22922845
1060.93860075
1065.59312855
1065.13220413
1059.60896063
1049.18649326
1034.12872607
1014.78650343
991.57977562
964.976983288
935.472909114
903.56634872
869.738949754
834.436479273
798.053611503
760.923090266
723.309829997
685.410193955
647.35634916
609.225267694
571.051642559
532.843734902
494.600982202
456.332087998
418.072287354
379.898542478
341.941564075
304.393767037
267.512541108
231.618528573
197.088933329
164.346216227
133.842838826
106.042982666
81.4023750205
60.3474831859
43.2553878975
30.4356103517
22.1150476365
18.4269770779
19.4048328464
24.9811550862
34.9917825671
49.1850254757
67.235237491
88.7599260033
113.339314914
140.537119741
169.921220879
201.082931664
233.653653747
267.317885871
301.821793805
336.976841958
372.65831285
408.798878382
445.377713546
482.405939643
519.909428986
557.910181645
596.407585471
635.360885238
674.674116485
714.18460638
753.655919481
792.775842857
831.15968305
868.35880533
903.874006766
937.173000647
967.711019711
994.95333879
1018.39838545
1037.60005951
1052.18792229
1061.88404052
1066.51547187
1066.02164454
1060.45619663
1049.98318117
1034.86788897
1015.4628709
992.190033398
965.519917213
935.949434521
903.979423382
870.093375687
834.738605778
798.310957534
761.143909592
723.502645764
685.583331197
647.517493711
609.381078154
571.207438507
533.003279499
494.766371621
456.503752687
418.249103732
380.078046276
342.120250235
304.567456027
267.676786891
231.769041597
197.22199083
164.459033248
133.933876095
106.112171697
81.4512462204
60.3791890526
43.2746203391
30.4484176207
22.1285631228
18.4490775317
19.4437480676
25.0450540715
35.0883623679
49.3211286686
67.4165220699
88.9906079296
113.621998688
140.872726509
170.309017206
201.520655586
234.137728182
267.843704296
302.384058057
337.569929083
373.276646167
409.437277644
446.031701118
483.071982263
520.585099384
558.594229702
597.099914696
636.062436796
675.386669197
714.910506946
754.397761547
793.536117654
831.940425789
869.16126228
904.698346698
938.018091334
968.574286472
995.830716344
1019.28436859
1038.48785164
1053.06967448
1062.75116778
1067.35902828
1066.83273495
1061.22640004
1050.70495999
1035.53495908
1016.07050961
992.735306302
966.001809795
936.368880166
904.339226024
870.398031636
834.994035566
798.524164336
761.322584804
723.654746071
685.716652616
647.639268667
609.497619443
571.323851486
533.123259132
494.892095573
456.63587591
418.386852943
380.219407122
342.262233757
304.706426187
267.808827575
231.89033857
197.329204007
164.54963507
134.00643451
106.166559508
81.4887639101
60.4025935071
43.2880580522
30.4572672273
22.1391975623
18.4685615111
19.4794903136
25.1044366438
35.1783705428
49.4480046906
67.5854642478
89.2055335199
113.885384495
141.185536323
170.670719105
201.929326512
234.590237526
268.335962908
302.911315463
338.12709816
373.858633303
410.039296169
446.649546913
483.702253628
521.225346596
559.243024984
597.756838258
636.727980934
676.062067396
715.597500379
755.098319608
794.252132045
832.673400077
869.912018749
905.466771644
938.802937492
969.37304739
996.639583371
1020.09827528
1039.30060508
1053.87416704
1063.53965785
1068.1234737
1067.56515939
1061.91927025
1051.35155104
1036.1296851
1016.60919968
993.21540826
966.422509259
936.731127262
904.64566773
870.652853819
835.202724085
798.693199642
761.45908853
723.766100957
685.810118711
647.72161873
609.574815496
571.400781179
533.203547356
494.978001574
456.72828079
418.485337079
380.322410803
342.367289816
304.810448608
267.908436798
231.982202132
197.410370329
164.617838906
134.060354505
106.206011769
81.5148193378
60.4176119967
43.2956378115
30.4621129191
22.1469162431
18.4853996485
19.5120289928
25.1592644608
35.2617549436
49.5655823642
67.7419697735
89.4045827289
114.129325432
141.475375893
171.006128923
202.308725901
235.01094683
268.794415817
303.403315036
338.648099039
374.404030607
410.604701649
447.2310339
484.296554609
521.829990633
559.856406256
598.378211983
637.357387418
676.700190558
716.245470895
755.757477038
794.923763048
833.358471293
870.610923892
906.179111027
939.527346451
970.10708691
997.37970216
1020.83984793
1040.03804599
1054.6011148
1064.24922008
1068.80851842
1068.21863568
1062.53453903
1051.92270583
1036.65184316
1017.0787454
993.630173814
966.781880946
937.036070767
904.898670361
870.857786882
835.364633463
798.81803694
761.553399068
723.836686922
685.863697837
647.764498651
609.612602871
571.438142771
533.244036276
495.023958419
456.780814301
418.54438408
380.386870286
342.435221432
304.879321953
267.975414715
232.044439668
197.465309615
164.663481304
134.095492646
106.230406898
81.5293132205
60.4241665112
43.2973004126
30.4629106603
22.1516856204
18.4995635224
19.5413350882
25.2095022061
35.338468614
49.673798455
67.8859554631
89.5876500159
114.353692415
141.742092906
171.315072728
202.658661026
235.39964849
269.218845076
303.859833551
339.13270834
374.912619413
411.133284449
447.775964941
484.854702946
522.398865244
560.434223232
598.963900051
637.950532429
677.300923332
716.854307382
756.375122378
795.550894052
833.995513229
871.257838006
906.835208581
940.191143443
970.776211064
998.050860139
1021.5088573
1040.69993165
1055.25026575
1064.8795982
1069.41390743
1068.79291579
1063.07197085
1052.41820639
1037.10123702
1017.47897543
993.979458374
967.079807456
937.283619496
905.098166627
871.012783868
835.479732479
798.898655516
761.605500404
723.866486882
685.877366336
647.767873203
609.610930839
571.435867077
533.244636615
495.02985648
456.793347495
418.563847981
380.412625996
342.465859665
304.912872689
268.009588322
232.076883584
197.493864245
164.686418462
134.111721793
106.239636243
81.5321559022
60.422185659
43.292990797
30.4596187039
22.1534733605
18.5110256985
19.5673812055
25.2551176389
35.4084698427
49.7725977427
68.0173493434
89.7546443963
114.558374374
141.9855562
171.59740051
202.978965282
235.756162425
269.609060934
304.280675805
339.580729704
375.384206341
411.624857898
448.284163002
485.376533421
522.931818146
560.976336586
599.513775165
638.507298615
677.864155591
717.423903498
756.951149283
796.133414853
834.584408159
871.852632589
907.434922514
940.794171786
971.380247606
998.65287007
1022.10510274
1041.28605064
1055.82140124
1065.43057052
1069.93942066
1069.28778606
1063.53136316
1052.83786549
1037.47769835
1017.80974301
994.263138335
967.316188749
937.473696255
905.244100189
871.117806316
835.547996698
798.935040391
761.615382258
723.855490217
685.851108506
647.731717359
609.569761475
571.393900645
533.205277865
494.995607771
456.765775619
418.543609125
380.399546043
342.459063879
304.910955419
268.010811616
232.079391551
197.49589937
164.686526367
134.108931345
106.233604244
81.5232674772
60.4116047761
43.2826581075
30.4521976337
22.1522483947
18.5197597669
19.5901416029
25.2960816216
35.4717222302
49.8619330808
68.136090723
89.9054896001
114.743278329
142.20565597
171.852986373
203.26949836
236.080336331
269.964902112
304.66567482
339.991994006
375.818623503
412.079258393
448.75547138
485.861898017
523.428711136
561.482618148
600.02771855
639.027575254
678.389782494
717.954157728
757.485456651
796.67122178
835.125046871
872.395190429
907.978125589
941.336292899
971.919046205
999.185570184
1022.62841238
1041.79622309
1056.31433623
1065.90195022
1070.38487322
1069.70306745
1063.91254653
1053.18152681
1037.78108689
1018.07092609
994.481111221
967.490942317
937.606237861
905.336425716
871.172824284
835.56940844
798.927182478
761.583040036
723.803692792
685.784916659
647.65601625
609.489069654
571.312205858
533.125908389
494.921146119
456.698018353
418.483574273
380.347526421
342.414721921
304.873453017
267.978965896
232.051846646
197.471303137
164.663700998
134.087027351
106.21222852
81.5025779163
60.392366026
43.266255768
30.4406104491
22.14798095
18.5257403811
19.6095922294
25.3323681636
35.5281947031
49.9417654815
68.2421302598
90.0401241389
114.908329525
142.402303808
172.081728635
203.530146394
236.372045834
270.286235881
305.014692081
340.366359519
376.215728657
412.49634562
449.189753769
486.310666099
523.889420218
561.952950987
600.5056201
639.511258214
678.877704534
718.444973432
757.977948646
797.164217642
835.617328809
872.885405638
908.464705196
941.817386479
972.392478474
999.648824358
1023.07864326
1042.2303008
1056.7289194
1066.29358542
1070.75011557
1070.03861571
1064.21538492
1053.44906516
1038.01129056
1018.26242751
994.633295812
967.604003247
937.681195314
905.375108915
871.177816409
835.543956828
798.875078513
761.508474943
723.711096987
685.678791129
647.540765222
609.368843192
571.190760925
533.006495513
494.806427231
456.590019868
418.383676822
380.256491073
342.33275028
304.800276802
267.91395986
231.994157586
197.41998681
164.61785845
134.045932648
106.175440057
81.4700271253
60.3644184857
43.243741554
30.4248226037
22.1406426153
18.5289432963
19.6257107576
25.3639544573
35.5778615729
50.0120641112
68.335430009
90.1585013728
115.053471509
142.575432846
172.283550001
203.760822073
236.63119461
270.572958259
305.327617584
340.703712111
376.575405362
412.876002674
449.586894434
486.722724444
524.313835676
562.387229495
600.947378449
639.958250093
679.327827666
718.89625888
758.428534756
797.612311849
836.061162007
873.323183791
908.894563405
942.237350532
972.800438103
1000.04252214
1023.45568143
1042.58816738
1057.06503334
1066.60535944
1071.03503368
1070.2943215
1064.43977571
1053.64038656
1038.16822565
1018.38417503
994.719632241
967.655324306
937.698533793
905.36012664
871.132769958
835.471637824
798.778731109
761.391693948
723.577711668
685.532740328
647.385969867
609.209082818
571.029560026
532.847025518
494.651428794
456.441748913
418.243876833
380.126392095
342.213094217
304.691366642
267.815729732
231.9062588
197.341884855
164.548935063
133.985586961
106.123183252
81.4255650887
60.3277181869
43.2150776597
30.4048020605
22.1302063712
18.5293454056
19.638476615
25.3908209033
35.6207025565
50.0728063586
68.4159634915
90.2605895447
115.178666161
142.724997805
172.458397536
203.961464758
236.857714461
270.824994079
305.604369979
341.003965244
376.89756304
413.218136144
449.946798293
487.097977385
524.701862232
562.785359455
601.352901031
640.368460269
679.740063262
719.307927378
758.837129826
798.015420438
836.456463211
873.708441861
909.26761708
942.596101446
973.142840921
1000.36657887
1023.75944206
1042.86973829
1057.32259458
1066.83719078
1071.23954906
1070.47011047
1064.58564986
1053.75542835
1038.25183685
1018.43612149
994.740082012
967.644875986
937.658232732
905.291466898
871.037680803
835.352454262
798.638148775
761.232709808
723.403552282
685.34678068
647.191646044
609.009802209
570.828613256
532.647503759
494.456150443
456.253198859
418.064161086
379.95720973
342.055727745
304.546691051
267.684239335
231.788110509
197.236955091
164.456887443
133.905946991
106.055415996
81.3691518951
60.282228228
43.1802307297
30.3805193469
22.1166466385
18.526924778
19.6478710227
25.4129511377
35.6567028069
50.1239778414
68.4837156619
90.346371838
115.283893732
142.850975008
172.606242762
204.132040436
237.0515654
271.042297027
305.844896611
341.267060087
377.1821371
413.522676164
450.269390976
487.436346856
525.053419005
563.147258155
601.72210413
640.741804946
680.114328229
719.679897217
759.203654174
798.37346613
836.803157913
874.041108338
909.583797822
942.893574007
973.419624903
1000.62093569
1023.9898694
1043.07496095
1057.50155366
1066.98903321
1071.36361886
1070.56594337
1064.65297193
1053.79415922
1038.26209728
1018.41824481
994.694628114
967.572646583
937.560285855
905.169128897
870.892553541
835.186415824
798.453345957
761.031541097
723.188640814
685.120936735
646.957819831
608.77102799
570.587946665
532.407954616
494.220613851
456.024387716
417.844543107
379.74895239
341.860653757
304.366247141
267.519480144
231.639698761
197.10517868
164.341692597
133.806986425
105.972109726
81.3007578061
60.2279187973
43.1391719475
30.3519476021
22.0999393206
18.5216606969
19.6538770144
25.4303320679
35.6858529194
50.1655724226
68.538682949
90.4158463189
115.369152858
142.95336239
172.727081623
204.27254177
237.212735566
271.224849638
306.049173518
341.492965517
377.429088863
413.789576495
450.55461884
487.737772435
525.368439625
563.472854361
602.054913
641.078207229
680.450545059
720.012091792
759.528033532
798.686378344
837.101180385
874.321123242
909.843052061
943.129721476
973.630750204
1000.80555956
1024.14693685
1043.20381463
1057.60189513
1067.06087575
1071.40723584
1070.58181594
1064.64174006
1053.75657921
1038.19900857
1018.33054801
994.583275
967.438642146
937.404701211
904.993123059
870.697401463
834.973539149
798.224342987
760.788212208
722.933005813
684.855241114
646.684527609
608.492799745
570.307602235
532.128421474
493.944862652
455.755358053
417.585063142
379.501656634
341.62790394
304.150060706
267.321471199
231.461035454
196.946560145
164.203347883
133.688696016
105.873249473
81.2203632849
60.1647672151
43.0918770539
30.3190625999
22.080061844
18.5135336936
19.656479476
25.4429538749
35.7081489635
50.1975921989
68.5808732327
90.4690259478
115.434460481
143.032179431
172.820934446
204.382988037
237.34124123
271.372663299
306.217205383
341.68167808
377.638405595
414.018814422
450.80244904
488.002211341
525.646872238
563.762088393
602.3512618
641.377597131
680.748641873
720.304439639
759.810199183
798.954093321
837.35047369
874.548438141
910.045341053
943.304515509
973.776199171
1000.9204432
1024.23064691
1043.25631053
1057.62363746
1067.05274263
1071.3704283
1070.51775898
1064.55198598
1053.64271967
1038.06260076
1018.17305917
994.406048581
967.24288657
937.191501138
904.763471063
870.452246589
834.713847799
797.95116621
760.502753402
722.636682399
684.54973451
646.371816002
608.175169927
569.987637847
531.808966693
493.628962396
455.446177014
417.285788036
379.215387119
341.357538714
303.89818609
267.090259163
231.252158222
196.761127335
164.041871007
133.551083545
105.758833813
81.1279590299
60.0927579703
43.0383263919
30.2818428253
22.0569931921
18.5025255858
19.6556651674
25.4508100396
35.7235924561
50.2200475163
68.6103058202
90.5059385334
115.479851818
143.087467137
172.887845848
204.463425041
237.437126693
271.485778077
306.349025503
341.833221906
377.810100452
414.210390774
451.012869394
488.229638483
525.888679511
564.014912148
602.611093712
641.639911711
681.00855245
720.556874484
760.050087964
799.176554052
837.550989786
874.723016155
910.190640869
943.417946184
973.855976247
1000.96560514
1024.24103108
1043.23249157
1057.56683298
1066.96469319
1071.25326004
1070.37383814
1064.38377486
1053.45264327
1037.85293227
1017.94583146
994.162996213
966.985421533
936.920722343
904.480205796
870.157119679
834.407372291
797.633847929
760.175200737
722.299712287
684.20446569
646.019741852
607.818203916
569.628127181
531.449671533
493.273000467
455.096936185
416.946811213
378.890236425
341.049647142
303.610706107
266.825918148
231.013130447
196.548931382
163.857299987
133.394173797
105.628874943
81.0235459599
60.0118827493
42.9785049336
30.2402694849
22.030713958
18.488619508
19.6514227512
25.4538973532
35.7321903792
50.232956909
68.6270113884
90.5266266596
115.505380275
143.119287871
172.927884665
204.513924964
237.500464152
271.564262648
306.44469558
341.94764866
377.944212355
414.364329827
451.185888404
488.42004634
526.093838612
564.231289103
602.834360927
641.865094987
681.23021635
720.76933528
760.247642334
799.35371039
837.70268945
874.844832028
910.278942394
943.470021962
973.870107952
1000.94108949
1024.1781498
1043.1324324
1057.43156777
1066.79682175
1071.05583017
1070.15015389
1064.13720525
1053.18644373
1037.57008982
1017.64894295
993.854186631
966.666306467
936.592415819
904.143371437
869.812060267
834.054150115
797.272426448
759.805596199
721.922143719
683.819491507
645.628372201
607.421979904
569.22915973
531.050636016
492.877085963
454.707751441
416.568252479
378.526324993
340.704346767
303.287731883
266.528549607
230.744041081
196.310046535
163.649693069
133.218008507
105.483398584
80.9071352223
59.9221404072
42.9124023093
30.1943265495
22.0012063693
18.4717999494
19.6437428142
25.4522159323
35.7339551607
50.2363470894
68.6310319603
90.5311475948
115.511117337
143.127725263
172.941143729
204.534586269
237.531353515
271.608214102
306.504305615
342.025037289
378.040805854
414.480679195
451.321535141
488.57344495
526.262341233
564.411194287
603.021024681
642.053098058
681.413578851
720.941766315
760.402810393
799.485519067
837.80554236
874.913872029
910.310251277
943.460769621
973.818642789
1000.84696595
1024.0420923
1042.95623914
1057.21796146
1066.5492574
1070.77827296
1069.84684128
1063.81240888
1052.84424583
1037.21418829
1017.28249664
993.479709886
966.285618506
936.206646853
903.753023393
869.417116612
833.654225764
796.866946075
759.393987629
721.504031568
683.394876793
645.197784264
606.986588848
568.790840642
530.611978889
492.441349576
454.278762817
416.150257849
378.123800877
340.32178338
302.929402694
266.198282139
230.445004491
196.04457011
163.419128577
133.022646289
105.322443954
80.7787481687
59.8235370219
42.8400128294
30.1440007845
21.9684543284
18.4520527878
19.6326178993
25.4457692124
35.7289046613
50.2302528956
68.6224207809
90.5195732219
115.497152406
143.112884018
172.927739719
204.525533396
237.529922239
271.617757734
306.527973672
342.065493887
378.099971016
414.559509653
451.419859135
488.689861825
526.394193449
564.554614336
603.171055235
642.203879097
681.558591065
721.074117166
760.515545996
799.57194373
837.859527095
874.930134003
910.284587952
943.390234175
973.701651135
1000.6833296
1023.83297641
1042.70404925
1056.92616698
1066.22216381
1070.42075758
1069.46406976
1063.40955044
1052.42620513
1036.78537057
1016.84662022
993.039677204
965.843452441
935.763494969
903.309228295
868.972345766
833.207650683
796.417457172
758.940428764
721.045437264
682.930694458
644.72806531
606.512134384
568.313290627
530.133837418
491.965943328
453.8101343
415.692999327
377.682839527
339.902130861
302.535885661
265.835271308
230.116160266
195.752622255
163.165704842
132.808162477
105.146063689
80.6384163043
59.7160858465
42.7613354696
30.0892817775
21.9324434464
18.4293653184
19.6180425147
25.4345639743
35.7170621435
50.2147172402
68.6012422502
90.4919898491
115.463592693
143.074889744
172.887812929
204.486916579
237.496324986
271.593046762
306.515845633
342.069151452
378.121823109
414.600915046
451.48093021
488.769341837
526.489415708
564.661547353
603.284431945
642.317403384
681.665209945
721.166342812
760.585808698
799.612954948
837.864631151
874.893627338
910.201987492
943.258478834
973.519225097
1000.45030075
1023.55094838
1042.37603126
1056.55637041
1065.81573895
1069.98348784
1069.00204285
1062.92882735
1051.93250778
1036.28380731
1016.34146596
992.534220923
965.339920567
935.263053892
902.812063971
868.477813544
832.714483376
795.924016091
758.444979237
720.546428808
682.427025382
644.219312705
605.998732754
567.796645824
529.616367238
491.451040513
453.302053536
415.196674676
377.203643512
339.445590844
302.107375572
265.439699297
229.757672984
195.434345769
162.889539984
132.574649071
104.954323759
80.4861812372
59.5998072947
42.6763739157
30.0301619496
21.8931610765
18.4037262874
19.6000131625
25.4186103114
35.6984562611
50.1897910372
68.5675718187
90.4484980983
115.410562955
143.013888688
172.821527013
204.418911549
237.430743389
271.534262086
306.4680949
342.036169601
378.106502429
414.60501195
451.504838381
488.81194709
526.548042738
564.732002942
603.361143148
642.39364331
681.733398348
721.218403656
760.613563862
799.608530323
837.82085092
874.804372942
910.062499604
943.065584811
973.271478407
1000.14802475
1023.19618261
1041.97238451
1056.10879055
1065.33021476
1069.46670191
1068.46099789
1062.37046946
1051.36337022
1035.70969679
1015.76721053
991.963494308
964.775152659
934.705431425
902.261619434
867.933594499
832.174789348
795.386685281
757.907704604
720.007080759
681.883958405
643.671633786
605.446512636
567.241057674
529.059742164
490.896835356
452.75473167
414.661507043
376.686442235
338.952392419
301.64409451
265.011774711
229.369731935
195.089905843
162.590771718
132.32221453
104.747303314
80.3220946157
59.4747289091
42.5851365336
29.9666365972
21.8505963358
18.3751259207
19.5785283524
25.3979216476
35.6731209893
50.1555331229
68.5214958573
90.3892127314
115.338205323
142.930047542
172.729068673
204.321719211
237.33338569
271.441611867
306.384922095
341.966734241
378.054173992
414.571939507
451.491693552
488.817756749
526.570123433
564.766002113
603.401186212
642.432578451
681.763125026
721.230265577
760.59878268
799.55865439
837.728191756
874.66240318
909.866188542
942.81165125
972.95854617
999.776671738
1022.76888141
1041.49333882
1055.5836787
1064.76585682
1068.8706719
1067.84120569
1061.73473875
1050.71903892
1035.06326455
1015.12405473
991.327671378
964.149295808
934.090749454
901.657994766
867.339771923
831.588641121
794.805533249
757.328676285
719.427474246
681.301590276
643.085145781
604.855615117
566.646692678
528.464153986
490.303542789
452.168402972
414.087744738
376.131491504
338.422791762
301.146291506
264.551732183
228.952550766
194.719489816
162.269557121
132.050983588
104.52509461
80.146218002
59.3408853261
42.4876363689
29.898703891
21.8047401505
18.3435559544
19.5535886207
25.3725147177
35.6410956054
50.1120101918
68.4631115168
90.3142624551
115.246679053
142.823553073
172.610647374
204.195565273
237.204486374
271.315331192
306.266554618
341.861057287
377.965027211
414.501859133
451.441625341
488.786866925
526.555720716
564.763577224
603.404567488
642.43419547
681.754364741
721.201899949
760.541442221
799.463318744
837.586667885
874.467761903
909.613132998
942.496795071
972.580584703
999.336436439
1022.26927467
1040.93915419
1054.98131821
1064.12296395
1068.19570352
1067.14297009
1061.0219289
1049.99979002
1034.34476317
1014.41222329
990.626946726
963.462514267
933.419143795
901.001301173
866.696437849
830.95611825
794.180634571
756.707971661
718.80769688
680.680025635
642.459975745
604.226193496
566.013732315
527.829812175
489.671398163
451.543324533
413.475660806
375.539073253
337.857071766
300.614242148
264.059831998
228.506367218
194.323306793
161.92607239
131.761097062
104.287802821
79.958622832
59.1983181869
42.3838911309
29.8263648951
21.7555852709
18.309009661
19.5251965414
25.3424095627
35.6024246287
50.0592966537
68.3925266006
90.2237897018
115.136160255
142.694611855
172.466494924
204.040699908
237.044305749
271.155681638
306.113246282
341.719376158
377.83927553
414.394954186
451.354782827
488.719390388
526.504911461
564.724771869
603.371302279
642.398488199
681.707098185
721.133283755
760.441525465
799.322522008
837.396302447
874.220504295
909.303425998
942.121150795
972.137771326
998.827537815
1021.69761958
1040.31012038
1054.30202409
1063.40186777
1067.44213558
1066.36662756
1060.23236494
1049.20592898
1033.55447191
1013.63196459
989.861535306
962.714989313
932.690764109
900.291660854
866.003692952
830.277307316
793.512069909
756.045674017
718.147842837
680.019376888
641.79626045
603.558413157
565.342372786
527.156943712
489.000656951
450.879775892
412.825552638
374.909495046
