1238.98342009
1238.98342055
1238.983421
1238.98342146
1238.98342191
1238.98342236
1238.98342281
1238.98342326
1238.98342371
1238.98342415
1238.9834246
1238.98342504
1238.98342548
1238.98342592
1238.98342636
1238.98342679
1238.98342723
1238.98342766
1238.98342809
1238.98342852
1238.98342895
1238.98342938
1238.98342981
1238.98343023
1238.98343065
1238.98343108
1238.9834315
1238.98343191
1238.98343233
1238.98343275
1238.98343316
1238.98343357
1238.98343399
1238.9834344
1238.9834348
1238.98343521
1238.98343562
1238.98343602
1238.98343642
1238.98343682
1238.98343722
1238.98343762
1238.98343802
1238.98343841
1238.98343881
1238.9834392
1238.98343959
1238.98343998
1238.98344037
1238.98344075
1238.98344114
1238.98344152
1238.9834419
1238.98344228
1238.98344266
1238.98344304
1238.98344341
1238.98344379
1238.98344416
1238.98344453
1238.9834449
1238.98344527
1238.98344564
1238.983446
1238.98344637
1238.98344673
1238.98344709
1238.98344745
1238.98344781
1238.98344816
1238.98344852
1238.98344887
1238.98344922
1238.98344957
1238.98344992
1238.98345027
1238.98345062
1238.98345096
1238.9834513
1238.98345165
1238.98345199
1238.98345232
1238.98345266
1238.983453
1238.98345333
1238.98345366
1238.983454
1238.98345433
1238.98345465
1238.98345498
1238.98345531
1238.98345563
1238.98345595
1238.98345627
1238.98345659
1238.98345691
1238.98345723
1238.98345754
1238.98345786
1238.98345817
1238.98345848
1238.98345879
1238.98345909
1238.9834594
1238.98345971
1238.98346001
1238.98346031
1238.98346061
1238.98346091
1238.98346121
1238.9834615
1238.9834618
1238.98346209
1238.98346238
1238.98346267
1238.98346296
1238.98346324
1238.98346353
1238.98346381
1238.9834641
1238.98346438
1238.98346466
1238.98346493
1238.98346521
1238.98346549
1238.98346576
1238.98346603
1238.9834663
1238.98346657
1238.98346684
1238.9834671
1238.98346737
1238.98346763
1238.98346789
1238.98346815
1238.98346841
1238.98346867
1238.98346893
1238.98346918
1238.98346943
1238.98346968
1238.98346993
1238.98347018
1238.98347043
1238.98347067
1238.98347092
1238.98347116
1238.9834714
1238.98347164
1238.98347188
1238.98347212
1238.98347235
1238.98347258
1238.98347282
1238.98347305
1238.98347328
1238.9834735
1238.98347373
1238.98347395
1238.98347418
1238.9834744
1238.98347462
1238.98347484
1238.98347505
1238.98347527
1238.98347548
1238.9834757
1238.98347591
1238.98347612
1238.98347633
1238.98347653
1238.98347674
1238.98347694
1238.98347714
1238.98347735
1238.98347754
1238.98347774
1238.98347794
1238.98347813
1238.98347833
1238.98347852
1238.98347871
1238.9834789
1238.98347909
1238.98347927
1238.98347946
1238.98347964
1238.98347982
1238.98348
1238.98348018
1238.98348036
1238.98348053
1238.98348071
1238.98348088
1238.98348105
1238.98348122
1238.98348139
1238.98348156
1238.98348172
1238.98348189
1238.98348205
1238.98348221
1238.98348237
1238.98348253
1238.98348268
1238.98348284
1238.98348299
1238.98348314
1238.98348329
1238.98348344
1238.98348359
1238.98348374
1238.98348388
1238.98348402
1238.98348416
1238.98348431
1238.98348444
1238.98348458
1238.98348472
1238.98348485
1238.98348498
1238.98348511
1238.98348524
1238.98348537
1238.9834855
1238.98348562
1238.98348575
1238.98348587
1238.98348599
1238.98348611
1238.98348623
1238.98348635
1238.98348646
1238.98348657
1238.98348669
1238.9834868
1238.98348691
1238.98348701
1238.98348712
1238.98348722
1238.98348733
1238.98348743
1238.98348753
1238.98348763
1238.98348772
1238.98348782
1238.98348791
1238.98348801
1238.9834881
1238.98348819
1238.98348828
1238.98348836
1238.98348845
1238.98348853
1238.98348861
1238.98348869
1238.98348877
1238.98348885
1238.98348893
1238.983489
1238.98348908
1238.98348915
1238.98348922
1238.98348929
1238.98348936
1238.98348942
1238.98348949
1238.98348955
1238.98348961
1238.98348967
1238.98348973
1238.98348979
1238.98348984
1238.9834899
1238.98348995
1238.98349
1238.98349005
1238.9834901
1238.98349014
1238.98349019
1238.98349023
1238.98349028
1238.98349032
1238.98349036
1238.98349039
1238.98349043
1238.98349047
1238.9834905
1238.98349053
1238.98349056
1238.98349059
1238.98349062
1238.98349064
1238.98349067
1238.98349069
1238.98349071
1238.98349073
1238.98349075
1238.98349077
1238.98349078
1238.9834908
1238.98349081
1238.98349082
1238.98349083
1238.98349084
1238.98349085
1238.98349085
1238.98349086
1238.98349086
1238.98349086
1238.98349086
1238.98349086
1238.98349085
1238.98349085
1238.98349084
1238.98349083
1238.98349082
1238.98349081
1238.9834908
1238.98349079
1238.98349077
1238.98349075
1238.98349073
1238.98349071
1238.98349069
1238.98349067
1238.98349065
1238.98349062
1238.98349059
1238.98349056
1238.98349053
1238.9834905
1238.98349047
1238.98349043
1238.9834904
1238.98349036
1238.98349032
1238.98349028
1238.98349024
1238.98349019
1238.98349015
1238.9834901
1238.98349005
1238.98349001
1238.98348995
1238.9834899
1238.98348985
1238.98348979
1238.98348974
1238.98348968
1238.98348962
1238.98348956
1238.98348949
1238.98348943
1238.98348936
1238.98348929
1238.98348923
1238.98348916
1238.98348908
1238.98348901
1238.98348894
1238.98348886
1238.98348878
1238.9834887
1238.98348862
1238.98348854
1238.98348846
1238.98348837
1238.98348828
1238.9834882
1238.98348811
1238.98348802
1238.98348792
1238.98348783
1238.98348773
1238.98348764
1238.98348754
1238.98348744
1238.98348734
1238.98348723
1238.98348713
1238.98348702
1238.98348692
1238.98348681
1238.9834867
1238.98348658
1238.98348647
1238.98348636
1238.98348624
1238.98348612
1238.983486
1238.98348588
1238.98348576
1238.98348564
1238.98348551
1238.98348539
1238.98348526
1238.98348513
1238.983485
1238.98348486
1238.98348473
1238.98348459
1238.98348446
1238.98348432
1238.98348418
1238.98348404
1238.98348389
1238.98348375
1238.9834836
1238.98348346
1238.98348331
1238.98348316
1238.98348301
1238.98348285
1238.9834827
1238.98348254
1238.98348238
1238.98348222
1238.98348206
1238.9834819
1238.98348174
1238.98348157
1238.98348141
1238.98348124
1238.98348107
1238.9834809
1238.98348072
1238.98348055
1238.98348038
1238.9834802
1238.98348002
1238.98347984
1238.98347966
1238.98347948
1238.98347929
1238.9834791
1238.98347892
1238.98347873
1238.98347854
1238.98347835
1238.98347815
1238.98347796
1238.98347776
1238.98347756
1238.98347737
1238.98347716
1238.98347696
1238.98347676
1238.98347655
1238.98347635
1238.98347614
1238.98347593
1238.98347572
1238.98347551
1238.98347529
1238.98347508
1238.98347486
1238.98347464
1238.98347442
1238.9834742
1238.98347398
1238.98347375
1238.98347353
1238.9834733
1238.98347307
1238.98347284
1238.98347261
1238.98347237
1238.98347214
1238.9834719
1238.98347166
1238.98347143
1238.98347118
1238.98347094
1238.9834707
1238.98347045
1238.98347021
1238.98346996
1238.98346971
1238.98346946
1238.98346921
1238.98346895
1238.9834687
1238.98346844
1238.98346818
1238.98346792
1238.98346766
1238.9834674
1238.98346713
1238.98346687
1238.9834666
1238.98346633
1238.98346606
1238.98346579
1238.98346551
1238.98346524
1238.98346496
1238.98346468
1238.9834644
1238.98346412
1238.98346384
1238.98346356
1238.98346327
1238.98346299
1238.9834627
1238.98346241
1238.98346212
1238.98346182
1238.98346153
1238.98346124
1238.98346094
1238.98346064
1238.98346034
1238.98346004
1238.98345974
1238.98345943
1238.98345912
1238.98345882
1238.98345851
1238.9834582
1238.98345789
1238.98345757
1238.98345726
1238.98345694
1238.98345662
1238.9834563
1238.98345598
1238.98345566
1238.98345534
1238.98345501
1238.98345469
1238.98345436
1238.98345403
1238.9834537
1238.98345336
1238.98345303
1238.98345269
1238.98345236
1238.98345202
1238.98345168
1238.98345134
1238.98345099
1238.98345065
1238.9834503
1238.98344996
1238.98344961
1238.98344926
1238.98344891
1238.98344855
1238.9834482
1238.98344784
1238.98344748
1238.98344712
1238.98344676
1238.9834464
1238.98344604
1238.98344567
1238.9834453
1238.98344494
1238.98344457
1238.9834442
1238.98344382
1238.98344345
1238.98344307
1238.9834427
1238.98344232
1238.98344194
1238.98344156
1238.98344117
1238.98344079
1238.9834404
1238.98344002
1238.98343963
1238.98343924
1238.98343884
1238.98343845
1238.98343806
1238.98343766
1238.98343726
1238.98343686
1238.98343646
1238.98343606
1238.98343566
1238.98343525
1238.98343484
1238.98343444
1238.98343403
1238.98343361
1238.9834332
1238.98343279
1238.98343237
1238.98343195
1238.98343154
1238.98343112
1238.98343069
1238.98343027
1238.98342985
1238.98342942
1238.98342899
1238.98342856
1238.98342813
1238.9834277
1238.98342727
1238.98342683
1238.9834264
1238.98342596
1238.98342552
1238.98342508
1238.98342464
1238.98342419
1238.98342375
1238.9834233
1238.98342285
1238.9834224
1238.98342195
1238.9834215
1238.98342105
1238.98342059
1238.98342013
1238.98341967
1238.98341921
1238.98341875
1238.98341829
1238.98341783
1238.98341736
1238.98341689
1238.98341642
1238.98341595
1238.98341548
1238.98341501
1238.98341453
1238.98341406
1238.98341358
1238.9834131
1238.98341262
1238.98341214
1238.98341165
1238.98341117
1238.98341068
1238.98341019
1238.9834097
1238.98340921
1238.98340872
1238.98340822
1238.98340773
1238.98340723
1238.98340673
1238.98340623
1238.98340573
1238.98340523
1238.98340472
1238.98340422
1238.98340371
1238.9834032
1238.98340269
1238.98340218
1238.98340166
1238.98340115
1238.98340063
1238.98340012
1238.9833996
1238.98339908
1238.98339855
1238.98339803
1238.9833975
1238.98339698
1238.98339645
1238.98339592
1238.98339539
1238.98339486
1238.98339432
1238.98339379
1238.98339325
1238.98339271
1238.98339217
1238.98339163
1238.98339108
1238.98339054
1238.98338999
1238.98338945
1238.9833889
1238.98338835
1238.9833878
1238.98338724
1238.98338669
1238.98338613
1238.98338557
1238.98338501
1238.98338445
1238.98338389
1238.98338333
1238.98338276
1238.98338219
1238.98338163
1238.98338106
1238.98338048
1238.98337991
1238.98337934
1238.98337876
1238.98337819
1238.98337761
1238.98337703
1238.98337644
1238.98337586
1238.98337528
1238.98337469
1238.9833741
1238.98337351
1238.98337292
1238.98337233
1238.98337174
1238.98337114
1238.98337055
1238.98336995
1238.98336935
1238.98336875
1238.98336815
1238.98336754
1238.98336694
1238.98336633
1238.98336572
1238.98336511
1238.9833645
1238.98336389
1238.98336327
1238.98336266
1238.98336204
1238.98336142
1238.9833608
1238.98336018
1238.98335956
1238.98335893
1238.98335831
1238.98335768
1238.98335705
1238.98335642
1238.98335579
1238.98335515
1238.98335452
1238.98335388
1238.98335325
1238.98335261
1238.98335197
1238.98335132
1238.98335068
1238.98335003
1238.98334939
1238.98334874
1238.98334809
1238.98334744
1238.98334678
1238.98334613
1238.98334548
1238.98334482
1238.98334416
1238.9833435
1238.98334284
1238.98334217
1238.98334151
1238.98334084
1238.98334018
1238.98333951
1238.98333884
1238.98333816
1238.98333749
1238.98333682
1238.98333614
1238.98333546
1238.98333478
1238.9833341
1238.98333342
1238.98333274
1238.98333205
1238.98333136
1238.98333067
1238.98332998
1238.98332929
1238.9833286
1238.98332791
1238.98332721
1238.98332651
1238.98332581
1238.98332511
1238.98332441
1238.98332371
1238.98332301
1238.9833223
1238.98332159
1238.98332088
1238.98332017
1238.98331946
1238.98331875
1238.98331803
1238.98331732
1238.9833166
1238.98331588
1238.98331516
1238.98331443
1238.98331371
1238.98331299
1238.98331226
1238.98331153
1238.9833108
1238.98331007
1238.98330934
1238.9833086
1238.98330787
1238.98330713
1238.98330639
1238.98330565
1238.98330491
1238.98330417
1238.98330342
1238.98330267
1238.98330193
1238.98330118
1238.98330043
1238.98329968
1238.98329892
1238.98329817
1238.98329741
1238.98329665
1238.98329589
1238.98329513
1238.98329437
1238.98329361
1238.98329284
1238.98329207
1238.98329131
1238.98329054
1238.98328976
1238.98328899
1238.98328822
1238.98328744
1238.98328666
1238.98328589
1238.9832851
1238.98328432
1238.98328354
1238.98328276
1238.98328197
1238.98328118
1238.98328039
1238.9832796
1238.98327881
1238.98327802
1238.98327722
1238.98327642
1238.98327563
1238.98327483
1238.98327403
1238.98327322
1238.98327242
1238.98327161
1238.98327081
1238.98327
1238.98326919
1238.98326838
1238.98326757
1238.98326675
1238.98326594
1238.98326512
1238.9832643
1238.98326348
1238.98326266
1238.98326183
1238.98326101
1238.98326018
1238.98325936
1238.98325853
1238.9832577
1238.98325686
1238.98325603
1238.9832552
1238.98325436
1238.98325352
1238.98325268
1238.98325184
1238.983251
1238.98325015
1238.98324931
1238.98324846
1238.98324761
1238.98324676
1238.98324591
1238.98324506
1238.98324421
1238.98324335
1238.98324249
1238.98324163
1238.98324077
1238.98323991
1238.98323905
1238.98323818
1238.98323732
1238.98323645
1238.98323558
1238.98323471
1238.98323384
1238.98323296
1238.98323209
1238.98323121
1238.98323034
1238.98322946
1238.98322857
1238.98322769
1238.98322681
1238.98322592
1238.98322504
1238.98322415
1238.98322326
1238.98322237
1238.98322147
1238.98322058
1238.98321968
1238.98321879
1238.98321789
1238.98321699
1238.98321609
1238.98321518
1238.98321428
1238.98321337
1238.98321246
1238.98321155
1238.98321064
1238.98320973
1238.98320882
1238.9832079
1238.98320699
1238.98320607
1238.98320515
1238.98320423
1238.98320331
1238.98320238
1238.98320146
1238.98320053
1238.9831996
1238.98319867
1238.98319774
1238.98319681
1238.98319587
1238.98319494
1238.983194
1238.98319306
1238.98319212
1238.98319118
1238.98319024
1238.98318929
1238.98318834
1238.9831874
1238.98318645
1238.9831855
1238.98318454
1238.98318359
1238.98318264
1238.98318168
1238.98318072
1238.98317976
1238.9831788
1238.98317784
1238.98317687
1238.98317591
1238.98317494
1238.98317397
1238.983173
1238.98317203
1238.98317106
1238.98317009
1238.98316911
1238.98316813
1238.98316715
1238.98316617
1238.98316519
1238.98316421
1238.98316322
1238.98316224
1238.98316125
1238.98316026
1238.98315927
1238.98315828
1238.98315728
1238.98315629
1238.98315529
1238.98315429
1238.98315329
1238.98315229
1238.98315129
1238.98315029
1238.98314928
1238.98314827
1238.98314727
1238.98314626
1238.98314524
1238.98314423
1238.98314322
1238.9831422
1238.98314118
1238.98314017
1238.98313915
1238.98313812
1238.9831371
1238.98313608
1238.98313505
1238.98313402
1238.98313299
1238.98313196
1238.98313093
1238.9831299
1238.98312886
1238.98312782
1238.98312679
1238.98312575
1238.98312471
1238.98312366
1238.98312262
1238.98312157
1238.98312053
1238.98311948
1238.98311843
1238.98311738
1238.98311632
1238.98311527
1238.98311421
1238.98311316
1238.9831121
1238.98311104
1238.98310998
1238.98310891
1238.98310785
1238.98310678
1238.98310571
1238.98310464
1238.98310357
1238.9831025
1238.98310143
1238.98310035
1238.98309928
1238.9830982
1238.98309712
1238.98309604
1238.98309495
1238.98309387
1238.98309278
1238.9830917
1238.98309061
1238.98308952
1238.98308843
1238.98308733
1238.98308624
1238.98308514
1238.98308405
1238.98308295
1238.98308185
1238.98308075
1238.98307964
1238.98307854
1238.98307743
1238.98307632
1238.98307522
1238.9830741
1238.98307299
1238.98307188
1238.98307076
1238.98306965
1238.98306853
1238.98306741
1238.98306629
1238.98306517
1238.98306404
1238.98306292
1238.98306179
1238.98306066
1238.98305953
1238.9830584
1238.98305727
1238.98305613
1238.983055
1238.98305386
1238.98305272
1238.98305158
1238.98305044
1238.98304929
1238.98304815
1238.983047
1238.98304586
1238.98304471
1238.98304356
1238.9830424
1238.98304125
1238.98304009
1238.98303894
1238.98303778
1238.98303662
1238.98303546
1238.9830343
1238.98303313
1238.98303197
1238.9830308
1238.98302963
1238.98302846
1238.98302729
1238.98302612
1238.98302494
1238.98302377
1238.98302259
1238.98302141
1238.98302023
1238.98301905
1238.98301786
1238.98301668
1238.98301549
1238.98301431
1238.98301312
1238.98301193
1238.98301073
1238.98300954
1238.98300834
1238.98300715
1238.98300595
1238.98300475
1238.98300355
1238.98300235
1238.98300114
1238.98299994
1238.98299873
1238.98299752
1238.98299631
1238.9829951
1238.98299389
1238.98299267
1238.98299146
1238.98299024
1238.98298902
1238.9829878
1238.98298658
1238.98298535
1238.98298413
1238.9829829
1238.98298168
1238.98298045
1238.98297922
1238.98297798
1238.98297675
1238.98297551
1238.98297428
1238.98297304
1238.9829718
1238.98297056
1238.98296932
1238.98296807
1238.98296683
1238.98296558
1238.98296433
1238.98296308
1238.98296183
1238.98296058
1238.98295932
1238.98295807
1238.98295681
1238.98295555
1238.98295429
1238.98295303
1238.98295176
1238.9829505
1238.98294923
1238.98294796
1238.9829467
1238.98294542
1238.98294415
1238.98294288
1238.9829416
1238.98294033
1238.98293905
1238.98293777
1238.98293649
1238.9829352
1238.98293392
1238.98293264
1238.98293135
1238.98293006
1238.98292877
1238.98292748
1238.98292618
1238.98292489
1238.98292359
1238.9829223
1238.982921
1238.9829197
1238.9829184
1238.98291709
1238.98291579
1238.98291448
1238.98291317
1238.98291186
1238.98291055
1238.98290924
1238.98290793
1238.98290661
1238.9829053
1238.98290398
1238.98290266
1238.98290134
1238.98290001
1238.98289869
1238.98289736
1238.98289604
1238.98289471
1238.98289338
1238.98289205
1238.98289071
1238.98288938
1238.98288804
1238.98288671
1238.98288537
1238.98288403
1238.98288268
1238.98288134
1238.98288
1238.98287865
1238.9828773
1238.98287595
1238.9828746
1238.98287325
1238.9828719
1238.98287054
1238.98286918
1238.98286783
1238.98286647
1238.9828651
1238.98286374
1238.98286238
1238.98286101
1238.98285964
1238.98285828
1238.98285691
1238.98285553
1238.98285416
1238.98285279
1238.98285141
1238.98285003
1238.98284865
1238.98284727
1238.98284589
1238.98284451
1238.98284312
1238.98284174
1238.98284035
1238.98283896
1238.98283757
1238.98283618
1238.98283478
1238.98283339
1238.98283199
1238.98283059
1238.98282919
1238.98282779
1238.98282639
1238.98282499
1238.98282358
1238.98282217
1238.98282076
1238.98281935
1238.98281794
1238.98281653
1238.98281511
1238.9828137
1238.98281228
1238.98281086
1238.98280944
1238.98280802
1238.9828066
1238.98280517
1238.98280374
1238.98280232
1238.98280089
1238.98279946
1238.98279802
1238.98279659
1238.98279516
1238.98279372
1238.98279228
1238.98279084
1238.9827894
1238.98278796
1238.98278651
1238.98278507
1238.98278362
1238.98278217
1238.98278072
1238.98277927
1238.98277782
1238.98277636
1238.98277491
1238.98277345
1238.98277199
1238.98277053
1238.98276907
1238.9827676
1238.98276614
1238.98276467
1238.9827632
1238.98276173
1238.98276026
1238.98275879
1238.98275732
1238.98275584
1238.98275436
1238.98275289
1238.98275141
1238.98274993
1238.98274844
1238.98274696
1238.98274547
1238.98274399
1238.9827425
1238.98274101
1238.98273952
1238.98273802
1238.98273653
1238.98273503
1238.98273353
1238.98273204
1238.98273053
1238.98272903
1238.98272753
1238.98272602
1238.98272452
1238.98272301
1238.9827215
1238.98271999
1238.98271848
1238.98271696
1238.98271545
1238.98271393
1238.98271241
1238.98271089
1238.98270937
1238.98270785
1238.98270632
1238.9827048
1238.98270327
1238.98270174
1238.98270021
1238.98269868
1238.98269715
1238.98269561
1238.98269408
1238.98269254
1238.982691
1238.98268946
1238.98268792
1238.98268637
1238.98268483
1238.98268328
1238.98268174
1238.98268019
1238.98267864
1238.98267708
1238.98267553
1238.98267397
1238.98267242
1238.98267086
1238.9826693
1238.98266774
1238.98266617
1238.98266461
1238.98266304
1238.98266148
1238.98265991
1238.98265834
1238.98265677
1238.98265519
1238.98265362
1238.98265204
1238.98265047
1238.98264889
1238.98264731
1238.98264572
1238.98264414
1238.98264256
1238.98264097
1238.98263938
1238.98263779
1238.9826362
1238.98263461
1238.98263301
1238.98263142
1238.98262982
1238.98262822
1238.98262662
1238.98262502
1238.98262342
1238.98262182
1238.98262021
1238.9826186
1238.98261699
1238.98261538
1238.98261377
1238.98261216
1238.98261054
1238.98260893
1238.98260731
1238.98260569
1238.98260407
1238.98260245
1238.98260082
1238.9825992
1238.98259757
1238.98259595
1238.98259432
1238.98259268
1238.98259105
1238.98258942
1238.98258778
1238.98258615
1238.98258451
1238.98258287
1238.98258123
1238.98257958
1238.98257794
1238.98257629
1238.98257465
1238.982573
1238.98257135
1238.9825697
1238.98256804
1238.98256639
1238.98256473
1238.98256307
1238.98256142
1238.98255975
1238.98255809
1238.98255643
1238.98255476
1238.9825531
1238.98255143
1238.98254976
1238.98254809
1238.98254642
1238.98254474
1238.98254307
1238.98254139
1238.98253971
1238.98253803
1238.98253635
1238.98253467
1238.98253298
1238.9825313
1238.98252961
1238.98252792
1238.98252623
1238.98252454
1238.98252285
1238.98252115
1238.98251946
1238.98251776
1238.98251606
1238.98251436
1238.98251266
1238.98251095
1238.98250925
1238.98250754
1238.98250583
1238.98250412
1238.98250241
1238.9825007
1238.98249899
1238.98249727
1238.98249555
1238.98249384
1238.98249212
1238.98249039
1238.98248867
1238.98248695
1238.98248522
1238.98248349
1238.98248177
1238.98248003
1238.9824783
1238.98247657
1238.98247484
1238.9824731
1238.98247136
1238.98246962
1238.98246788
1238.98246614
1238.9824644
1238.98246265
1238.9824609
1238.98245916
1238.98245741
1238.98245566
1238.9824539
1238.98245215
1238.98245039
1238.98244864
1238.98244688
1238.98244512
1238.98244336
1238.98244159
1238.98243983
1238.98243806
1238.9824363
1238.98243453
1238.98243276
1238.98243099
1238.98242921
1238.98242744
1238.98242566
1238.98242388
1238.9824221
1238.98242032
1238.98241854
1238.98241676
1238.98241497
1238.98241319
1238.9824114
1238.98240961
1238.98240782
1238.98240603
1238.98240423
1238.98240244
1238.98240064
1238.98239884
1238.98239704
1238.98239524
1238.98239344
1238.98239163
1238.98238983
1238.98238802
1238.98238621
1238.9823844
1238.98238259
1238.98238077
1238.98237896
1238.98237714
1238.98237533
1238.98237351
1238.98237169
1238.98236986
1238.98236804
1238.98236622
1238.98236439
1238.98236256
1238.98236073
1238.9823589
1238.98235707
1238.98235523
1238.9823534
1238.98235156
1238.98234972
1238.98234788
1238.98234604
1238.9823442
1238.98234235
1238.98234051
1238.98233866
1238.98233681
1238.98233496
1238.98233311
1238.98233126
1238.9823294
1238.98232755
1238.98232569
1238.98232383
1238.98232197
1238.98232011
1238.98231824
1238.98231638
1238.98231451
1238.98231264
1238.98231077
1238.9823089
1238.98230703
1238.98230515
1238.98230328
1238.9823014
1238.98229952
1238.98229764
1238.98229576
1238.98229388
1238.98229199
1238.98229011
1238.98228822
1238.98228633
1238.98228444
1238.98228255
1238.98228066
1238.98227876
1238.98227687
1238.98227497
1238.98227307
1238.98227117
1238.98226927
1238.98226736
1238.98226546
1238.98226355
1238.98226164
1238.98225973
1238.98225782
1238.98225591
1238.982254
1238.98225208
1238.98225016
1238.98224824
1238.98224632
1238.9822444
1238.98224248
1238.98224056
1238.98223863
1238.9822367
1238.98223477
1238.98223284
1238.98223091
1238.98222898
1238.98222704
1238.98222511
1238.98222317
1238.98222123
1238.98221929
1238.98221735
1238.9822154
1238.98221346
1238.98221151
1238.98220956
1238.98220761
1238.98220566
1238.98220371
1238.98220176
1238.9821998
1238.98219784
1238.98219588
1238.98219392
1238.98219196
1238.98219
1238.98218804
1238.98218607
1238.9821841
1238.98218213
1238.98218016
1238.98217819
1238.98217622
1238.98217424
1238.98217227
1238.98217029
1238.98216831
1238.98216633
1238.98216435
1238.98216236
1238.98216038
1238.98215839
1238.9821564
1238.98215441
1238.98215242
1238.98215043
1238.98214844
1238.98214644
1238.98214444
1238.98214244
1238.98214044
1238.98213844
1238.98213644
1238.98213443
1238.98213243
1238.98213042
1238.98212841
1238.9821264
1238.98212439
1238.98212238
1238.98212036
1238.98211835
1238.98211633
1238.98211431
1238.98211229
1238.98211027
1238.98210824
1238.98210622
1238.98210419
1238.98210216
1238.98210013
1238.9820981
1238.98209607
1238.98209403
1238.982092
1238.98208996
1238.98208792
1238.98208588
1238.98208384
1238.9820818
1238.98207975
1238.98207771
1238.98207566
1238.98207361
1238.98207156
1238.98206951
1238.98206746
1238.9820654
1238.98206334
1238.98206129
1238.98205923
1238.98205717
1238.9820551
1238.98205304
1238.98205098
1238.98204891
1238.98204684
1238.98204477
1238.9820427
1238.98204063
1238.98203855
1238.98203648
1238.9820344
1238.98203232
1238.98203024
1238.98202816
1238.98202608
1238.98202399
1238.98202191
1238.98201982
1238.98201773
1238.98201564
1238.98201355
1238.98201145
1238.98200936
1238.98200726
1238.98200516
1238.98200307
1238.98200096
1238.98199886
1238.98199676
1238.98199465
1238.98199255
1238.98199044
1238.98198833
1238.98198622
1238.9819841
1238.98198199
1238.98197987
1238.98197776
1238.98197564
1238.98197352
1238.9819714
1238.98196927
1238.98196715
1238.98196502
1238.9819629
1238.98196077
1238.98195864
1238.9819565
1238.98195437
1238.98195224
1238.9819501
1238.98194796
1238.98194582
1238.98194368
1238.98194154
1238.9819394
1238.98193725
1238.9819351
1238.98193296
1238.98193081
1238.98192865
1238.9819265
1238.98192435
1238.98192219
1238.98192003
1238.98191788
1238.98191572
1238.98191355
1238.98191139
1238.98190923
1238.98190706
1238.98190489
1238.98190272
1238.98190055
1238.98189838
1238.98189621
1238.98189403
1238.98189186
1238.98188968
1238.9818875
1238.98188532
1238.98188314
1238.98188095
1238.98187877
1238.98187658
1238.98187439
1238.9818722
1238.98187001
1238.98186782
1238.98186562
1238.98186343
1238.98186123
1238.98185903
1238.98185683
1238.98185463
1238.98185243
1238.98185022
1238.98184802
1238.98184581
1238.9818436
1238.98184139
1238.98183918
1238.98183696
1238.98183475
1238.98183253
1238.98183032
1238.9818281
1238.98182587
1238.98182365
1238.98182143
1238.9818192
1238.98181698
1238.98181475
1238.98181252
1238.98181029
1238.98180805
1238.98180582
1238.98180358
1238.98180135
1238.98179911
1238.98179687
1238.98179463
1238.98179238
1238.98179014
1238.98178789
1238.98178565
1238.9817834
1238.98178115
1238.98177889
1238.98177664
1238.98177439
1238.98177213
1238.98176987
1238.98176761
1238.98176535
1238.98176309
1238.98176082
1238.98175856
1238.98175629
1238.98175402
1238.98175175
1238.98174948
1238.98174721
1238.98174494
1238.98174266
1238.98174038
1238.9817381
1238.98173582
1238.98173354
1238.98173126
1238.98172897
1238.98172669
1238.9817244
1238.98172211
1238.98171982
1238.98171753
1238.98171524
1238.98171294
1238.98171064
1238.98170835
1238.98170605
1238.98170375
1238.98170144
1238.98169914
1238.98169683
1238.98169453
1238.98169222
1238.98168991
1238.9816876
1238.98168528
1238.98168297
1238.98168065
1238.98167834
1238.98167602
1238.9816737
1238.98167138
1238.98166905
1238.98166673
1238.9816644
1238.98166207
1238.98165975
1238.98165742
1238.98165508
1238.98165275
1238.98165041
1238.98164808
1238.98164574
1238.9816434
1238.98164106
1238.98163872
1238.98163637
1238.98163403
1238.98163168
1238.98162933
1238.98162698
1238.98162463
1238.98162228
1238.98161992
1238.98161757
1238.98161521
1238.98161285
1238.98161049
1238.98160813
1238.98160577
1238.9816034
1238.98160104
1238.98159867
1238.9815963
1238.98159393
1238.98159156
1238.98158918
1238.98158681
1238.98158443
1238.98158205
1238.98157967
1238.98157729
1238.98157491
1238.98157253
1238.98157014
1238.98156775
1238.98156537
1238.98156298
1238.98156058
1238.98155819
1238.9815558
1238.9815534
1238.981551
1238.98154861
1238.98154621
1238.9815438
1238.9815414
1238.981539
1238.98153659
1238.98153418
1238.98153177
1238.98152936
1238.98152695
1238.98152454
1238.98152212
1238.9815197
1238.98151729
1238.98151487
1238.98151245
1238.98151002
1238.9815076
1238.98150517
1238.98150275
1238.98150032
1238.98149789
1238.98149546
1238.98149302
1238.98149059
1238.98148815
1238.98148572
1238.98148328
1238.98148084
1238.9814784
1238.98147595
1238.98147351
1238.98147106
1238.98146861
1238.98146617
1238.98146371
1238.98146126
1238.98145881
1238.98145635
1238.9814539
1238.98145144
1238.98144898
1238.98144652
1238.98144406
1238.98144159
1238.98143913
1238.98143666
1238.98143419
1238.98143172
1238.98142925
1238.98142678
1238.9814243
1238.98142183
1238.98141935
1238.98141687
1238.98141439
1238.98141191
1238.98140943
1238.98140694
1238.98140445
1238.98140197
1238.98139948
1238.98139699
1238.98139449
1238.981392
1238.98138951
1238.98138701
1238.98138451
1238.98138201
1238.98137951
1238.98137701
1238.9813745
1238.981372
