967.421373928
968.74204278
970.062946919
971.384084779
972.705454799
974.027055425
975.34888511
976.67094231
977.99322549
979.315733118
980.638463669
981.961415624
983.284587472
984.607977703
985.931584817
987.255407319
988.579443719
989.903692534
991.228152285
992.552821502
993.877698719
995.202782475
996.528071318
997.853563799
999.179258476
1000.50515391
1001.83124868
1003.15754135
1004.48403052
1005.81071475
1007.13759266
1008.46466284
1009.79192389
1011.11937442
1012.44701307
1013.77483844
1015.10284916
1016.43104388
1017.75942124
1019.08797987
1020.41671845
1021.74563561
1023.07473004
1024.40400039
1025.73344536
1027.06306361
1028.39285385
1029.72281476
1031.05294505
1032.38324342
1033.71370858
1035.04433926
1036.37513418
1037.70609207
1039.03721167
1040.36849171
1041.69993095
1043.03152813
1044.36328203
1045.6951914
1047.02725502
1048.35947167
1049.69184012
1051.02435917
1052.35702762
1053.68984425
1055.02280789
1056.35591733
1057.68917141
1059.02256894
1060.35610875
1061.68978968
1063.02361057
1064.35757027
1065.69166763
1067.0259015
1068.36027076
1069.69477426
1071.0294109
1072.36417954
1073.69907907
1075.03410839
1076.36926639
1077.70455198
1079.03996407
1080.37550157
1081.7111634
1083.04694848
1084.38285575
1085.71888415
1087.05503261
1088.39130008
1089.72768552
1091.06418789
1092.40080614
1093.73753926
1095.0743862
1096.41134596
1097.74841751
1099.08559986
1100.42289198
1101.76029289
1103.0978016
1104.4354171
1105.77313843
1107.1109646
1108.44889463
1109.78692757
1111.12506245
1112.4632983
1113.80163419
1115.14006916
1116.47860226
1117.81723257
1119.15595914
1120.49478106
1121.8336974
1123.17270724
1124.51180967
1125.85100378
1127.19028866
1128.52966343
1129.86912718
1131.20867903
1132.5483181
1133.8880435
1135.22785436
1136.56774981
1137.90772898
1139.24779102
1140.58793506
1141.92816026
1143.26846577
1144.60885074
1145.94931434
1147.28985574
1148.63047409
1149.97116859
1151.3119384
1152.65278272
1153.99370072
1155.3346916
1156.67575456
1158.01688879
1159.35809351
1160.69936791
1162.04071121
1163.38212264
1164.7236014
1166.06514672
1167.40675783
1168.74843396
1170.09017435
1171.43197824
1172.77384487
1174.11577349
1175.45776335
1176.7998137
1178.1419238
1179.48409292
1180.82632032
1182.16860526
1183.51094703
1184.85334489
1186.19579812
1187.53830601
1188.88086785
1190.22348292
1191.56615051
1192.90886992
1194.25164045
1195.5944614
1196.93733208
1198.28025179
1199.62321984
1200.96623555
1202.30929823
1203.65240721
1204.99556181
1206.33876134
1207.68200515
1209.02529255
1210.36862289
1211.7119955
1213.05540972
1214.39886488
1215.74236034
1217.08589543
1218.42946951
1219.77308193
1221.11673204
1222.46041919
1223.80414274
1225.14790206
1226.4916965
1227.83552543
1229.17938821
1230.52328421
1231.8672128
1233.21117336
1234.55516525
1235.89918785
1237.24324053
1238.58732269
1239.93143369
1241.27557292
1242.61973976
1243.96393359
1245.30815381
1246.65239981
1247.99667096
1249.34096666
1250.6852863
1252.02962928
1253.37399498
1254.71838281
1256.06279216
1257.40722243
1258.75167301
1260.09614331
1261.44063271
1262.78514064
1264.12966648
1265.47420964
1266.81876951
1268.16334551
1269.50793704
1270.85254351
1272.1971643
1273.54179884
1274.88644653
1276.23110676
1277.57577896
1278.92046252
1280.26515685
1281.60986135
1282.95457544
1284.29929852
1285.64402999
1286.98876926
1288.33351574
1289.67826882
1291.02302793
1292.36779245
1293.71256179
1295.05733537
1296.40211257
1297.74689281
1299.09167548
1300.43645999
1301.78124573
1303.12603211
1304.47081852
1305.81560436
1307.16038902
1308.50517191
1309.84995242
1311.19472993
1312.53950385
1313.88427355
1315.22903844
1316.57379789
1317.9185513
1319.26329805
1320.60803752
1321.95276909
1323.29749215
1324.64220606
1325.98691021
1327.33160397
1328.67628672
1330.02095781
1331.36561663
1332.71026253
1334.05489489
1335.39951305
1336.74411639
1338.08870425
1339.433276
1340.77783098
1342.12236854
1343.46688803
1344.8113888
1346.15587018
1347.50033151
1348.84477214
1350.18919138
1351.53358858
1352.87796305
1354.22231412
1355.56664112
1356.91094335
1358.25522014
1359.59947079
1360.94369461
1362.28789091
1363.63205898
1364.97619812
1366.32030762
1367.66438678
1369.00843487
1370.35245119
1371.696435
1373.04038558
1374.3843022
1375.72818413
1377.07203063
1378.41584095
1379.75961435
1381.10335007
1382.44704736
1383.79070547
1385.13432362
1386.47790104
1387.82143697
1389.16493062
1390.50838121
1391.85178795
1393.19515005
1394.53846671
1395.88173712
1397.22496049
1398.56813599
1399.9112628
1401.25434011
1402.59736708
1403.94034288
1405.28326667
1406.6261376
1407.96895482
1409.31171748
1410.65442471
1411.99707564
1413.33966941
1414.68220512
1416.0246819
1417.36709886
1418.70945508
1420.05174968
1421.39398173
1422.73615033
1424.07825455
1425.42029346
1426.76226613
1428.10417161
1429.44600895
1430.7877772
1432.1294754
1433.47110258
1434.81265776
1436.15413996
1437.49554819
1438.83688145
1440.17813874
1441.51931905
1442.86042136
1444.20144465
1445.54238788
1446.88325002
1448.22403002
1449.56472681
1450.90533935
1452.24586656
1453.58630736
1454.92666067
1456.26692539
1457.60710043
1458.94718467
1460.287177
1461.62707629
1462.96688142
1464.30659123
1465.64620459
1466.98572033
1468.32513729
1469.66445429
1471.00367016
1472.34278369
1473.6817937
1475.02069897
1476.35949828
1477.69819042
1479.03677414
1480.37524821
1481.71361136
1483.05186235
1484.38999989
1485.72802272
1487.06592953
1488.40371905
1489.74138995
1491.07894092
1492.41637064
1493.75367777
1495.09086098
1496.42791889
1497.76485016
1499.1016534
1500.43832724
1501.77487028
1503.11128112
1504.44755835
1505.78370055
1507.11970628
1508.45557411
1509.79130258
1511.12689022
1512.46233557
1513.79763715
1515.13279345
1516.46780298
1517.80266423
1519.13737567
1520.47193576
1521.80634296
1523.14059572
1524.47469247
1525.80863162
1527.1424116
1528.47603081
1529.80948763
1531.14278044
1532.47590762
1533.80886752
1535.14165849
1536.47427886
1537.80672695
1539.13900109
1540.47109957
1541.80302068
1543.13476271
1544.46632391
1545.79770255
1547.12889686
1548.4599051
1549.79072546
1551.12135618
1552.45179543
1553.78204142
1555.11209231
1556.44194626
1557.77160144
1559.10105597
1560.43030799
1561.75935561
1563.08819693
1564.41683004
1565.74525303
1567.07346395
1568.40146087
1569.72924182
1571.05680484
1572.38414795
1573.71126914
1575.03816641
1576.36483774
1577.6912811
1579.01749444
1580.3434757
1581.66922282
1582.99473372
1584.32000628
1585.64503842
1586.969828
1588.29437289
1589.61867095
1590.94272001
1592.26651791
1593.59006245
1594.91335143
1596.23638266
1597.55915389
1598.88166289
1600.2039074
1601.52588518
1602.84759393
1604.16903136
1605.49019518
1606.81108305
1608.13169266
1609.45202165
1610.77206767
1612.09182834
1613.41130128
1614.7304841
1616.04937437
1617.36796967
1618.68626756
1620.00426559
1621.3219613
1622.63935219
1623.95643577
1625.27320954
1626.58967098
1627.90581754
1629.22164668
1630.53715583
1631.85234241
1633.16720384
1634.4817375
1635.79594077
1637.10981103
1638.42334562
1639.73654188
1641.04939713
1642.36190868
1643.67407383
1644.98588986
1646.29735403
1647.6084636
1648.9192158
1650.22960786
1651.53963699
1652.84930038
1654.15859522
1655.46751866
1656.77606786
1658.08423996
1659.39203208
1660.69944133
1662.00646481
1663.31309958
1664.61934273
1665.92519129
1667.2306423
1668.53569279
1669.84033976
1671.1445802
1672.4484111
1673.7518294
1675.05483207
1676.35741603
1677.65957821
1678.9613155
1680.26262479
1681.56350297
1682.86394689
1684.16395339
1685.46351931
1686.76264146
1688.06131665
1689.35954165
1690.65731324
1691.95462817
1693.25148319
1694.54787503
1695.84380039
1697.13925597
1698.43423846
1699.72874451
1701.0227708
1702.31631394
1703.60937057
1704.90193729
1706.19401069
1707.48558736
1708.77666385
1710.06723672
1711.3573025
1712.6468577
1713.93589883
1715.22442237
1716.51242482
1717.79990261
1719.08685219
1720.37327
1721.65915245
1722.94449593
1724.22929684
1725.51355153
1726.79725637
1728.0804077
1729.36300183
1730.64503509
1731.92650376
1733.20740412
1734.48773244
1735.76748498
1737.04665796
1738.32524761
1739.60325012
1740.88066171
1742.15747853
1743.43369675
1744.70931253
1745.98432198
1747.25872122
1748.53250637
1749.8056735
1751.0782187
1752.35013801
1753.62142748
1754.89208314
1756.162101
1757.43147706
1758.70020731
1759.96828772
1761.23571424
1762.50248282
1763.76858937
1765.03402981
1766.29880004
1767.56289593
1768.82631337
1770.08904819
1771.35109624
1772.61245335
1773.87311532
1775.13307795
1776.39233701
1777.65088828
1778.90872752
1780.16585044
1781.42225279
1782.67793026
1783.93287856
1785.18709336
1786.44057034
1787.69330513
1788.94529339
1790.19653074
1791.44701277
1792.6967351
1793.9456933
1795.19388294
1796.44129957
1797.68793874
1798.93379597
1800.17886676
1801.42314662
1802.66663104
1803.90931548
1805.15119539
1806.39226623
1807.63252342
1808.87196237
1810.11057849
1811.34836716
1812.58532376
1813.82144365
1815.05672218
1816.29115467
1817.52473646
1818.75746284
1819.98932912
1821.22033056
1822.45046245
1823.67972002
1824.90809852
1826.13559319
1827.36219922
1828.58791183
1829.8127262
1831.0366375
1832.25964091
1833.48173156
1834.70290459
1835.92315512
1837.14247828
1838.36086914
1839.57832281
1840.79483435
1842.01039881
1843.22501126
1844.43866671
1845.6513602
1846.86308674
1848.07384131
1849.28361891
1850.49241451
1851.70022307
1852.90703953
1854.11285884
1855.31767592
1856.52148567
1857.724283
1858.9260628
1860.12681995
1861.3265493
1862.52524571
1863.72290403
1864.91951907
1866.11508566
1867.30959861
1868.5030527
1869.69544273
1870.88676346
1872.07700966
1873.26617607
1874.45425743
1875.64124847
1876.8271439
1878.01193843
1879.19562676
1880.37820356
1881.55966351
1882.74000127
1883.91921149
1885.09728881
1886.27422785
1887.45002325
1888.6246696
1889.79816151
1890.97049355
1892.14166032
1893.31165637
1894.48047627
1895.64811455
1896.81456576
1897.97982443
1899.14388506
1900.30674217
1901.46839026
1902.62882381
1903.7880373
1904.9460252
1906.10278197
1907.25830206
1908.41257991
1909.56560995
1910.7173866
1911.86790428
1913.01715738
1914.16514031
1915.31184745
1916.45727318
1917.60141186
1918.74425786
1919.88580552
1921.02604919
1922.16498321
1923.30260189
1924.43889956
1925.57387053
1926.70750909
1927.83980954
1928.97076617
1930.10037325
1931.22862505
1932.35551583
1933.48103985
1934.60519135
1935.72796458
1936.84935375
1937.96935311
1939.08795685
1940.2051592
1941.32095435
1942.43533651
1943.54829985
1944.65983856
1945.76994682
1946.87861879
1947.98584863
1949.0916305
1950.19595855
1951.29882692
1952.40022975
1953.50016115
1954.59861527
1955.69558621
1956.79106808
1957.885055
1958.97754106
1960.06852035
1961.15798697
1962.24593499
1963.3323585
1964.41725157
1965.50060826
1966.58242263
1967.66268875
1968.74140066
1969.81855241
1970.89413804
1971.9681516
1973.0405871
1974.11143859
1975.18070008
1976.2483656
1977.31442916
1978.37888476
1979.44172642
1980.50294815
1981.56254393
1982.62050777
1983.67683365
1984.73151557
1985.78454751
1986.83592344
1987.88563736
1988.93368322
1989.98005501
1991.02474669
1992.06775223
1993.10906559
1994.14868073
1995.1865916
1996.22279217
1997.25727638
1998.29003819
1999.32107153
2000.35037036
2001.37792863
2002.40374026
2003.4277992
2004.45009939
2005.47063477
2006.48939927
2007.50638682
2008.52159135
2009.53500679
2010.54662708
2011.55644614
2012.5644579
2013.57065628
2014.57503521
2015.57758861
2016.57831042
2017.57719454
2018.57423492
2019.56942546
2020.56276009
2021.55423274
2022.54383732
2023.53156777
2024.51741799
2025.50138193
2026.48345349
2027.46362661
2028.44189521
2029.41825322
2030.39269456
2031.36521316
2032.33580296
2033.30445787
2034.27117183
2035.23593877
2036.19875264
2037.15960735
2038.11849686
2039.0754151
2040.030356
2040.98331352
2041.9342816
2042.88325418
2043.83022522
2044.77518867
2045.71813848
2046.65906861
2047.59797301
2048.53484566
2049.46968052
2050.40247155
2051.33321273
2052.26189804
2053.18852144
2054.11307693
2055.03555849
2055.9559601
2056.87427577
2057.79049949
2058.70462526
2059.61664708
2060.52655896
2061.43435492
2062.34002898
2063.24357515
2064.14498747
2065.04425997
2065.94138668
2066.83636165
2067.72917892
2068.61983254
2069.50831658
2070.39462509
2071.27875214
2072.16069181
2073.04043818
2073.91798533
2074.79332735
2075.66645834
2076.5373724
2077.40606365
2078.2725262
2079.13675417
2079.99874169
2080.8584829
2081.71597193
2082.57120295
2083.4241701
2084.27486756
2085.12328948
2085.96943005
2086.81328345
2087.65484389
2088.49410554
2089.33106264
2090.16570939
2090.99804001
2091.82804875
2092.65572984
2093.48107752
2094.30408606
2095.12474972
2095.94306278
2096.75901952
2097.57261423
2098.38384122
2099.19269478
2099.99916925
2100.80325895
2101.60495822
2102.4042614
2103.20116285
2103.99565694
2104.78773804
2105.57740054
2106.36463884
2107.14944734
2107.93182046
2108.71175263
2109.48923827
2110.26427185
2111.03684781
2111.80696063
2112.57460479
2113.33977478
2114.10246509
2114.86267024
2115.62038477
2116.37560319
2117.12832006
2117.87852994
2118.62622739
2119.371407
2120.11406337
2120.85419109
2121.5917848
2122.3268391
2123.05934866
2123.78930812
2124.51671215
2125.24155543
2125.96383266
2126.68353853
2127.40066777
2128.11521511
2128.82717529
2129.53654307
2130.24331322
2130.94748052
2131.64903978
2132.3479858
2133.04431342
2133.73801746
2134.42909278
2135.11753425
2135.80333675
2136.48649517
2137.16700442
2137.84485944
2138.52005514
2139.1925865
2139.86244847
2140.52963605
2141.19414421
2141.85596799
2142.5151024
2143.1715425
2143.82528333
2144.47631996
2145.1246475
2145.77026104
2146.41315571
2147.05332663
2147.69076897
2148.32547788
2148.95744856
2149.58667619
2150.21315601
2150.83688324
2151.45785313
2152.07606094
2152.69150196
2153.30417149
2153.91406483
2154.52117734
2155.12550434
2155.72704122
2156.32578335
2156.92172613
2157.51486499
2158.10519535
2158.69271268
2159.27741244
2159.85929012
2160.43834123
2161.01456129
2161.58794585
2162.15849046
2162.72619071
2163.29104218
2163.8530405
2164.4121813
2164.96846023
2165.52187297
2166.07241519
2166.62008261
2167.16487096
2167.70677598
2168.24579344
2168.78191911
2169.31514881
2169.84547836
2170.37290359
2170.89742038
2171.41902459
2171.93771213
2172.45347893
2172.96632091
2173.47623404
2173.9832143
2174.48725769
2174.98836023
2175.48651796
2175.98172693
2176.47398324
2176.96328297
2177.44962225
2177.93299723
2178.41340406
2178.89083893
2179.36529804
2179.83677762
2180.30527391
2180.77078318
2181.23330172
2181.69282583
2182.14935185
2182.60287612
2183.05339503
2183.50090497
2183.94540234
2184.38688359
2184.82534518
2185.26078359
2185.69319533
2186.1225769
2186.54892488
2186.97223581
2187.39250629
2187.80973294
2188.22391239
2188.6350413
2189.04311634
2189.44813423
2189.85009168
2190.24898543
2190.64481227
2191.03756899
2191.42725239
2191.81385932
2192.19738664
2192.57783123
2192.95519
2193.32945987
2193.70063781
2194.06872079
2194.4337058
2194.79558988
2195.15437006
2195.51004342
2195.86260705
2196.21205806
2196.55839361
2196.90161084
2197.24170695
2197.57867915
2197.91252468
2198.24324079
2198.57082476
2198.89527392
2199.21658557
2199.53475709
2199.84978585
2200.16166925
2200.47040473
2200.77598973
2201.07842172
2201.37769822
2201.67381675
2201.96677485
2202.25657011
2202.54320011
2202.82666249
2203.10695489
2203.38407499
2203.65802048
2203.92878908
2204.19637855
2204.46078666
2204.7220112
2204.98004999
2205.2349009
2205.48656177
2205.73503053
2205.98030508
2206.22238337
2206.46126339
2206.69694313
2206.9294206
2207.15869387
2207.38476101
2207.60762012
2207.82726932
2208.04370676
2208.25693063
2208.46693912
2208.67373047
2208.87730292
2209.07765476
2209.2747843
2209.46868985
2209.65936979
2209.84682249
2210.03104637
2210.21203985
2210.38980139
2210.56432949
2210.73562266
2210.90367943
2211.06849838
2211.23007808
2211.38841716
2211.54351425
2211.69536804
2211.84397721
2211.98934048
2212.13145661
2212.27032436
2212.40594254
2212.53830998
2212.66742552
2212.79328804
2212.91589645
2213.03524969
2213.1513467
2213.26418648
2213.37376803
2213.4800904
2213.58315264
2213.68295385
2213.77949314
2213.87276966
2213.96278258
2214.04953109
2214.13301442
2214.21323182
2214.29018255
2214.36386593
2214.43428129
2214.50142798
2214.56530538
2214.6259129
2214.68324998
2214.73731608
2214.78811069
2214.83563333
2214.87988354
2214.92086088
2214.95856496
2214.99299539
2215.02415183
2215.05203395
2215.07664145
2215.09797407
2215.11603156
2215.1308137
2215.1423203
2215.15055121
2215.15550627
2215.15718538
2215.15558847
2215.15071546
2215.14256633
2215.13114108
2215.11643974
2215.09846234
2215.07720897
2215.05267973
2215.02487475
2214.99379419
2214.95943823
2214.92180708
2214.88090097
2214.83672018
2214.78926499
2214.73853571
2214.6845327
2214.62725632
2214.56670696
2214.50288505
2214.43579105
2214.36542541
2214.29178866
2214.21488131
2214.13470393
2214.05125709
2213.96454141
2213.87455752
2213.78130607
2213.68478777
2213.58500332
2213.48195346
2213.37563896
2213.26606062
2213.15321926
2213.03711571
2212.91775086
2212.7951256
2212.66924086
2212.54009759
2212.40769676
2212.27203939
2212.13312649
2211.99095913
2211.84553839
2211.69686538
2211.54494122
2211.38976708
2211.23134416
2211.06967364
2210.90475679
2210.73659486
2210.56518913
2210.39054093
2210.2126516
2210.03152251
2209.84715504
2209.65955062
2209.46871069
2209.27463672
2209.0773302
2208.87679267
2208.67302566
2208.46603074
2208.25580952
2208.04236362
2207.82569468
2207.60580438
2207.38269442
2207.15636653
2206.92682244
2206.69406395
2206.45809284
2206.21891095
2205.97652012
2205.73092223
2205.48211918
2205.23011289
2204.97490531
2204.71649843
2204.45489423
2204.19009474
2203.92210202
2203.65091813
2203.37654518
2203.09898528
2202.81824059
2202.53431328
2202.24720553
2201.95691958
2201.66345767
2201.36682207
2201.06701507
2200.76403899
2200.45789617
2200.14858898
2199.8361198
2199.52049105
2199.20170517
2198.87976463
2198.55467189
2198.22642949
2197.89503993
2197.5605058
2197.22282965
2196.8820141
2196.53806178
2196.19097533
2195.84075743
2195.48741077
2195.13093808
2194.7713421
2194.40862559
2194.04279134
2193.67384217
2193.30178091
2192.92661042
2192.54833357
2192.16695329
2191.78247248
2191.3948941
2191.00422112
2190.61045653
2190.21360335
2189.81366462
2189.4106434
2189.00454277
2188.59536583
2188.18311572
2187.76779558
2187.34940859
2186.92795793
2186.50344682
2186.07587849
2185.64525621
2185.21158326
2184.77486293
2184.33509854
2183.89229345
2183.44645101
2182.99757461
2182.54566766
2182.09073359
2181.63277585
2181.1717979
2180.70780323
2180.24079537
2179.77077784
2179.29775419
2178.821728
2178.34270286
2177.86068239
2177.37567021
2176.88767
2176.39668541
2175.90272015
2175.40577792
2174.90586248
2174.40297756
2173.89712694
2173.38831443
2172.87654382
2172.36181896
2171.84414369
2171.3235219
2170.79995746
2170.27345429
2169.74401632
2169.2116475
2168.67635179
2168.13813319
2167.59699568
2167.05294331
2166.5059801
2165.95611013
2165.40333746
2164.8476662
2164.28910046
2163.72764438
2163.1633021
2162.59607779
2162.02597565
2161.45299988
2160.8771547
2160.29844434
2159.71687308
2159.13244518
2158.54516494
2157.95503666
2157.36206467
2156.76625332
2156.16760697
2155.56613
2154.9618268
2154.35470178
2153.74475936
2153.13200401
2152.51644017
2151.89807232
2151.27690495
2150.65294259
2150.02618974
2149.39665096
2148.76433079
2148.12923382
2147.49136463
2146.85072783
2146.20732804
2145.56116989
2144.91225803
2144.26059712
2143.60619186
2142.94904693
2142.28916705
2141.62655694
2140.96122134
2140.29316501
2139.62239271
2138.94890924
2138.27271938
2137.59382795
2136.91223978
2136.2279597
2135.54099258
2134.85134328
2134.15901668
2133.46401767
2132.76635118
2132.06602211
2131.36303541
2130.65739602
2129.9491089
2129.23817904
2128.52461142
2127.80841104
2127.08958291
2126.36813207
2125.64406354
2124.91738239
2124.18809367
2123.45620246
2122.72171385
2121.98463293
2121.24496483
2120.50271466
2119.75788756
2119.01048868
2118.26052317
2117.50799621
2116.75291298
2115.99527866
2115.23509846
2114.4723776
2113.70712131
2112.93933481
2112.16902335
2111.3961922
2110.62084662
2109.84299189
2109.06263329
2108.27977613
2107.49442571
2106.70658736
2105.9162664
2105.12346817
2104.32819801
2103.5304613
2102.73026338
2101.92760964
2101.12250547
2100.31495626
2099.5049674
2098.69254433
2097.87769244
2097.06041719
2096.240724
2095.41861832
2094.5941056
2093.76719132
2092.93788094
2092.10617994
2091.27209382
2090.43562806
2089.59678817
2088.75557966
2087.91200805
2087.06607887
2086.21779764
2085.36716992
2084.51420125
2083.65889718
2082.80126327
2081.9413051
2081.07902823
2080.21443826
2079.34754076
2078.47834134
2077.6068456
2076.73305914
2075.85698757
2074.97863652
2074.0980116
2073.21511846
2072.32996273
2071.44255004
2070.55288606
2069.66097642
2068.76682679
2067.87044283
2066.97183021
2066.07099461
2065.16794169
2064.26267715
2063.35520667
2062.44553594
2061.53367066
2060.61961653
2059.70337926
2058.78496454
2057.86437811
2056.94162566
2056.01671293
2055.08964563
2054.1604295
2053.22907026
2052.29557366
2051.35994542
2050.42219129
2049.48231701
2048.54032833
2047.59623101
2046.65003078
2045.70173341
2044.75134465
2043.79887027
2042.84431602
2041.88768768
2040.928991
2039.96823177
2039.00541573
2038.04054868
2037.07363639
2036.10468462
2035.13369916
2034.16068579
2033.18565029
2032.20859843
2031.22953601
2030.24846879
2029.26540258
2028.28034315
2027.29329629
2026.30426779
2025.31326343
2024.320289
2023.32535029
2022.32845309
2021.32960318
2020.32880636
2019.3260684
2018.32139511
2017.31479226
2016.30626565
2015.29582106
2014.28346428
2013.26920109
2012.25303727
2011.23497862
2010.21503092
2009.19319994
2008.16949147
2007.14391129
2006.11646518
2005.0871589
2004.05599825
2003.02298899
2001.98813689
2000.95144773
1999.91292727
1998.87258128
1997.83041552
1996.78643576
1995.74064776
1994.69305727
1993.64367005
1992.59249184
1991.53952841
1990.4847855
1989.42826884
1988.36998419
1987.30993728
1986.24813385
1985.18457963
1984.11928035
1983.05224172
1981.98346949
1980.91296935
1979.84074704
1978.76680825
1977.6911587
1976.61380409
1975.53475012
1974.45400248
1973.37156687
1972.28744897
1971.20165447
1970.11418903
1969.02505835
1967.93426808
1966.84182389
1965.74773144
1964.65199638
1963.55462437
1962.45562104
1961.35499205
1960.25274301
1959.14887957
1958.04340735
1956.93633195
1955.82765901
1954.71739412
1953.60554288
1952.49211089
1951.37710375
1950.26052703
1949.14238632
1948.02268718
1946.90143518
1945.77863589
1944.65429484
1943.5284176
1942.4010097
1941.27207668
1940.14162406
1939.00965736
1937.8761821
1936.74120378
1935.60472791
1934.46675997
1933.32730545
1932.18636984
1931.04395859
1929.90007719
1928.75473108
1927.60792571
1926.45966652
1925.30995895
1924.15880843
1923.00622037
1921.85220018
1920.69675328
1919.53988504
1918.38160087
1917.22190613
1916.0608062
1914.89830645
1913.73441222
1912.56912886
1911.40246171
1910.2344161
1909.06499735
1907.89421077
1906.72206167
1905.54855533
1904.37369704
1903.19749208
1902.01994572
1900.84106322
1899.66084982
1898.47931077
1897.29645129
1896.11227661
1894.92679194
1893.74000248
1892.55191344
1891.36252998
1890.17185728
1888.97990052
1887.78666484
1886.5921554
1885.39637732
1884.19933573
1883.00103574
1881.80148247
1880.60068101
1879.39863644
1878.19535384
1876.99083828
1875.7850948
1874.57812846
1873.36994429
1872.16054731
1870.94994253
1869.73813495
1868.52512958
1867.31093139
1866.09554535
1864.87897642
1863.66122955
1862.44230968
1861.22222174
1860.00097063
1858.77856128
1857.55499856
1856.33028738
1855.10443259
1853.87743906
1852.64931163
1851.42005515
1850.18967445
1848.95817434
1847.72555962
1846.49183508
1845.25700552
1844.02107569
1842.78405035
1841.54593426
1840.30673215
1839.06644873
1837.82508873
1836.58265684
1835.33915775
1834.09459613
1832.84897665
1831.60230397
1830.35458271
1829.10581751
1827.85601299
1826.60517375
1825.35330437
1824.10040945
1822.84649354
1821.5915612
1820.33561698
1819.0786654
1817.82071099
1816.56175824
1815.30181166
1814.04087572
1812.77895489
1811.51605363
1810.25217637
1808.98732756
1807.72151161
1806.45473292
1805.18699588
1803.91830489
1802.6486643
1801.37807847
1800.10655174
1798.83408844
1797.56069288
1796.28636938
1795.01112222
1793.73495567
1792.45787401
1791.17988148
1789.90098232
1788.62118077
1787.34048102
1786.05888729
1784.77640376
1783.49303459
1782.20878396
1780.92365601
1779.63765488
1778.35078468
1777.06304952
1775.7744535
1774.4850007
1773.19469519
1771.90354102
1770.61154224
1769.31870287
1768.02502692
1766.73051841
1765.43518132
1764.13901962
1762.84203728
1761.54423825
1760.24562645
1758.94620582
1757.64598025
1756.34495366
1755.04312991
1753.74051287
1752.43710641
1751.13291436
1749.82794055
1748.52218879
1747.21566289
1745.90836663
1744.60030379
1743.29147813
1741.98189339
1740.6715533
1739.3604616
1738.04862198
1736.73603814
1735.42271376
1734.1086525
1732.79385801
1731.47833394
1730.16208391
1728.84511154
1727.52742041
1726.20901412
1724.88989624
1723.57007032
1722.24953991
1720.92830854
1719.60637973
1718.28375698
1716.96044379
1715.63644362
1714.31175994
1712.9863962
1711.66035585
1710.33364229
1709.00625894
1707.6782092
1706.34949644
1705.02012405
1703.69009536
1702.35941373
1701.02808249
1699.69610494
1698.36348439
1697.03022413
1695.69632743
1694.36179756
1693.02663776
1691.69085126
1690.3544413
1689.01741107
1687.67976378
1686.34150259
1685.00263069
1683.66315122
1682.32306734
1680.98238215
1679.64109879
1678.29922035
1676.95674992
1675.61369057
1674.27004538
1672.92581738
1671.58100962
1670.23562511
1668.88966686
1667.54313788
1666.19604114
1664.84837962
1663.50015627
1662.15137404
1660.80203586
1659.45214465
1658.1017033
1656.75071473
1655.39918179
1654.04710737
1652.69449431
1651.34134546
1649.98766364
1648.63345167
1647.27871236
1645.92344848
1644.56766283
1643.21135816
1641.85453722
1640.49720276
1639.1393575
1637.78100415
1636.42214542
1635.062784
1633.70292256
1632.34256376
1630.98171026
1629.6203647
1628.2585297
1626.89620788
1625.53340183
1624.17011416
1622.80634744
1621.44210422
1620.07738707
1618.71219853
1617.34654112
1615.98041737
1614.61382977
1613.24678082
1611.879273
1610.51130878
1609.14289061
1607.77402095
1606.40470222
1605.03493684
1603.66472723
1602.29407577
1600.92298487
1599.55145689
1598.17949419
1596.80709913
1595.43427405
1594.06102127
1592.6873431
1591.31324187
1589.93871985
1588.56377934
1587.1884226
1585.81265189
1584.43646946
1583.05987755
1581.68287839
1580.30547418
1578.92766714
1577.54945946
1576.17085332
1574.79185088
1573.41245432
1572.03266577
1570.65248739
1569.27192129
1567.89096959
1566.5096344
1565.12791782
1563.74582193
1562.3633488
1560.9805005
1559.59727909
1558.21368659
1556.82972506
1555.44539651
1554.06070295
1552.67564639
1551.29022882
1549.90445221
1548.51831855
1547.13182978
1545.74498788
1544.35779476
1542.97025238
1541.58236264
1540.19412747
1538.80554876
1537.41662841
1536.0273683
1534.6377703
1533.24783628
1531.85756809
1530.46696758
1529.07603659
1527.68477693
1526.29319043
1524.9012789
1523.50904413
1522.11648791
1520.72361203
1519.33041825
1517.93690834
1516.54308406
1515.14894714
1513.75449932
1512.35974233
1510.96467789
1509.5693077
1508.17363348
1506.77765691
1505.38137967
1503.98480345
1502.5879299
1501.1907607
1499.79329748
1498.3955419
1496.99749558
1495.59916016
1494.20053725
1492.80162846
1491.40243539
1490.00295965
1488.60320281
1487.20316646
1485.80285216
1484.40226148
1483.00139598
1481.60025721
1480.1988467
1478.79716599
1477.3952166
1475.99300006
1474.59051788
1473.18777156
1471.7847626
1470.38149249
1468.97796271
1467.57417474
1466.17013005
1464.76583011
1463.36127636
1461.95647025
1460.55141324
1459.14610675
1457.74055222
1456.33475107
1454.92870471
1453.52241455
1452.11588201
1450.70910847
1449.30209533
1447.89484397
1446.48735577
1445.07963211
1443.67167436
1442.26348387
1440.855062
1439.4464101
1438.03752952
1436.62842159
