592.754997734
592.755003767
592.755009794
592.755015813
592.755021826
592.755027833
592.755033833
592.755039826
592.755045813
592.755051793
592.755057766
592.755063733
592.755069693
592.755075646
592.755081593
592.755087533
592.755093467
592.755099394
592.755105314
592.755111228
592.755117135
592.755123035
592.755128929
592.755134816
592.755140696
592.75514657
592.755152437
592.755158298
592.755164152
592.755169999
592.75517584
592.755181674
592.755187501
592.755193322
592.755199136
592.755204943
592.755210744
592.755216538
592.755222326
592.755228107
592.755233881
592.755239649
592.75524541
592.755251164
592.755256912
592.755262653
592.755268387
592.755274115
592.755279836
592.755285551
592.755291259
592.75529696
592.755302655
592.755308343
592.755314024
592.755319699
592.755325367
592.755331029
592.755336683
592.755342332
592.755347973
592.755353608
592.755359236
592.755364858
592.755370473
592.755376082
592.755381683
592.755387278
592.755392867
592.755398449
592.755404024
592.755409593
592.755415155
592.75542071
592.755426259
592.755431801
592.755437336
592.755442865
592.755448387
592.755453902
592.755459411
592.755464914
592.755470409
592.755475898
592.75548138
592.755486856
592.755492325
592.755497788
592.755503243
592.755508692
592.755514135
592.755519571
592.755525
592.755530423
592.755535839
592.755541248
592.755546651
592.755552047
592.755557436
592.755562819
592.755568195
592.755573565
592.755578928
592.755584284
592.755589633
592.755594976
592.755600313
592.755605642
592.755610965
592.755616282
592.755621592
592.755626895
592.755632191
592.755637481
592.755642764
592.755648041
592.755653311
592.755658574
592.755663831
592.755669081
592.755674325
592.755679561
592.755684792
592.755690015
592.755695232
592.755700442
592.755705646
592.755710843
592.755716033
592.755721217
592.755726394
592.755731564
592.755736728
592.755741885
592.755747036
592.75575218
592.755757317
592.755762448
592.755767572
592.755772689
592.7557778
592.755782904
592.755788001
592.755793092
592.755798176
592.755803254
592.755808325
592.755813389
592.755818447
592.755823498
592.755828542
592.75583358
592.755838611
592.755843635
592.755848653
592.755853664
592.755858669
592.755863667
592.755868658
592.755873643
592.755878621
592.755883592
592.755888557
592.755893515
592.755898466
592.755903411
592.755908349
592.755913281
592.755918206
592.755923124
592.755928036
592.755932941
592.755937839
592.755942731
592.755947616
592.755952494
592.755957366
592.755962231
592.75596709
592.755971942
592.755976787
592.755981626
592.755986458
592.755991283
592.755996102
592.756000914
592.756005719
592.756010518
592.75601531
592.756020096
592.756024875
592.756029647
592.756034413
592.756039172
592.756043924
592.75604867
592.756053409
592.756058141
592.756062867
592.756067586
592.756072299
592.756077005
592.756081704
592.756086397
592.756091083
592.756095762
592.756100435
592.756105101
592.75610976
592.756114413
592.756119059
592.756123699
592.756128332
592.756132958
592.756137578
592.756142191
592.756146797
592.756151397
592.75615599
592.756160576
592.756165156
592.756169729
592.756174296
592.756178856
592.756183409
592.756187956
592.756192496
592.756197029
592.756201556
592.756206076
592.756210589
592.756215096
592.756219596
592.75622409
592.756228577
592.756233057
592.756237531
592.756241998
592.756246458
592.756250912
592.756255359
592.756259799
592.756264233
592.75626866
592.756273081
592.756277495
592.756281902
592.756286303
592.756290697
592.756295084
592.756299465
592.756303839
592.756308206
592.756312567
592.756316921
592.756321269
592.75632561
592.756329944
592.756334272
592.756338593
592.756342907
592.756347215
592.756351516
592.75635581
592.756360098
592.756364379
592.756368654
592.756372922
592.756377183
592.756381438
592.756385686
592.756389927
592.756394162
592.75639839
592.756402611
592.756406826
592.756411034
592.756415236
592.756419431
592.756423619
592.756427801
592.756431976
592.756436144
592.756440306
592.756444461
592.756448609
592.756452751
592.756456886
592.756461015
592.756465136
592.756469252
592.75647336
592.756477462
592.756481558
592.756485646
592.756489728
592.756493804
592.756497873
592.756501935
592.75650599
592.756510039
592.756514081
592.756518117
592.756522146
592.756526168
592.756530184
592.756534193
592.756538196
592.756542191
592.75654618
592.756550163
592.756554139
592.756558108
592.756562071
592.756566027
592.756569976
592.756573919
592.756577855
592.756581784
592.756585707
592.756589623
592.756593533
592.756597435
592.756601332
592.756605221
592.756609104
592.756612981
592.75661685
592.756620713
592.75662457
592.756628419
592.756632263
592.756636099
592.756639929
592.756643752
592.756647569
592.756651379
592.756655182
592.756658979
592.756662769
592.756666552
592.756670329
592.756674099
592.756677863
592.756681619
592.75668537
592.756689113
592.75669285
592.75669658
592.756700304
592.756704021
592.756707731
592.756711435
592.756715132
592.756718823
592.756722507
592.756726184
592.756729854
592.756733518
592.756737176
592.756740826
592.75674447
592.756748108
592.756751738
592.756755363
592.75675898
592.756762591
592.756766195
592.756769793
592.756773383
592.756776968
592.756780545
592.756784116
592.756787681
592.756791239
592.75679479
592.756798334
592.756801872
592.756805403
592.756808928
592.756812445
592.756815957
592.756819461
592.756822959
592.756826451
592.756829935
592.756833414
592.756836885
592.75684035
592.756843808
592.756847259
592.756850704
592.756854143
592.756857574
592.756860999
592.756864418
592.756867829
592.756871234
592.756874633
592.756878025
592.75688141
592.756884788
592.75688816
592.756891525
592.756894884
592.756898236
592.756901581
592.75690492
592.756908252
592.756911577
592.756914896
592.756918208
592.756921514
592.756924813
592.756928105
592.756931391
592.756934669
592.756937942
592.756941207
592.756944467
592.756947719
592.756950965
592.756954204
592.756957436
592.756960662
592.756963881
592.756967094
592.7569703
592.756973499
592.756976692
592.756979878
592.756983057
592.75698623
592.756989396
592.756992556
592.756995708
592.756998855
592.757001994
592.757005127
592.757008253
592.757011373
592.757014486
592.757017592
592.757020692
592.757023785
592.757026872
592.757029951
592.757033025
592.757036091
592.757039151
592.757042204
592.757045251
592.757048291
592.757051324
592.757054351
592.757057371
592.757060385
592.757063391
592.757066392
592.757069385
592.757072372
592.757075352
592.757078326
592.757081293
592.757084253
592.757087207
592.757090154
592.757093094
592.757096028
592.757098955
592.757101876
592.75710479
592.757107697
592.757110597
592.757113491
592.757116379
592.757119259
592.757122133
592.757125001
592.757127862
592.757130716
592.757133563
592.757136404
592.757139238
592.757142066
592.757144887
592.757147701
592.757150509
592.75715331
592.757156104
592.757158892
592.757161673
592.757164447
592.757167215
592.757169977
592.757172731
592.757175479
592.75717822
592.757180955
592.757183683
592.757186404
592.757189119
592.757191827
592.757194529
592.757197223
592.757199912
592.757202593
592.757205268
592.757207936
592.757210598
592.757213253
592.757215901
592.757218543
592.757221178
592.757223806
592.757226428
592.757229043
592.757231652
592.757234254
592.757236849
592.757239438
592.757242019
592.757244595
592.757247163
592.757249726
592.757252281
592.75725483
592.757257372
592.757259907
592.757262436
592.757264958
592.757267474
592.757269983
592.757272485
592.757274981
592.75727747
592.757279952
592.757282428
592.757284897
592.75728736
592.757289815
592.757292265
592.757294707
592.757297143
592.757299572
592.757301995
592.757304411
592.75730682
592.757309223
592.757311619
592.757314009
592.757316391
592.757318768
592.757321137
592.7573235
592.757325856
592.757328206
592.757330549
592.757332885
592.757335215
592.757337538
592.757339854
592.757342164
592.757344467
592.757346764
592.757349054
592.757351337
592.757353614
592.757355883
592.757358147
592.757360403
592.757362653
592.757364897
592.757367134
592.757369364
592.757371587
592.757373804
592.757376014
592.757378218
592.757380415
592.757382605
592.757384789
592.757386966
592.757389136
592.7573913
592.757393457
592.757395607
592.757397751
592.757399888
592.757402019
592.757404143
592.75740626
592.757408371
592.757410475
592.757412572
592.757414663
592.757416747
592.757418824
592.757420895
592.757422959
592.757425017
592.757427068
592.757429112
592.757431149
592.75743318
592.757435205
592.757437222
592.757439233
592.757441238
592.757443236
592.757445227
592.757447211
592.757449189
592.75745116
592.757453125
592.757455083
592.757457034
592.757458979
592.757460917
592.757462848
592.757464773
592.757466691
592.757468602
592.757470507
592.757472405
592.757474297
592.757476182
592.75747806
592.757479932
592.757481797
592.757483655
592.757485507
592.757487352
592.75748919
592.757491022
592.757492847
592.757494666
592.757496478
592.757498283
592.757500081
592.757501873
592.757503659
592.757505437
592.757507209
592.757508975
592.757510733
592.757512486
592.757514231
592.75751597
592.757517702
592.757519428
592.757521147
592.757522859
592.757524565
592.757526264
592.757527956
592.757529642
592.757531321
592.757532993
592.757534659
592.757536318
592.757537971
592.757539617
592.757541256
592.757542888
592.757544514
592.757546134
592.757547746
592.757549353
592.757550952
592.757552545
592.757554131
592.75755571
592.757557283
592.757558849
592.757560409
592.757561962
592.757563508
592.757565048
592.757566581
592.757568107
592.757569627
592.75757114
592.757572647
592.757574147
592.75757564
592.757577126
592.757578606
592.757580079
592.757581546
592.757583006
592.757584459
592.757585906
592.757587346
592.75758878
592.757590206
592.757591627
592.75759304
592.757594447
592.757595847
592.757597241
592.757598628
592.757600008
592.757601382
592.757602749
592.757604109
592.757605463
592.75760681
592.757608151
592.757609485
592.757610812
592.757612132
592.757613446
592.757614754
592.757616054
592.757617348
592.757618636
592.757619916
592.75762119
592.757622458
592.757623719
592.757624973
592.75762622
592.757627461
592.757628695
592.757629923
592.757631144
592.757632358
592.757633566
592.757634767
592.757635962
592.757637149
592.75763833
592.757639505
592.757640673
592.757641834
592.757642989
592.757644137
592.757645278
592.757646412
592.757647541
592.757648662
592.757649777
592.757650885
592.757651986
592.757653081
592.757654169
592.757655251
592.757656326
592.757657394
592.757658456
592.75765951
592.757660559
592.757661601
592.757662636
592.757663664
592.757664686
592.757665701
592.757666709
592.757667711
592.757668707
592.757669695
592.757670677
592.757671652
592.757672621
592.757673583
592.757674538
592.757675487
592.757676429
592.757677365
592.757678294
592.757679216
592.757680131
592.75768104
592.757681942
592.757682838
592.757683727
592.757684609
592.757685485
592.757686354
592.757687217
592.757688072
592.757688922
592.757689764
592.7576906
592.757691429
592.757692252
592.757693068
592.757693877
592.75769468
592.757695476
592.757696265
592.757697048
592.757697824
592.757698593
592.757699356
592.757700112
592.757700862
592.757701605
592.757702341
592.757703071
592.757703794
592.75770451
592.75770522
592.757705923
592.757706619
592.757707309
592.757707992
592.757708669
592.757709339
592.757710002
592.757710658
592.757711308
592.757711952
592.757712588
592.757713218
592.757713842
592.757714459
592.757715069
592.757715672
592.757716269
592.757716859
592.757717443
592.75771802
592.75771859
592.757719153
592.75771971
592.757720261
592.757720805
592.757721342
592.757721872
592.757722396
592.757722913
592.757723423
592.757723927
592.757724425
592.757724915
592.757725399
592.757725876
592.757726347
592.757726811
592.757727268
592.757727719
592.757728163
592.757728601
592.757729032
592.757729456
592.757729873
592.757730284
592.757730688
592.757731086
592.757731477
592.757731861
592.757732239
592.75773261
592.757732975
592.757733332
592.757733683
592.757734028
592.757734366
592.757734697
592.757735022
592.75773534
592.757735651
592.757735955
592.757736253
592.757736545
592.75773683
592.757737108
592.757737379
592.757737644
592.757737902
592.757738154
592.757738399
592.757738637
592.757738868
592.757739093
592.757739312
592.757739523
592.757739728
592.757739927
592.757740119
592.757740304
592.757740482
592.757740654
592.757740819
592.757740978
592.75774113
592.757741275
592.757741414
592.757741546
592.757741671
592.75774179
592.757741902
592.757742007
592.757742106
592.757742198
592.757742284
592.757742363
592.757742435
592.7577425
592.757742559
592.757742612
592.757742657
592.757742696
592.757742729
592.757742755
592.757742774
592.757742786
592.757742792
592.757742791
592.757742784
592.75774277
592.757742749
592.757742722
592.757742688
592.757742647
592.7577426
592.757742546
592.757742485
592.757742418
592.757742344
592.757742263
592.757742176
592.757742083
592.757741982
592.757741875
592.757741761
592.757741641
592.757741514
592.75774138
592.75774124
592.757741093
592.75774094
592.75774078
592.757740613
592.757740439
592.757740259
592.757740072
592.757739879
592.757739679
592.757739472
592.757739259
592.757739039
592.757738812
592.757738579
592.757738339
592.757738093
592.75773784
592.75773758
592.757737313
592.75773704
592.757736761
592.757736474
592.757736181
592.757735881
592.757735575
592.757735262
592.757734943
592.757734616
592.757734284
592.757733944
592.757733598
592.757733245
592.757732886
592.75773252
592.757732147
592.757731768
592.757731382
592.757730989
592.75773059
592.757730184
592.757729771
592.757729352
592.757728926
592.757728494
592.757728055
592.757727609
592.757727157
592.757726698
592.757726232
592.75772576
592.757725281
592.757724795
592.757724303
592.757723804
592.757723298
592.757722786
592.757722268
592.757721742
592.75772121
592.757720671
592.757720126
592.757719574
592.757719015
592.75771845
592.757717878
592.757717299
592.757716714
592.757716122
592.757715524
