548.124543222
548.124609559
548.12467583
548.124742033
548.12480817
548.124874239
548.124940242
548.125006179
548.125072048
548.125137851
548.125203587
548.125269256
548.125334858
548.125400394
548.125465863
548.125531265
548.1255966
548.125661868
548.12572707
548.125792205
548.125857273
548.125922274
548.125987209
548.126052077
548.126116878
548.126181612
548.126246279
548.12631088
548.126375414
548.126439881
548.126504281
548.126568615
548.126632881
548.126697081
548.126761214
548.126825281
548.12688928
548.126953213
548.127017079
548.127080879
548.127144611
548.127208277
548.127271876
548.127335408
548.127398873
548.127462272
548.127525603
548.127588868
548.127652067
548.127715198
548.127778263
548.127841261
548.127904192
548.127967056
548.128029854
548.128092584
548.128155248
548.128217846
548.128280376
548.12834284
548.128405236
548.128467566
548.12852983
548.128592026
548.128654156
548.128716219
548.128778215
548.128840145
548.128902007
548.128963803
548.129025532
548.129087194
548.12914879
548.129210318
548.12927178
548.129333176
548.129394504
548.129455765
548.12951696
548.129578088
548.12963915
548.129700144
548.129761072
548.129821933
548.129882727
548.129943454
548.130004115
548.130064708
548.130125235
548.130185696
548.130246089
548.130306416
548.130366676
548.130426869
548.130486995
548.130547054
548.130607047
548.130666973
548.130726832
548.130786625
548.13084635
548.130906009
548.130965601
548.131025127
548.131084585
548.131143977
548.131203302
548.13126256
548.131321752
548.131380876
548.131439934
548.131498925
548.131557849
548.131616707
548.131675498
548.131734222
548.131792879
548.131851469
548.131909993
548.13196845
548.13202684
548.132085163
548.132143419
548.132201609
548.132259732
548.132317788
548.132375778
548.1324337
548.132491556
548.132549345
548.132607067
548.132664723
548.132722311
548.132779833
548.132837289
548.132894677
548.132951998
548.133009253
548.133066441
548.133123563
548.133180617
548.133237605
548.133294526
548.13335138
548.133408167
548.133464888
548.133521542
548.133578129
548.133634649
548.133691102
548.133747489
548.133803809
548.133860062
548.133916248
548.133972368
548.134028421
548.134084407
548.134140326
548.134196179
548.134251964
548.134307683
548.134363335
548.134418921
548.134474439
548.134529891
548.134585276
548.134640594
548.134695846
548.13475103
548.134806148
548.134861199
548.134916184
548.134971101
548.135025952
548.135080736
548.135135453
548.135190104
548.135244688
548.135299205
548.135353655
548.135408038
548.135462355
548.135516604
548.135570787
548.135624904
548.135678953
548.135732936
548.135786852
548.135840701
548.135894483
548.135948199
548.136001848
548.13605543
548.136108945
548.136162394
548.136215775
548.13626909
548.136322338
548.13637552
548.136428634
548.136481682
548.136534663
548.136587577
548.136640425
548.136693206
548.13674592
548.136798567
548.136851147
548.136903661
548.136956108
548.137008488
548.137060801
548.137113047
548.137165227
548.13721734
548.137269386
548.137321366
548.137373278
548.137425124
548.137476903
548.137528616
548.137580261
548.13763184
548.137683352
548.137734797
548.137786175
548.137837487
548.137888732
548.13793991
548.137991021
548.138042066
548.138093044
548.138143955
548.138194799
548.138245576
548.138296287
548.138346931
548.138397508
548.138448018
548.138498462
548.138548839
548.138599149
548.138649392
548.138699568
548.138749678
548.138799721
548.138849697
548.138899607
548.138949449
548.138999225
548.139048934
548.139098576
548.139148152
548.13919766
548.139247102
548.139296478
548.139345786
548.139395028
548.139444202
548.139493311
548.139542352
548.139591326
548.139640234
548.139689075
548.139737849
548.139786557
548.139835197
548.139883771
548.139932278
548.139980719
548.140029092
548.140077399
548.140125639
548.140173812
548.140221919
548.140269958
548.140317931
548.140365837
548.140413677
548.140461449
548.140509155
548.140556794
548.140604366
548.140651872
548.140699311
548.140746683
548.140793988
548.140841226
548.140888398
548.140935503
548.140982541
548.141029512
548.141076417
548.141123254
548.141170025
548.14121673
548.141263367
548.141309938
548.141356442
548.141402879
548.141449249
548.141495553
548.141541789
548.141587959
548.141634063
548.141680099
548.141726069
548.141771972
548.141817808
548.141863577
548.14190928
548.141954916
548.142000485
548.142045987
548.142091423
548.142136792
548.142182094
548.142227329
548.142272497
548.142317599
548.142362634
548.142407602
548.142452503
548.142497338
548.142542106
548.142586807
548.142631441
548.142676009
548.142720509
548.142764943
548.14280931
548.142853611
548.142897844
548.142942011
548.142986111
548.143030145
548.143074111
548.143118011
548.143161844
548.14320561
548.14324931
548.143292942
548.143336508
548.143380008
548.14342344
548.143466806
548.143510104
548.143553336
548.143596502
548.1436396
548.143682632
548.143725597
548.143768495
548.143811327
548.143854091
548.143896789
548.14393942
548.143981985
548.144024482
548.144066913
548.144109277
548.144151575
548.144193805
548.144235969
548.144278066
548.144320096
548.144362059
548.144403956
548.144445786
548.144487549
548.144529245
548.144570875
548.144612438
548.144653934
548.144695363
548.144736726
548.144778021
548.14481925
548.144860412
548.144901508
548.144942537
548.144983498
548.145024394
548.145065222
548.145105983
548.145146678
548.145187306
548.145227868
548.145268362
548.14530879
548.145349151
548.145389445
548.145429672
548.145469833
548.145509927
548.145549954
548.145589914
548.145629808
548.145669635
548.145709395
548.145749088
548.145788715
548.145828274
548.145867767
548.145907193
548.145946553
548.145985845
548.146025071
548.14606423
548.146103323
548.146142348
548.146181307
548.146220199
548.146259025
548.146297783
548.146336475
548.1463751
548.146413658
548.146452149
548.146490574
548.146528932
548.146567223
548.146605448
548.146643605
548.146681696
548.14671972
548.146757677
548.146795568
548.146833392
548.146871149
548.146908839
548.146946462
548.146984019
548.147021509
548.147058932
548.147096288
548.147133578
548.147170801
548.147207957
548.147245046
548.147282069
548.147319025
548.147355914
548.147392736
548.147429492
548.14746618
548.147502802
548.147539357
548.147575846
548.147612267
548.147648622
548.14768491
548.147721132
548.147757286
548.147793374
548.147829395
548.14786535
548.147901237
548.147937058
548.147972812
548.148008499
548.14804412
548.148079673
548.14811516
548.14815058
548.148185934
548.14822122
548.14825644
548.148291593
548.14832668
548.148361699
548.148396652
548.148431538
548.148466357
548.14850111
548.148535796
548.148570415
548.148604967
548.148639452
548.148673871
548.148708223
548.148742508
548.148776726
548.148810878
548.148844963
548.148878981
548.148912932
548.148946817
548.148980635
548.149014386
548.14904807
548.149081688
548.149115238
548.149148722
548.14918214
548.14921549
548.149248774
548.149281991
548.149315141
548.149348224
548.149381241
548.149414191
548.149447074
548.14947989
548.14951264
548.149545322
548.149577938
548.149610488
548.14964297
548.149675386
548.149707735
548.149740017
548.149772233
548.149804381
548.149836463
548.149868479
548.149900427
548.149932309
548.149964123
548.149995872
548.150027553
548.150059168
548.150090715
548.150122196
548.150153611
548.150184958
548.150216239
548.150247453
548.1502786
548.150309681
548.150340695
548.150371642
548.150402522
548.150433335
548.150464082
548.150494762
548.150525375
548.150555921
548.150586401
548.150616814
548.15064716
548.150677439
548.150707652
548.150737798
548.150767877
548.150797889
548.150827835
548.150857713
548.150887525
548.150917271
548.150946949
548.150976561
548.151006106
548.151035584
548.151064996
548.15109434
548.151123618
548.151152829
548.151181974
548.151211051
548.151240062
548.151269006
548.151297884
548.151326694
548.151355438
548.151384115
548.151412726
548.151441269
548.151469746
548.151498156
548.151526499
548.151554776
548.151582986
548.151611128
548.151639205
548.151667214
548.151695157
548.151723033
548.151750842
548.151778584
548.15180626
548.151833869
548.151861411
548.151888887
548.151916295
548.151943637
548.151970912
548.151998121
548.152025262
548.152052337
548.152079345
548.152106286
548.152133161
548.152159969
548.15218671
548.152213384
548.152239992
548.152266532
548.152293006
548.152319414
548.152345754
548.152372028
548.152398235
548.152424375
548.152450448
548.152476455
548.152502395
548.152528268
548.152554075
548.152579814
548.152605487
548.152631093
548.152656633
548.152682105
548.152707511
548.15273285
548.152758123
548.152783328
548.152808467
548.152833539
548.152858545
548.152883483
548.152908355
548.15293316
548.152957898
548.15298257
548.153007175
548.153031713
548.153056184
548.153080588
548.153104926
548.153129197
548.153153401
548.153177539
548.153201609
548.153225613
548.153249551
548.153273421
548.153297225
548.153320962
548.153344632
548.153368235
548.153391772
548.153415242
548.153438645
548.153461981
548.153485251
548.153508454
548.15353159
548.153554659
548.153577662
548.153600598
548.153623467
548.153646269
548.153669005
548.153691674
548.153714276
548.153736811
548.15375928
548.153781681
548.153804017
548.153826285
548.153848486
548.153870621
548.153892689
548.15391469
548.153936625
548.153958493
548.153980294
548.154002028
548.154023696
548.154045296
548.15406683
548.154088298
548.154109698
548.154131032
548.154152299
548.154173499
548.154194632
548.154215699
548.154236699
548.154257632
548.154278499
548.154299298
548.154320031
548.154340698
548.154361297
548.15438183
548.154402296
548.154422695
548.154443027
548.154463293
548.154483492
548.154503624
548.154523689
548.154543688
548.15456362
548.154583485
548.154603283
548.154623015
548.15464268
548.154662278
548.154681809
548.154701274
548.154720672
548.154740003
548.154759267
548.154778465
548.154797596
548.15481666
548.154835657
548.154854588
548.154873452
548.154892249
548.154910979
548.154929643
548.15494824
548.15496677
548.154985233
548.15500363
548.155021959
548.155040223
548.155058419
548.155076548
548.155094611
548.155112607
548.155130537
548.155148399
548.155166195
548.155183924
548.155201586
548.155219182
548.155236711
548.155254173
548.155271568
548.155288897
548.155306159
548.155323354
548.155340482
548.155357543
548.155374538
548.155391466
548.155408328
548.155425122
548.15544185
548.155458511
548.155475105
548.155491633
548.155508094
548.155524488
548.155540815
548.155557076
548.155573269
548.155589396
548.155605457
548.15562145
548.155637377
548.155653237
548.15566903
548.155684757
548.155700417
548.15571601
548.155731536
548.155746996
548.155762389
548.155777715
548.155792974
548.155808166
548.155823292
548.155838351
548.155853344
548.155868269
548.155883128
548.15589792
548.155912645
548.155927304
548.155941896
548.155956421
548.155970879
548.155985271
548.155999596
548.156013854
548.156028045
548.15604217
548.156056227
548.156070218
548.156084143
548.156098
548.156111791
548.156125515
548.156139173
548.156152763
548.156166287
548.156179744
548.156193135
548.156206458
548.156219715
548.156232905
548.156246029
548.156259085
548.156272075
548.156284998
548.156297855
548.156310644
548.156323367
548.156336023
548.156348613
548.156361135
548.156373591
548.15638598
548.156398303
548.156410558
548.156422747
548.156434869
548.156446925
548.156458914
548.156470836
548.156482691
548.156494479
548.156506201
548.156517856
548.156529444
548.156540965
548.15655242
548.156563808
548.156575129
548.156586384
548.156597572
548.156608693
548.156619747
548.156630734
548.156641655
548.156652509
548.156663296
548.156674017
548.156684671
548.156695258
548.156705778
548.156716231
548.156726618
548.156736938
548.156747192
548.156757378
548.156767498
548.156777551
548.156787537
548.156797457
548.15680731
548.156817096
548.156826815
548.156836468
548.156846054
548.156855573
548.156865025
548.156874411
548.15688373
548.156892982
548.156902167
548.156911286
548.156920338
548.156929323
548.156938241
548.156947093
548.156955878
548.156964596
548.156973248
548.156981832
548.15699035
548.156998802
548.157007186
548.157015504
548.157023755
548.157031939
548.157040057
548.157048108
548.157056092
548.157064009
548.157071859
548.157079643
548.15708736
548.157095011
548.157102594
548.157110111
548.157117561
548.157124945
548.157132261
548.157139511
548.157146694
548.157153811
548.15716086
548.157167843
548.157174759
548.157181609
548.157188391
548.157195107
548.157201757
548.157208339
548.157214855
548.157221304
548.157227686
548.157234002
548.15724025
548.157246432
548.157252548
548.157258596
548.157264578
548.157270493
548.157276341
548.157282123
548.157287838
548.157293486
548.157299067
548.157304582
548.15731003
548.157315411
548.157320725
548.157325973
548.157331154
548.157336268
548.157341316
548.157346296
548.15735121
548.157356058
548.157360838
548.157365552
548.157370199
548.157374779
548.157379293
548.15738374
548.15738812
548.157392433
548.15739668
548.157400859
548.157404973
548.157409019
548.157412999
548.157416911
548.157420758
548.157424537
548.15742825
548.157431896
548.157435475
548.157438987
548.157442433
548.157445812
548.157449124
548.15745237
548.157455549
548.157458661
548.157461706
548.157464685
548.157467597
548.157470442
548.15747322
548.157475932
548.157478577
548.157481155
548.157483666
548.157486111
548.157488489
548.1574908
548.157493045
548.157495222
548.157497333
548.157499378
548.157501355
548.157503266
548.15750511
548.157506887
548.157508598
548.157510242
548.157511819
548.157513329
548.157514773
548.15751615
548.15751746
548.157518704
548.15751988
548.15752099
548.157522034
548.15752301
548.15752392
548.157524763
548.157525539
548.157526249
548.157526892
548.157527468
548.157527977
548.15752842
548.157528796
548.157529105
548.157529347
548.157529523
548.157529632
548.157529674
548.15752965
548.157529559
548.157529401
548.157529176
548.157528884
548.157528526
548.157528101
548.15752761
548.157527051
548.157526426
548.157525734
548.157524976
548.157524151
548.157523259
548.1575223
548.157521274
548.157520182
548.157519023
548.157517798
548.157516505
548.157515146
548.15751372
548.157512227
548.157510668
548.157509042
548.157507349
548.15750559
548.157503763
548.15750187
548.157499911
548.157497884
548.157495791
548.157493631
548.157491404
548.157489111
548.157486751
548.157484324
548.157481831
548.15747927
548.157476643
548.157473949
548.157471189
548.157468362
548.157465468
548.157462507
548.15745948
548.157456385
548.157453225
548.157449997
548.157446703
548.157443342
548.157439914
548.157436419
548.157432858
548.15742923
548.157425535
548.157421774
548.157417946
548.157414051
548.157410089
548.157406061
548.157401966
548.157397804
548.157393575
548.15738928
548.157384918
548.157380489
548.157375994
548.157371432
548.157366803
548.157362107
548.157357345
548.157352516
548.15734762
548.157342657
548.157337628
548.157332532
548.157327369
548.15732214
548.157316843
548.157311481
548.157306051
548.157300555
548.157294991
548.157289362
548.157283665
548.157277902
548.157272072
548.157266175
548.157260212
548.157254181
548.157248084
548.157241921
548.15723569
548.157229393
548.157223029
548.157216599
548.157210102
548.157203538
548.157196907
548.157190209
548.157183445
548.157176614
548.157169717
548.157162752
548.157155721
548.157148623
548.157141459
548.157134228
548.15712693
548.157119565
548.157112134
548.157104635
548.15709707
548.157089439
548.157081741
548.157073975
548.157066144
548.157058245
548.15705028
548.157042248
548.157034149
548.157025984
548.157017752
548.157009453
548.157001087
548.156992655
548.156984156
548.15697559
548.156966958
548.156958259
548.156949493
548.15694066
548.156931761
548.156922795
548.156913762
548.156904662
548.156895496
548.156886263
548.156876963
548.156867597
548.156858164
548.156848664
548.156839097
548.156829464
548.156819764
548.156809997
548.156800164
548.156790264
548.156780297
548.156770263
548.156760163
548.156749996
548.156739762
548.156729461
548.156719094
548.15670866
548.156698159
548.156687592
548.156676958
548.156666257
548.156655489
548.156644655
548.156633754
548.156622786
548.156611752
548.156600651
548.156589483
548.156578248
548.156566947
548.156555579
548.156544144
548.156532642
548.156521074
548.156509439
548.156497738
548.156485969
548.156474134
548.156462232
548.156450264
548.156438229
548.156426127
548.156413958
548.156401722
548.15638942
548.156377051
548.156364616
548.156352114
548.156339545
548.156326909
548.156314206
548.156301437
548.156288601
548.156275699
548.156262729
548.156249693
548.156236591
548.156223421
548.156210185
548.156196882
548.156183512
548.156170076
548.156156573
548.156143003
548.156129367
548.156115664
548.156101894
548.156088057
548.156074154
548.156060184
548.156046147
548.156032043
548.156017873
548.156003636
548.155989332
548.155974962
548.155960525
548.155946021
548.155931451
548.155916813
548.155902109
548.155887339
548.155872501
548.155857597
548.155842626
548.155827589
548.155812485
548.155797314
548.155782076
548.155766771
548.1557514
548.155735963
548.155720458
548.155704887
548.155689249
548.155673544
548.155657773
548.155641935
548.15562603
548.155610058
548.15559402
548.155577915
548.155561743
548.155545505
548.1555292
548.155512828
548.155496389
548.155479884
548.155463312
548.155446673
548.155429968
548.155413196
548.155396357
548.155379452
548.155362479
548.15534544
548.155328335
548.155311162
548.155293923
548.155276617
548.155259245
548.155241806
548.1552243
548.155206727
548.155189088
548.155171382
548.155153609
548.155135769
548.155117863
548.15509989
548.15508185
548.155063744
548.155045571
548.155027331
548.155009025
548.154990651
548.154972212
548.154953705
548.154935132
548.154916492
548.154897785
548.154879011
548.154860171
548.154841264
548.154822291
548.15480325
548.154784143
548.15476497
548.154745729
548.154726422
548.154707048
548.154687608
548.1546681
548.154648526
548.154628886
548.154609178
548.154589404
548.154569563
548.154549656
548.154529681
548.154509641
548.154489533
548.154469358
548.154449117
548.15442881
548.154408435
548.154387994
548.154367486
548.154346911
548.15432627
548.154305562
548.154284787
548.154263946
548.154243038
548.154222063
548.154201021
548.154179913
548.154158738
548.154137496
548.154116188
548.154094813
548.154073371
548.154051862
548.154030287
548.154008645
548.153986937
548.153965161
548.153943319
548.15392141
548.153899435
548.153877393
548.153855284
548.153833108
548.153810866
548.153788557
548.153766181
548.153743739
548.15372123
548.153698654
548.153676011
548.153653302
548.153630526
548.153607683
548.153584774
548.153561798
548.153538755
548.153515646
548.15349247
548.153469227
548.153445917
548.153422541
548.153399098
548.153375588
548.153352012
548.153328369
548.153304659
548.153280882
548.153257039
548.153233129
548.153209153
548.153185109
548.153160999
548.153136823
548.153112579
548.153088269
548.153063892
548.153039449
548.153014938
548.152990361
548.152965718
548.152941007
548.15291623
548.152891387
548.152866476
548.152841499
548.152816455
548.152791345
548.152766167
548.152740923
548.152715613
548.152690235
548.152664791
548.15263928
548.152613703
548.152588059
548.152562348
548.15253657
548.152510726
548.152484815
548.152458837
548.152432793
548.152406682
548.152380504
548.15235426
548.152327948
548.15230157
548.152275126
548.152248615
548.152222037
548.152195392
548.152168681
548.152141902
548.152115058
548.152088146
548.152061168
548.152034123
548.152007012
548.151979833
548.151952588
548.151925277
548.151897898
548.151870453
548.151842941
548.151815363
548.151787718
548.151760006
548.151732227
548.151704382
548.15167647
548.151648491
548.151620446
548.151592334
548.151564155
548.15153591
548.151507598
548.151479219
548.151450773
548.151422261
548.151393682
548.151365036
548.151336324
548.151307545
548.151278699
548.151249787
548.151220808
548.151191762
548.151162649
548.15113347
548.151104224
548.151074912
548.151045532
548.151016086
548.150986574
548.150956994
548.150927348
548.150897635
548.150867856
548.15083801
548.150808097
548.150778117
548.150748071
548.150717958
548.150687778
548.150657532
548.150627219
548.150596839
548.150566393
548.15053588
548.1505053
548.150474653
548.15044394
548.15041316
548.150382314
548.150351401
548.150320421
548.150289374
548.15025826
548.15022708
548.150195834
548.15016452
548.15013314
548.150101693
548.15007018
548.1500386
548.150006953
548.149975239
548.149943459
548.149911612
548.149879698
548.149847718
548.149815671
548.149783557
548.149751376
548.149719129
548.149686816
548.149654435
548.149621988
548.149589474
548.149556893
548.149524246
548.149491532
548.149458751
548.149425904
548.14939299
548.149360009
548.149326962
548.149293848
548.149260667
548.149227419
548.149194105
548.149160724
548.149127277
548.149093762
548.149060182
548.149026534
548.14899282
548.148959039
548.148925191
548.148891276
548.148857295
548.148823248
548.148789133
548.148754952
548.148720704
548.14868639
548.148652008
548.14861756
548.148583046
548.148548465
548.148513817
548.148479102
548.148444321
548.148409473
548.148374558
548.148339576
548.148304528
548.148269414
548.148234232
548.148198984
548.148163669
548.148128288
548.148092839
548.148057324
548.148021743
548.147986095
548.14795038
548.147914598
548.14787875
548.147842835
548.147806853
548.147770804
548.147734689
548.147698508
548.147662259
548.147625944
548.147589562
548.147553114
548.147516598
548.147480016
548.147443368
548.147406653
548.147369871
548.147333022
548.147296107
548.147259125
548.147222076
548.147184961
548.147147779
548.14711053
548.147073215
548.147035832
548.146998384
548.146960868
548.146923286
548.146885637
548.146847922
548.146810139
548.146772291
548.146734375
548.146696393
548.146658344
548.146620228
548.146582046
548.146543797
548.146505481
548.146467099
548.14642865
548.146390134
548.146351552
548.146312903
548.146274187
548.146235404
548.146196555
548.14615764
548.146118657
548.146079608
548.146040492
548.14600131
548.14596206
548.145922744
548.145883362
548.145843913
548.145804397
548.145764814
548.145725165
548.145685449
548.145645666
548.145605817
548.145565901
548.145525918
548.145485869
548.145445753
548.14540557
548.14536532
548.145325004
548.145284622
548.145244172
548.145203656
548.145163073
548.145122424
548.145081708
548.145040925
548.145000075
548.144959159
548.144918176
548.144877126
548.14483601
548.144794827
548.144753578
548.144712261
548.144670878
548.144629429
548.144587913
548.14454633
548.14450468
548.144462964
548.144421181
548.144379331
548.144337414
548.144295431
548.144253382
548.144211265
548.144169082
548.144126832
548.144084516
548.144042133
548.143999683
548.143957167
548.143914584
548.143871934
548.143829217
548.143786434
548.143743584
548.143700668
548.143657685
548.143614635
548.143571518
548.143528335
548.143485085
548.143441768
548.143398385
548.143354935
548.143311419
548.143267835
548.143224186
548.143180469
548.143136686
548.143092836
548.143048919
548.143004936
548.142960886
548.142916769
548.142872586
548.142828336
548.142784019
548.142739636
548.142695186
548.142650669
548.142606086
548.142561436
548.142516719
548.142471936
548.142427085
548.142382169
548.142337185
548.142292135
548.142247019
548.142201835
548.142156585
548.142111268
548.142065885
548.142020435
548.141974918
548.141929335
548.141883684
548.141837968
548.141792184
548.141746334
548.141700417
548.141654434
548.141608384
548.141562267
548.141516083
548.141469833
548.141423516
548.141377133
548.141330683
548.141284166
548.141237582
548.141190932
548.141144215
548.141097432
548.141050582
548.141003665
548.140956681
548.140909631
548.140862514
548.140815331
548.140768081
548.140720764
548.14067338
548.14062593
548.140578413
548.14053083
548.14048318
548.140435463
548.140387679
548.140339829
548.140291912
548.140243929
548.140195878
548.140147762
548.140099578
548.140051328
548.140003011
548.139954627
548.139906177
548.13985766
548.139809077
548.139760427
548.13971171
548.139662926
548.139614076
548.139565159
548.139516176
548.139467126
548.139418009
548.139368825
548.139319575
548.139270258
548.139220875
548.139171425
548.139121908
548.139072324
548.139022674
548.138972957
548.138923174
548.138873323
548.138823407
548.138773423
548.138723373
548.138673256
548.138623073
548.138572823
548.138522506
548.138472122
548.138421672
548.138371155
548.138320572
548.138269922
548.138219205
548.138168422
548.138117571
548.138066655
548.138015671
548.137964621
548.137913504
548.137862321
548.137811071
548.137759754
548.137708371
548.137656921
548.137605404
548.137553821
548.137502171
548.137450454
548.13739867
548.13734682
548.137294904
548.13724292
548.13719087
548.137138754
548.13708657
548.13703432
548.136982004
548.13692962
548.13687717
548.136824654
548.136772071
548.136719421
548.136666704
548.136613921
548.136561071
548.136508154
548.136455171
548.136402121
548.136349004
548.136295821
548.136242571
548.136189255
548.136135872
548.136082422
548.136028905
548.135975322
548.135921672
548.135867956
548.135814173
548.135760323
548.135706406
548.135652423
548.135598374
548.135544257
548.135490074
548.135435824
548.135381508
548.135327125
548.135272675
548.135218159
548.135163576
548.135108926
548.13505421
548.134999427
548.134944577
548.134889661
548.134834678
548.134779628
548.134724512
548.134669329
548.13461408
548.134558763
548.13450338
548.134447931
548.134392415
548.134336832
548.134281182
548.134225466
548.134169683
548.134113834
548.134057918
548.134001935
548.133945886
548.13388977
548.133833587
548.133777337
548.133721021
548.133664639
548.133608189
548.133551673
548.133495091
548.133438441
548.133381725
548.133324943
548.133268094
548.133211178
548.133154195
548.133097146
548.13304003
548.132982848
548.132925598
548.132868283
548.1328109
548.132753451
548.132695935
548.132638353
548.132580704
548.132522988
548.132465206
548.132407357
548.132349441
548.132291459
548.13223341
548.132175294
548.132117112
548.132058863
548.132000547
548.131942165
548.131883716
548.131825201
548.131766619
548.13170797
548.131649254
548.131590472
548.131531623
548.131472708
548.131413726
548.131354677
548.131295562
548.13123638
548.131177131
548.131117816
548.131058434
548.130998985
548.13093947
548.130879888
548.13082024
548.130760525
548.130700743
548.130640894
548.130580979
548.130520997
548.130460949
548.130400834
548.130340652
548.130280404
548.130220089
548.130159707
548.130099259
548.130038744
548.129978162
548.129917514
548.129856799
548.129796018
548.12973517
548.129674255
548.129613273
548.129552225
548.129491111
548.129429929
548.129368681
548.129307366
548.129245985
548.129184537
548.129123023
548.129061441
548.128999793
548.128938079
548.128876298
548.12881445
548.128752536
548.128690554
548.128628507
548.128566392
548.128504211
548.128441964
548.128379649
548.128317268
548.128254821
548.128192306
548.128129726
548.128067078
548.128004364
548.127941583
548.127878736
548.127815822
548.127752841
548.127689793
548.127626679
548.127563499
548.127500251
548.127436937
548.127373557
548.12731011
548.127246596
548.127183015
548.127119368
548.127055654
548.126991874
548.126928027
548.126864113
548.126800133
548.126736086
548.126671972
548.126607792
548.126543545
548.126479232
548.126414852
548.126350405
548.126285891
548.126221311
548.126156664
548.126091951
548.126027171
548.125962324
548.125897411
548.125832431
548.125767385
548.125702272
548.125637092
548.125571845
548.125506532
548.125441152
548.125375706
548.125310193
548.125244613
548.125178967
548.125113254
548.125047475
548.124981629
548.124915716
548.124849736
548.12478369
548.124717577
548.124651398
548.124585152
548.124518839
548.12445246
548.124386014
548.124319502
548.124252923
548.124186277
548.124119564
548.124052785
548.12398594
548.123919027
548.123852048
548.123785003
