84.9653356681
84.9742644591
84.9831883089
84.9921072133
85.001021168
85.0099301687
85.0188342113
85.0277332915
85.0366274051
85.0455165478
85.0544007154
85.0632799037
85.0721541085
85.0810233254
85.0898875503
85.0987467789
85.1076010071
85.1164502305
85.1252944449
85.1341336462
85.14296783
85.1517969921
85.1606211283
85.1694402344
85.1782543061
85.1870633392
85.1958673295
85.2046662726
85.2134601645
85.2222490008
85.2310327773
85.2398114898
85.248585134
85.2573537057
85.2661172008
85.2748756148
85.2836289437
85.2923771831
85.3011203289
85.3098583767
85.3185913225
85.3273191618
85.3360418906
85.3447595046
85.3534719994
85.362179371
85.370881615
85.3795787273
85.3882707036
85.3969575396
85.4056392312
85.414315774
85.422987164
85.4316533968
85.4403144681
85.4489703739
85.4576211098
85.4662666716
85.4749070551
85.4835422561
85.4921722702
85.5007970934
85.5094167213
85.5180311498
85.5266403746
85.5352443914
85.5438431961
85.5524367844
85.5610251521
85.569608295
85.5781862088
85.5867588894
85.5953263324
85.6038885337
85.612445489
85.6209971941
85.6295436449
85.6380848369
85.6466207662
85.6551514283
85.6636768192
85.6721969345
85.6807117701
85.6892213217
85.6977255851
85.7062245561
85.7147182305
85.723206604
85.7316896725
85.7401674317
85.7486398774
85.7571070054
85.7655688115
85.7740252914
85.7824764409
85.7909222559
85.7993627321
85.8077978653
85.8162276512
85.8246520858
85.8330711647
85.8414848837
85.8498932387
85.8582962254
85.8666938397
85.8750860773
85.883472934
85.8918544056
85.9002304878
85.9086011766
85.9169664677
85.9253263568
85.9336808399
85.9420299126
85.9503735708
85.9587118103
85.9670446269
85.9753720163
85.9836939744
85.992010497
86.00032158
86.008627219
86.0169274099
86.0252221485
86.0335114306
86.041795252
86.0500736086
86.0583464961
86.0666139104
86.0748758472
86.0831323024
86.0913832718
86.0996287512
86.1078687364
86.1161032233
86.1243322076
86.1325556852
86.1407736518
86.1489861034
86.1571930357
86.1653944445
86.1735903257
86.1817806752
86.1899654886
86.1981447619
86.2063184909
86.2144866714
86.2226492992
86.2308063702
86.2389578801
86.2471038249
86.2552442004
86.2633790024
86.2715082267
86.2796318691
86.2877499256
86.2958623919
86.3039692639
86.3120705375
86.3201662084
86.3282562725
86.3363407257
86.3444195638
86.3524927827
86.3605603782
86.3686223461
86.3766786823
86.3847293827
86.3927744431
86.4008138594
86.4088476273
86.4168757429
86.4248982019
86.4329150002
86.4409261337
86.4489315982
86.4569313895
86.4649255037
86.4729139364
86.4808966837
86.4888737413
86.4968451051
86.504810771
86.5127707349
86.5207249926
86.5286735401
86.5366163732
86.5445534877
86.5524848796
86.5604105448
86.5683304791
86.5762446784
86.5841531386
86.5920558556
86.5999528252
86.6078440435
86.6157295061
86.6236092092
86.6314831485
86.6393513199
86.6472137194
86.6550703428
86.6629211861
86.6707662451
86.6786055157
86.686438994
86.6942666756
86.7020885567
86.709904633
86.7177149006
86.7255193553
86.7333179929
86.7411108096
86.7488978011
86.7566789634
86.7644542924
86.772223784
86.7799874342
86.7877452389
86.7954971939
86.8032432954
86.8109835391
86.818717921
86.8264464371
86.8341690832
86.8418858554
86.8495967496
86.8573017616
86.8650008876
86.8726941233
86.8803814647
86.8880629079
86.8957384487
86.9034080832
86.9110718072
86.9187296167
86.9263815077
86.9340274761
86.9416675179
86.9493016291
86.9569298056
86.9645520435
86.9721683386
86.979778687
86.9873830845
86.9949815273
87.0025740113
87.0101605324
87.0177410866
87.02531567
87.0328842785
87.040446908
87.0480035547
87.0555542144
87.0630988833
87.0706375571
87.0781702321
87.0856969041
87.0932175692
87.1007322234
87.1082408626
87.1157434829
87.1232400803
87.1307306509
87.1382151905
87.1456936954
87.1531661613
87.1606325845
87.1680929608
87.1755472864
87.1829955573
87.1904377694
87.1978739188
87.2053040016
87.2127280138
87.2201459515
87.2275578105
87.2349635871
87.2423632773
87.249756877
87.2571443824
87.2645257895
87.2719010944
87.2792702931
87.2866333816
87.2939903561
87.3013412125
87.3086859471
87.3160245557
87.3233570346
87.3306833797
87.3380035871
87.345317653
87.3526255733
87.3599273443
87.3672229619
87.3745124222
87.3817957214
87.3890728555
87.3963438207
87.4036086129
87.4108672284
87.4181196631
87.4253659133
87.432605975
87.4398398444
87.4470675175
87.4542889904
87.4615042593
87.4687133203
87.4759161694
87.483112803
87.4903032169
87.4974874075
87.5046653707
87.5118371028
87.5190025998
87.526161858
87.5333148735
87.5404616423
87.5476021607
87.5547364247
87.5618644306
87.5689861745
87.5761016525
87.5832108609
87.5903137957
87.5974104531
87.6045008294
87.6115849206
87.6186627229
87.6257342325
87.6327994457
87.6398583585
87.6469109671
87.6539572678
87.6609972567
87.66803093
87.6750582839
87.6820793146
87.6890940184
87.6961023913
87.7031044296
87.7101001295
87.7170894872
87.724072499
87.731049161
87.7380194694
87.7449834206
87.7519410106
87.7588922358
87.7658370924
87.7727755765
87.7797076845
87.7866334125
87.7935527568
87.8004657137
87.8073722793
87.8142724501
87.821166222
87.8280535916
87.8349345549
87.8418091084
87.8486772481
87.8555389704
87.8623942716
87.869243148
87.8760855957
87.8829216111
87.8897511905
87.8965743302
87.9033910264
87.9102012754
87.9170050736
87.9238024171
87.9305933024
87.9373777257
87.9441556834
87.9509271716
87.9576921869
87.9644507253
87.9712027834
87.9779483573
87.9846874435
87.9914200382
87.9981461377
88.0048657385
88.0115788369
88.0182854291
88.0249855115
88.0316790805
88.0383661324
88.0450466636
88.0517206704
88.0583881492
88.0650490963
88.0717035082
88.0783513811
88.0849927115
88.0916274956
88.09825573
88.104877411
88.1114925349
88.1181010981
88.1247030971
88.1312985282
88.1378873878
88.1444696724
88.1510453782
88.1576145019
88.1641770396
88.1707329879
88.1772823432
88.1838251019
88.1903612603
88.1968908151
88.2034137624
88.2099300989
88.216439821
88.222942925
88.2294394074
88.2359292647
88.2424124933
88.2488890896
88.2553590502
88.2618223715
88.2682790499
88.2747290819
88.281172464
88.2876091927
88.2940392644
88.3004626756
88.3068794228
88.3132895025
88.3196929112
88.3260896454
88.3324797015
88.3388630761
88.3452397656
88.3516097667
88.3579730757
88.3643296892
88.3706796038
88.3770228159
88.3833593221
88.3896891189
88.3960122029
88.4023285705
88.4086382183
88.4149411429
88.4212373408
88.4275268085
88.4338095427
88.4400855398
88.4463547965
88.4526173093
88.4588730747
88.4651220894
88.4713643499
88.4775998528
88.4838285946
88.4900505721
88.4962657817
88.50247422
88.5086758837
88.5148707693
88.5210588736
88.5272401929
88.5334147241
88.5395824637
88.5457434083
88.5518975545
88.558044899
88.5641854384
88.5703191694
88.5764460885
88.5825661925
88.5886794779
88.5947859415
88.6008855798
88.6069783896
88.6130643675
88.6191435101
88.6252158142
88.6312812764
88.6373398934
88.6433916619
88.6494365785
88.6554746399
88.6615058429
88.6675301842
88.6735476603
88.6795582682
88.6855620043
88.6915588656
88.6975488486
88.7035319501
88.7095081668
88.7154774955
88.7214399329
88.7273954757
88.7333441207
88.7392858646
88.7452207042
88.7511486361
88.7570696572
88.7629837643
88.768890954
88.7747912233
88.7806845687
88.7865709871
88.7924504754
88.7983230302
88.8041886484
88.8100473267
88.815899062
88.8217438511
88.8275816907
88.8334125777
88.8392365088
88.845053481
88.8508634909
88.8566665356
88.8624626117
88.8682517161
88.8740338456
88.8798089972
88.8855771675
88.8913383536
88.8970925522
88.9028397602
88.9085799745
88.9143131918
88.9200394092
88.9257586235
88.9314708315
88.9371760302
88.9428742163
88.9485653869
88.9542495388
88.959926669
88.9655967742
88.9712598515
88.9769158977
88.9825649098
88.9882068846
88.9938418192
88.9994697104
89.0050905552
89.0107043504
89.0163110932
89.0219107803
89.0275034088
89.0330889756
89.0386674777
89.044238912
89.0498032756
89.0553605653
89.0609107781
89.0664539111
89.0719899612
89.0775189255
89.0830408008
89.0885555843
89.0940632729
89.0995638636
89.1050573534
89.1105437394
89.1160230186
89.121495188
89.1269602446
89.1324181855
89.1378690077
89.1433127083
89.1487492842
89.1541787326
89.1596010505
89.165016235
89.1704242831
89.175825192
89.1812189586
89.1866055801
89.1919850535
89.197357376
89.2027225446
89.2080805565
89.2134314087
89.2187750983
89.2241116224
89.2294409783
89.2347631629
89.2400781734
89.245386007
89.2506866608
89.2559801318
89.2612664173
89.2665455145
89.2718174204
89.2770821322
89.2823396471
89.2875899622
89.2928330747
89.2980689819
89.3032976808
89.3085191687
89.3137334427
89.3189405
89.3241403379
89.3293329535
89.3345183441
89.3396965069
89.344867439
89.3500311377
89.3551876003
89.3603368239
89.3654788058
89.3706135433
89.3757410336
89.3808612738
89.3859742614
89.3910799935
89.3961784675
89.4012696805
89.4063536299
89.4114303129
89.4164997269
89.421561869
89.4266167367
89.4316643272
89.4367046377
89.4417376657
89.4467634084
89.4517818631
89.4567930273
89.4617968981
89.4667934729
89.471782749
89.4767647239
89.4817393948
89.4867067592
89.4916668142
89.4966195574
89.5015649861
89.5065030976
89.5114338893
89.5163573587
89.521273503
89.5261823197
89.5310838062
89.5359779598
89.5408647781
89.5457442583
89.5506163979
89.5554811943
89.560338645
89.5651887474
89.5700314989
89.5748668969
89.5796949389
89.5845156223
89.5893289447
89.5941349034
89.5989334959
89.6037247197
89.6085085722
89.613285051
89.6180541535
89.6228158772
89.6275702197
89.6323171783
89.6370567506
89.6417889342
89.6465137264
89.651231125
89.6559411273
89.6606437308
89.6653389333
89.6700267321
89.6747071248
89.679380109
89.6840456822
89.6887038419
89.6933545858
89.6979979115
89.7026338164
89.7072622982
89.7118833544
89.7164969827
89.7211031806
89.7257019457
89.7302932757
89.7348771681
89.7394536206
89.7440226308
89.7485841962
89.7531383147
89.7576849836
89.7622242009
89.7667559639
89.7712802705
89.7757971183
89.7803065049
89.7848084279
89.7893028852
89.7937898743
89.7982693929
89.8027414388
89.8072060095
89.8116631029
89.8161127165
89.8205548482
89.8249894956
89.8294166565
89.8338363285
89.8382485094
89.842653197
89.8470503889
89.851440083
89.8558222769
89.8601969685
89.8645641554
89.8689238355
89.8732760065
89.8776206662
89.8819578124
89.8862874429
89.8906095554
89.8949241477
89.8992312178
89.9035307632
89.907822782
89.9121072719
89.9163842306
89.9206536562
89.9249155463
89.9291698988
89.9334167116
89.9376559825
89.9418877094
89.9461118902
89.9503285226
89.9545376046
89.9587391341
89.9629331089
89.9671195269
89.971298386
89.9754696842
89.9796334192
89.9837895891
89.9879381917
89.992079225
89.9962126869
90.0003385753
90.0044568881
90.0085676233
90.0126707789
90.0167663528
90.0208543429
90.0249347472
90.0290075638
90.0330727904
90.0371304252
90.0411804662
90.0452229112
90.0492577584
90.0532850056
90.057304651
90.0613166925
90.0653211282
90.069317956
90.073307174
90.0772887802
90.0812627728
90.0852291496
90.0891879088
90.0931390484
90.0970825665
90.1010184612
90.1049467304
90.1088673724
90.1127803852
90.1166857668
90.1205835154
90.1244736291
90.1283561059
90.132230944
90.1360981416
90.1399576966
90.1438096073
90.1476538718
90.1514904881
90.1553194546
90.1591407693
90.1629544303
90.1667604359
90.1705587842
90.1743494733
90.1781325015
90.1819078669
90.1856755677
90.1894356022
90.1931879685
90.1969326647
90.2006696892
90.2043990402
90.2081207158
90.2118347143
90.215541034
90.219239673
90.2229306296
90.2266139021
90.2302894887
90.2339573876
90.2376175973
90.2412701158
90.2449149415
90.2485520728
90.2521815078
90.2558032448
90.2594172822
90.2630236183
90.2666222514
90.2702131798
90.2737964018
90.2773719158
90.28093972
90.2844998129
90.2880521927
90.2915968579
90.2951338068
90.2986630377
90.3021845491
90.3056983392
90.3092044065
90.3127027493
90.3161933661
90.3196762553
90.3231514152
90.3266188442
90.3300785409
90.3335305035
90.3369747305
90.3404112204
90.3438399716
90.3472609825
90.3506742515
90.3540797772
90.357477558
90.3608675924
90.3642498788
90.3676244157
90.3709912015
90.3743502349
90.3777015142
90.381045038
90.3843808048
90.387708813
90.3910290613
90.3943415481
90.397646272
90.4009432314
90.404232425
90.4075138512
90.4107875087
90.414053396
90.4173115117
90.4205618542
90.4238044223
90.4270392144
90.4302662292
90.4334854653
90.4366969212
90.4399005955
90.443096487
90.4462845941
90.4494649155
90.4526374499
90.4558021958
90.458959152
90.4621083169
90.4652496894
90.4683832681
90.4715090515
90.4746270385
90.4777372276
90.4808396175
90.483934207
90.4870209947
90.4900999793
90.4931711595
90.4962345341
90.4992901017
90.502337861
90.5053778108
90.5084099499
90.5114342769
90.5144507906
90.5174594898
90.5204603731
90.5234534394
90.5264386875
90.5294161161
90.5323857239
90.5353475098
90.5383014726
90.5412476111
90.5441859239
90.5471164101
90.5500390684
90.5529538975
90.5558608964
90.5587600638
90.5616513987
90.5645348997
90.5674105659
90.570278396
90.5731383889
90.5759905435
90.5788348586
90.5816713332
90.5844999661
90.5873207562
90.5901337023
90.5929388035
90.5957360586
90.5985254665
90.6013070261
90.6040807364
90.6068465963
90.6096046048
90.6123547607
90.6150970631
90.6178315108
90.6205581029
90.6232768383
90.625987716
90.628690735
90.6313858942
90.6340731927
90.6367526294
90.6394242034
90.6420879136
90.6447437591
90.6473917389
90.6500318519
90.6526640974
90.6552884742
90.6579049815
90.6605136182
90.6631143835
90.6657072764
90.668292296
90.6708694413
90.6734387114
90.6760001055
90.6785536225
90.6810992617
90.683637022
90.6861669027
90.6886889028
90.6912030214
90.6937092578
90.6962076109
90.6986980801
90.7011806643
90.7036553627
90.7061221746
90.7085810991
90.7110321352
90.7134752824
90.7159105396
90.7183379061
90.7207573811
90.7231689637
90.7255726533
90.7279684489
90.7303563499
90.7327363554
90.7351084647
90.737472677
90.7398289915
90.7421774075
90.7445179243
90.746850541
90.7491752571
90.7514920717
90.7538009841
90.7561019936
90.7583950995
90.760680301
90.7629575976
90.7652269885
90.7674884729
90.7697420503
90.77198772
90.7742254812
90.7764553334
90.7786772758
90.7808913078
90.7830974288
90.7852956382
90.7874859352
90.7896683193
90.7918427898
90.7940093462
90.7961679878
90.798318714
90.8004615243
90.8025964179
90.8047233945
90.8068424533
90.8089535938
90.8110568154
90.8131521176
90.8152394998
90.8173189615
90.819390502
90.821454121
90.8235098179
90.825557592
90.827597443
90.8296293703
90.8316533733
90.8336694517
90.8356776048
90.8376778323
90.8396701336
90.8416545082
90.8436309557
90.8455994756
90.8475600675
90.8495127308
90.8514574652
90.8533942703
90.8553231455
90.8572440904
90.8591571047
90.8610621879
90.8629593396
90.8648485594
90.8667298468
90.8686032016
90.8704686233
90.8723261115
90.8741756659
90.8760172861
90.8778509717
90.8796767224
90.8814945378
90.8833044175
90.8851063614
90.8869003689
90.8886864398
90.8904645737
90.8922347704
90.8939970296
90.8957513508
90.8974977339
90.8992361786
90.9009666845
90.9026892514
90.904403879
90.906110567
90.9078093152
90.9095001234
90.9111829912
90.9128579185
90.914524905
90.9161839504
90.9178350546
90.9194782173
90.9211134383
90.9227407175
90.9243600545
90.9259714493
90.9275749016
90.9291704112
90.930757978
90.9323376018
90.9339092824
90.9354730197
90.9370288135
90.9385766637
90.9401165701
90.9416485327
90.9431725512
90.9446886255
90.9461967556
90.9476969413
90.9491891825
90.9506734791
90.9521498311
90.9536182383
90.9550787006
90.9565312181
90.9579757905
90.9594124179
90.9608411002
90.9622618374
90.9636746293
90.9650794761
90.9664763775
90.9678653337
90.9692463445
90.97061941
90.9719845302
90.973341705
90.9746909345
90.9760322186
90.9773655575
90.978690951
90.9800083993
90.9813179024
90.9826194602
90.9839130729
90.9851987406
90.9864764631
90.9877462407
90.9890080734
90.9902619613
90.9915079044
90.9927459028
90.9939759567
90.9951980661
90.9964122311
90.9976184519
90.9988167285
91.0000070612
91.0011894499
91.0023638949
91.0035303962
91.0046889541
91.0058395687
91.0069822401
91.0081169686
91.0092437542
91.0103625971
91.0114734976
91.0125764559
91.013671472
91.0147585463
91.0158376789
91.01690887
91.0179721199
91.0190274288
91.0200747969
91.0211142244
91.0221457116
91.0231692588
91.0241848661
91.0251925339
91.0261922624
91.0271840519
91.0281679027
91.029143815
91.0301117891
91.0310718254
91.0320239241
91.0329680855
91.03390431
91.0348325978
91.0357529494
91.0366653649
91.0375698448
91.0384663895
91.0393549992
91.0402356742
91.0411084151
91.0419732221
91.0428300956
91.0436790359
91.0445200436
91.0453531188
91.0461782622
91.046995474
91.0478047546
91.0486061045
91.0493995241
91.0501850138
91.0509625741
91.0517322053
91.052493908
91.0532476825
91.0539935294
91.0547314491
91.055461442
91.0561835086
91.0568976494
91.057603865
91.0583021557
91.058992522
91.0596749646
91.0603494838
91.0610160802
91.0616747543
91.0623255067
91.0629683378
91.0636032482
91.0642302385
91.0648493091
91.0654604607
91.0660636938
91.066659009
91.0672464068
91.0678258878
91.0683974527
91.0689611019
91.0695168361
91.0700646559
91.0706045619
91.0711365546
91.0716606348
91.0721768031
91.07268506
91.0731854062
91.0736778424
91.0741623692
91.0746389872
91.0751076971
91.0755684996
91.0760213953
91.076466385
91.0769034692
91.0773326488
91.0777539243
91.0781672965
91.0785727661
91.0789703337
91.0793600002
91.0797417662
91.0801156325
91.0804815997
91.0808396687
91.0811898401
91.0815321148
91.0818664935
91.0821929769
91.0825115658
91.082822261
91.0831250633
91.0834199734
91.0837069922
91.0839861204
91.0842573588
91.0845207083
91.0847761697
91.0850237437
91.0852634312
91.0854952331
91.0857191502
91.0859351832
91.0861433332
91.0863436008
91.0865359871
91.0867204927
91.0868971187
91.0870658659
91.0872267351
91.0873797273
91.0875248434
91.0876620842
91.0877914507
91.0879129438
91.0880265643
91.0881323132
91.0882301915
91.0883202
91.0884023398
91.0884766117
91.0885430167
91.0886015557
91.0886522298
91.0886950399
91.0887299869
91.0887570718
91.0887762957
91.0887876595
91.0887911642
91.0887868108
91.0887746003
91.0887545337
91.0887266121
91.0886908365
91.0886472078
91.0885957272
91.0885363956
91.0884692142
91.0883941839
91.0883113059
91.0882205811
91.0881220107
91.0880155957
91.0879013372
91.0877792364
91.0876492942
91.0875115117
91.0873658902
91.0872124306
91.0870511342
91.086882002
91.0867050351
91.0865202346
91.0863276018
91.0861271378
91.0859188436
91.0857027204
91.0854787695
91.0852469919
91.0850073889
91.0847599616
91.0845047111
91.0842416387
91.0839707456
91.0836920329
91.0834055019
91.0831111537
91.0828089896
91.0824990108
91.0821812185
91.081855614
91.0815221984
91.081180973
91.0808319391
91.0804750979
91.0801104507
91.0797379986
91.0793577431
91.0789696854
91.0785738267
91.0781701683
91.0777587115
91.0773394576
91.076912408
91.0764775638
91.0760349265
91.0755844973
91.0751262775
91.0746602685
91.0741864717
91.0737048883
91.0732155197
91.0727183672
91.0722134323
91.0717007161
91.0711802203
91.0706519459
91.0701158946
91.0695720676
91.0690204663
91.0684610921
91.0678939465
91.0673190307
91.0667363463
91.0661458946
91.0655476771
91.0649416951
91.0643279502
91.0637064437
91.063077177
91.0624401517
91.0617953691
91.0611428308
91.0604825381
91.0598144926
91.0591386957
91.0584551489
91.0577638537
91.0570648116
91.056358024
91.0556434924
91.0549212184
91.0541912035
91.0534534491
91.0527079568
91.0519547282
91.0511937646
91.0504250678
91.0496486392
91.0488644803
91.0480725927
91.0472729781
91.0464656378
91.0456505735
91.0448277868
91.0439972792
91.0431590523
91.0423131077
91.0414594471
91.0405980719
91.0397289838
91.0388521844
91.0379676753
91.0370754581
91.0361755345
91.035267906
91.0343525744
91.0334295412
91.0324988081
91.0315603767
91.0306142487
91.0296604257
91.0286989095
91.0277297017
91.0267528038
91.0257682178
91.0247759451
91.0237759875
91.0227683468
91.0217530245
91.0207300224
91.0196993422
91.0186609857
91.0176149545
91.0165612503
91.015499875
91.0144308302
91.0133541176
91.0122697391
91.0111776963
91.010077991
91.0089706251
91.0078556001
91.006732918
91.0056025804
91.0044645893
91.0033189462
91.0021656531
91.0010047118
90.9998361239
90.9986598914
90.9974760161
90.9962844997
90.9950853441
90.9938785511
90.9926641226
90.9914420603
90.9902123661
90.9889750419
90.9877300895
90.9864775107
90.9852173074
90.9839494816
90.9826740349
90.9813909695
90.980100287
90.9788019893
90.9774960785
90.9761825563
90.9748614247
90.9735326856
90.9721963408
90.9708523924
90.9695008421
90.968141692
90.9667749439
90.9654005998
90.9640186617
90.9626291314
90.9612320109
90.9598273022
90.9584150072
90.9569951279
90.9555676663
90.9541326242
90.9526900038
90.951239807
90.9497820357
90.948316692
90.9468437778
90.9453632952
90.9438752461
90.9423796326
90.9408764566
90.9393657203
90.9378474256
90.9363215745
90.9347881691
90.9332472114
90.9316987035
90.9301426474
90.9285790451
90.9270078988
90.9254292104
90.9238429821
90.9222492158
90.9206479138
90.919039078
90.9174227106
90.9157988137
90.9141673892
90.9125284394
90.9108819663
90.9092279721
90.9075664588
90.9058974287
90.9042208837
90.902536826
90.9008452577
90.8991461811
90.8974395982
90.8957255112
90.8940039221
90.8922748333
90.8905382468
90.8887941648
90.8870425894
90.8852835229
90.8835169674
90.8817429251
90.8799613982
90.8781723889
90.8763758993
90.8745719317
90.8727604882
90.8709415712
90.8691151827
90.867281325
90.8654400004
90.863591211
90.8617349591
90.8598712469
90.8580000767
90.8561214507
90.8542353711
90.8523418403
90.8504408604
90.8485324338
90.8466165626
90.8446932492
90.8427624959
90.8408243049
90.8388786784
90.8369256189
90.8349651286
90.8329972097
90.8310218646
90.8290390957
90.8270489051
90.8250512952
90.8230462684
90.8210338269
90.8190139732
90.8169867094
90.814952038
90.8129099613
90.8108604816
90.8088036014
90.8067393228
90.8046676484
90.8025885805
90.8005021214
90.7984082734
90.7963070391
90.7941984207
90.7920824207
90.7899590414
90.7878282852
90.7856901546
90.7835446518
90.7813917794
90.7792315398
90.7770639352
90.7748889683
90.7727066413
90.7705169568
90.7683199171
90.7661155246
90.7639037819
90.7616846914
90.7594582555
90.7572244766
90.7549833572
90.7527348998
90.7504791069
90.7482159808
90.7459455242
90.7436677394
90.7413826289
90.7390901952
90.7367904409
90.7344833683
90.7321689801
90.7298472786
90.7275182664
90.7251819461
90.7228383201
90.7204873909
90.718129161
90.7157636331
90.7133908096
90.711010693
90.7086232859
90.7062285908
90.7038266103
90.701417347
90.6990008033
90.6965769818
90.6941458851
90.6917075158
90.6892618764
90.6868089695
90.6843487977
90.6818813635
90.6794066696
90.6769247185
90.6744355128
90.6719390552
90.6694353481
90.6669243943
90.6644061964
90.6618807568
90.6593480784
90.6568081636
90.6542610151
90.6517066356
90.6491450276
90.6465761938
90.6440001369
90.6414168594
90.6388263641
90.6362286536
90.6336237305
90.6310115975
90.6283922572
90.6257657124
90.6231319656
90.6204910197
90.6178428771
90.6151875407
90.6125250132
90.6098552971
90.6071783952
90.6044943101
90.6018030447
90.5991046016
90.5963989834
90.593686193
90.590966233
90.5882391062
90.5855048152
90.5827633628
90.5800147517
90.5772589847
90.5744960645
90.5717259938
90.5689487753
90.5661644119
90.5633729063
90.5605742612
90.5577684794
90.5549555637
90.5521355168
90.5493083414
90.5464740405
90.5436326166
90.5407840727
90.5379284115
90.5350656358
90.5321957484
90.529318752
90.5264346495
90.5235434437
90.5206451374
90.5177397334
90.5148272344
90.5119076434
90.5089809631
90.5060471964
90.5031063461
90.500158415
90.497203406
90.4942413218
90.4912721654
90.4882959395
90.4853126471
90.4823222909
90.4793248738
90.4763203988
90.4733088686
90.470290286
90.4672646541
90.4642319756
90.4611922534
90.4581454904
90.4550916895
90.4520308536
90.4489629855
90.4458880882
90.4428061645
90.4397172173
90.4366212496
90.4335182642
90.4304082641
90.4272912521
90.4241672312
90.4210362043
90.4178981743
90.4147531442
90.4116011168
90.4084420951
90.405276082
90.4021030805
90.3989230936
90.395736124
90.3925421749
90.3893412491
90.3861333497
90.3829184795
90.3796966415
90.3764678387
90.3732320741
90.3699893505
90.3667396711
90.3634830388
90.3602194565
90.3569489272
90.3536714539
90.3503870397
90.3470956874
90.3437974001
90.3404921809
90.3371800326
90.3338609583
90.330534961
90.3272020437
90.3238622094
90.3205154612
90.317161802
90.313801235
90.310433763
90.3070593892
90.3036781165
90.300289948
90.2968948868
90.2934929359
90.2900840982
90.286668377
90.2832457751
90.2798162958
90.2763799419
90.2729367167
90.2694866231
90.2660296642
90.2625658431
90.2590951628
90.2556176265
90.2521332371
90.2486419979
90.2451439117
90.2416389819
90.2381272113
90.2346086032
90.2310831606
90.2275508866
90.2240117843
90.2204658568
90.2169131073
90.2133535387
90.2097871543
90.2062139571
90.2026339503
90.199047137
90.1954535203
90.1918531033
90.1882458891
90.184631881
90.1810110819
90.1773834951
90.1737491237
90.1701079708
90.1664600396
90.1628053332
90.1591438548
90.1554756075
90.1518005944
90.1481188188
90.1444302838
90.1407349926
90.1370329482
90.133324154
90.1296086129
90.1258863284
90.1221573034
90.1184215412
90.114679045
90.1109298179
90.1071738631
90.1034111839
90.0996417834
90.0958656648
90.0920828313
90.0882932861
90.0844970323
90.0806940733
90.0768844123
90.0730680523
90.0692449967
90.0654152486
90.0615788112
90.0577356879
90.0538858818
90.0500293961
90.046166234
90.0422963989
90.0384198938
90.0345367221
90.030646887
90.0267503917
90.0228472395
90.0189374336
90.0150209772
90.0110978737
90.0071681262
90.003231738
89.9992887124
89.9953390526
89.9913827619
89.9874198435
89.9834503008
89.9794741369
89.9754913552
89.9715019589
89.9675059513
89.9635033356
89.9594941152
89.9554782934
89.9514558733
89.9474268584
89.9433912518
89.939349057
89.9353002771
89.9312449155
89.9271829754
89.9231144602
89.9190393732
89.9149577176
89.9108694968
89.9067747141
89.9026733728
89.8985654762
89.8944510277
89.8903300304
89.8862024879
89.8820684033
89.87792778
89.8737806213
89.8696269306
89.8654667112
89.8612999664
89.8571266996
89.852946914
89.8487606131
89.8445678001
89.8403684785
89.8361626515
89.8319503225
89.8277314948
89.8235061719
89.819274357
89.8150360535
89.8107912648
89.8065399942
89.802282245
89.7980180208
89.7937473247
89.7894701602
89.7851865307
89.7808964395
89.7765998899
89.7722968855
89.7679874294
89.7636715252
89.7593491762
89.7550203858
89.7506851573
89.7463434942
89.7419953998
89.7376408775
89.7332799308
89.728912563
89.7245387775
89.7201585777
89.7157719669
89.7113789487
89.7069795265
89.7025737035
89.6981614832
89.6937428691
89.6893178645
89.6848864728
89.6804486975
89.676004542
89.6715540097
89.667097104
89.6626338283
89.6581641861
89.6536881808
89.6492058157
89.6447170944
89.6402220203
89.6357205967
89.6312128272
89.6266987151
89.622178264
89.6176514771
89.613118358
89.6085789102
89.604033137
89.5994810418
89.5949226283
89.5903578997
89.5857868595
89.5812095113
89.5766258584
89.5720359043
89.5674396524
89.5628371062
89.5582282692
89.5536131449
89.5489917366
89.5443640478
89.5397300821
89.5350898429
89.5304433336
89.5257905577
89.5211315187
89.5164662201
89.5117946653
89.5071168578
89.5024328011
89.4977424986
89.4930459539
89.4883431704
89.4836341516
89.478918901
89.4741974221
89.4694697183
89.4647357932
89.4599956502
89.4552492928
89.4504967246
89.4457379489
89.4409729694
89.4362017895
89.4314244126
89.4266408424
89.4218510822
89.4170551357
89.4122530062
89.4074446974
89.4026302127
89.3978095555
89.3929827295
89.3881497382
89.383310585
89.3784652734
89.373613807
89.3687561893
89.3638924238
89.359022514
89.3541464634
89.3492642755
89.344375954
89.3394815022
89.3345809237
89.3296742221
89.3247614009
89.3198424635
89.3149174135
89.3099862545
89.3050489899
89.3001056234
89.2951561584
89.2902005984
89.2852389471
89.2802712078
89.2752973843
89.2703174799
89.2653314983
89.260339443
89.2553413175
89.2503371254
89.2453268702
89.2403105554
89.2352881846
89.2302597614
89.2252252892
89.2201847717
89.2151382123
89.2100856147
89.2050269824
89.1999623189
89.1948916278
89.1898149126
89.1847321769
89.1796434243
89.1745486582
89.1694478823
89.1643411002
89.1592283153
89.1541095312
