197.966543994
198.024859479
198.083161491
198.141449974
198.199724873
198.257986134
198.316233702
198.37446752
198.432687534
198.490893688
198.549085926
198.607264193
198.665428431
198.723578584
198.781714597
198.839836411
198.897943971
198.956037219
199.014116097
199.07218055
199.130230517
199.188265943
199.246286769
199.304292937
199.362284388
199.420261064
199.478222906
199.536169856
199.594101855
199.652018842
199.709920759
199.767807547
199.825679145
199.883535493
199.941376533
199.999202202
200.057012441
200.11480719
200.172586386
200.230349971
200.288097881
200.345830057
200.403546436
200.461246957
200.518931558
200.576600177
200.634252752
200.691889221
200.749509521
200.807113588
200.864701362
200.922272778
200.979827773
201.037366283
201.094888246
201.152393598
201.209882274
201.267354211
201.324809344
201.382247609
201.439668942
201.497073277
201.55446055
201.611830695
201.669183648
201.726519342
201.783837713
201.841138694
201.89842222
201.955688225
202.012936641
202.070167403
202.127380445
202.184575699
202.241753098
202.298912575
202.356054063
202.413177495
202.470282803
202.527369919
202.584438775
202.641489302
202.698521434
202.755535101
202.812530235
202.869506766
202.926464626
202.983403746
203.040324057
203.097225488
203.154107971
203.210971435
203.267815811
203.324641029
203.381447018
203.438233708
203.495001028
203.551748907
203.608477275
203.665186061
203.721875192
203.778544599
203.835194208
203.891823949
203.94843375
204.005023538
204.061593241
204.118142787
204.174672104
204.231181118
204.287669756
204.344137947
204.400585616
204.45701269
204.513419096
204.569804759
204.626169607
204.682513565
204.738836559
204.795138515
204.851419358
204.907679014
204.963917408
205.020134464
205.076330109
205.132504266
205.18865686
205.244787816
205.300897057
205.356984509
205.413050095
205.469093739
205.525115364
205.581114895
205.637092254
205.693047364
205.748980149
205.804890532
205.860778435
205.916643781
205.972486492
206.028306491
206.0841037
206.13987804
206.195629434
206.251357804
206.30706307
206.362745154
206.418403978
206.474039463
206.529651528
206.585240097
206.640805088
206.696346422
206.75186402
206.807357802
206.862827688
206.918273598
206.973695451
207.029093168
207.084466667
207.139815868
207.195140691
207.250441053
207.305716875
207.360968074
207.41619457
207.471396281
207.526573125
207.58172502
207.636851884
207.691953635
207.747030192
207.80208147
207.857107389
207.912107865
207.967082815
208.022032157
208.076955807
208.131853682
208.186725698
208.241571773
208.296391822
208.351185762
208.405953508
208.460694977
208.515410084
208.570098745
208.624760876
208.679396391
208.734005207
208.788587237
208.843142398
208.897670604
208.952171769
209.006645808
209.061092636
209.115512166
209.169904314
209.224268993
209.278606116
209.332915598
209.387197352
209.441451292
209.495677331
209.549875383
209.60404536
209.658187175
209.712300741
209.766385971
209.820442778
209.874471074
209.92847077
209.982441781
210.036384016
210.09029739
210.144181812
210.198037195
210.251863451
210.305660491
210.359428226
210.413166567
210.466875426
210.520554714
210.57420434
210.627824217
210.681414254
210.734974361
210.78850445
210.842004431
210.895474213
210.948913707
211.002322822
211.055701467
211.109049554
211.162366991
211.215653687
211.268909552
211.322134495
211.375328424
211.42849125
211.48162288
211.534723223
211.587792188
211.640829683
211.693835616
211.746809896
211.799752431
211.852663129
211.905541897
211.958388644
212.011203276
212.063985703
212.11673583
212.169453565
212.222138815
212.274791488
212.327411491
212.37999873
212.432553111
212.485074543
212.537562931
212.590018181
212.6424402
212.694828895
212.747184171
212.799505934
212.85179409
212.904048545
212.956269205
213.008455975
213.06060876
213.112727467
213.164812
213.216862265
213.268878166
213.320859609
213.372806498
213.424718739
213.476596235
213.528438892
213.580246613
213.632019304
213.683756868
213.73545921
213.787126233
213.838757843
213.890353942
213.941914434
213.993439224
214.044928214
214.096381308
214.14779841
214.199179423
214.250524249
214.301832794
214.353104958
214.404340645
214.455539759
214.506702202
214.557827876
214.608916684
214.659968528
214.710983312
214.761960937
214.812901305
214.863804319
214.914669881
214.965497892
215.016288255
215.067040871
215.117755643
215.168432471
215.219071257
215.269671903
215.32023431
215.370758379
215.421244012
215.471691109
215.522099573
215.572469303
215.6228002
215.673092166
215.723345101
215.773558906
215.823733481
215.873868727
215.923964544
215.974020833
216.024037494
216.074014426
216.123951531
216.173848708
216.223705857
216.273522878
216.323299672
216.373036136
216.422732172
216.472387679
216.522002556
216.571576703
216.62111002
216.670602405
216.720053758
216.769463978
216.818832964
216.868160615
216.91744683
216.966691508
217.015894549
217.06505585
217.11417531
217.163252829
217.212288304
217.261281635
217.310232719
217.359141455
217.408007741
217.456831477
217.505612559
217.554350886
217.603046356
217.651698868
217.700308319
217.748874607
217.797397629
217.845877285
217.894313471
217.942706085
217.991055026
218.039360189
218.087621474
218.135838777
218.184011996
218.232141028
218.28022577
218.328266121
218.376261976
218.424213234
218.472119791
218.519981545
218.567798391
218.615570229
218.663296953
218.710978462
218.758614651
218.806205419
218.85375066
218.901250273
218.948704154
218.9961122
219.043474306
219.090790369
219.138060287
219.185283955
219.23246127
219.279592128
219.326676425
219.373714058
219.420704923
219.467648916
219.514545933
219.561395871
219.608198625
219.654954091
219.701662166
219.748322746
219.794935725
219.841501001
219.88801847
219.934488026
219.980909565
220.027282985
220.073608179
220.119885045
220.166113477
220.212293371
220.258424623
220.304507129
220.350540784
220.396525483
220.442461122
220.488347597
220.534184803
220.579972635
220.625710989
220.67139976
220.717038843
220.762628135
220.808167529
220.853656922
220.899096209
220.944485284
220.989824044
221.035112383
221.080350197
221.12553738
221.170673828
221.215759436
221.260794099
221.305777712
221.350710171
221.39559137
221.440421204
221.485199568
221.529926358
221.574601469
221.619224794
221.66379623
221.708315672
221.752783013
221.79719815
221.841560978
221.88587139
221.930129282
221.97433455
222.018487087
222.062586789
222.106633551
222.150627267
222.194567833
222.238455143
222.282289092
222.326069575
222.369796487
222.413469723
222.457089178
222.500654746
222.544166323
222.587623803
222.631027081
222.674376053
222.717670612
222.760910653
222.804096073
222.847226765
222.890302624
222.933323546
222.976289425
223.019200156
223.062055634
223.104855753
223.14760041
223.190289498
223.232922913
223.27550055
223.318022303
223.360488068
223.402897739
223.445251212
223.487548381
223.529789142
223.57197339
223.614101019
223.656171925
223.698186002
223.740143147
223.782043253
223.823886216
223.865671932
223.907400295
223.9490712
223.990684543
224.032240219
224.073738124
224.115178151
224.156560198
224.197884158
224.239149928
224.280357403
224.321506477
224.362597047
224.403629008
224.444602255
224.485516685
224.526372191
224.56716867
224.607906018
224.648584129
224.6892029
224.729762227
224.770262004
224.810702128
224.851082494
224.891402998
224.931663536
224.971864004
225.012004297
225.052084312
225.092103945
225.132063091
225.171961646
225.211799507
225.251576569
225.291292729
225.330947882
225.370541926
225.410074756
225.449546269
225.48895636
225.528304927
225.567591865
225.606817071
225.645980442
225.685081874
225.724121264
225.763098508
225.802013502
225.840866145
225.879656332
225.91838396
225.957048926
225.995651127
226.03419046
226.072666822
226.11108011
226.149430222
226.187717053
226.225940502
226.264100465
226.302196841
226.340229525
226.378198417
226.416103413
226.453944411
226.491721308
226.529434002
226.56708239
226.604666372
226.642185843
226.679640703
226.717030848
226.754356178
226.79161659
226.828811982
226.865942253
226.9030073
226.940007022
226.976941318
227.013810085
227.050613222
227.087350629
227.124022202
227.160627842
227.197167446
227.233640915
227.270048146
227.306389038
227.342663491
227.378871403
227.415012675
227.451087204
227.487094891
227.523035635
227.558909334
227.59471589
227.630455201
227.666127167
227.701731687
227.737268663
227.772737992
227.808139577
227.843473315
227.878739109
227.913936857
227.949066461
227.98412782
228.019120835
228.054045407
228.088901436
228.123688822
228.158407467
228.193057272
228.227638137
228.262149964
228.296592653
228.330966106
228.365270224
228.399504908
228.433670061
228.467765582
228.501791375
228.53574734
228.56963338
228.603449397
228.637195292
228.670870967
228.704476326
228.738011269
228.771475699
228.804869519
228.838192632
228.871444939
228.904626344
228.93773675
228.970776059
229.003744175
229.036641
229.069466437
229.102220391
229.134902764
229.167513461
229.200052383
229.232519436
229.264914524
229.297237549
229.329488416
229.361667029
229.393773293
229.425807111
229.457768389
229.489657029
229.521472939
229.553216021
229.584886181
229.616483323
229.648007354
229.679458177
229.710835699
229.742139824
229.773370459
229.804527508
229.835610878
229.866620474
229.897556202
229.928417968
229.959205679
229.989919241
230.020558559
230.051123541
230.081614094
230.112030123
230.142371536
230.172638239
230.202830141
230.232947147
230.262989166
230.292956105
230.32284787
230.352664371
230.382405515
230.412071209
230.441661362
230.471175882
230.500614677
230.529977656
230.559264726
230.588475798
230.617610779
230.646669578
230.675652105
230.704558268
230.733387977
230.762141142
230.790817671
230.819417475
230.847940462
230.876386544
230.904755631
230.933047631
230.961262457
230.989400017
231.017460223
231.045442986
231.073348215
231.101175823
231.12892572
231.156597818
231.184192027
231.21170826
231.239146428
231.266506443
231.293788217
231.320991661
231.348116688
231.375163211
231.402131141
231.429020392
231.455830876
231.482562505
231.509215194
231.535788855
231.562283401
231.588698747
231.615034805
231.641291489
231.667468713
231.693566392
231.719584439
231.745522768
231.771381295
231.797159933
231.822858598
231.848477204
231.874015667
231.899473901
231.924851823
231.950149346
231.975366388
232.000502864
232.02555869
232.050533781
232.075428055
232.100241427
232.124973815
232.149625134
232.174195302
232.198684235
232.223091852
232.247418069
232.271662803
232.295825973
232.319907496
232.34390729
232.367825273
232.391661363
232.415415479
232.43908754
232.462677464
232.48618517
232.509610577
232.532953604
232.556214171
232.579392197
232.602487602
232.625500306
232.648430228
232.67127729
232.694041411
232.716722512
232.739320513
232.761835336
232.784266901
232.80661513
232.828879943
232.851061264
232.873159012
232.89517311
232.91710348
232.938950045
232.960712726
232.982391446
233.003986127
233.025496694
233.046923068
233.068265173
233.089522932
233.110696268
233.131785107
233.15278937
233.173708983
233.19454387
233.215293955
233.235959163
233.256539418
233.277034646
233.297444771
233.317769719
233.338009415
233.358163785
233.378232755
233.398216251
233.418114198
233.437926524
233.457653155
233.477294018
233.496849039
233.516318145
233.535701265
233.554998325
233.574209252
233.593333976
233.612372423
233.631324522
233.650190202
233.66896939
233.687662016
233.706268008
233.724787296
233.743219808
233.761565476
233.779824227
233.797995991
233.8160807
233.834078283
233.85198867
233.869811792
233.887547581
233.905195966
233.922756879
233.940230251
233.957616015
233.974914101
233.992124441
234.009246969
234.026281615
234.043228313
234.060086995
234.076857594
234.093540043
234.110134276
234.126640225
234.143057826
234.15938701
234.175627713
234.191779869
234.207843412
234.223818277
234.239704399
234.255501712
234.271210153
234.286829655
234.302360156
234.317801591
234.333153895
234.348417006
234.363590859
234.378675391
234.393670539
234.408576241
234.423392432
234.438119051
234.452756036
234.467303324
234.481760852
234.496128561
234.510406387
234.52459427
234.538692148
234.552699961
234.566617647
234.580445146
234.594182399
234.607829344
234.621385922
234.634852073
234.648227737
234.661512856
234.67470737
234.687811221
234.700824349
234.713746696
234.726578204
234.739318815
234.751968472
234.764527115
234.776994689
234.789371135
234.801656398
234.813850419
234.825953143
234.837964512
234.849884472
234.861712966
234.873449938
234.885095333
234.896649095
234.90811117
234.919481502
234.930760037
234.94194672
234.953041497
234.964044315
234.974955119
234.985773856
234.996500472
235.007134914
235.01767713
235.028127066
235.03848467
235.04874989
235.058922674
235.06900297
235.078990725
235.08888589
235.098688412
235.108398241
235.118015326
235.127539617
235.136971062
235.146309612
235.155555217
235.164707828
235.173767395
235.182733868
235.191607199
235.200387339
235.20907424
235.217667853
235.22616813
235.234575022
235.242888484
235.251108466
235.259234922
235.267267805
235.275207069
235.283052665
235.290804549
235.298462674
235.306026994
235.313497464
235.320874038
235.328156671
235.335345319
235.342439935
235.349440476
235.356346898
235.363159156
235.369877207
235.376501007
235.383030513
235.389465681
235.395806469
235.402052834
235.408204733
235.414262124
235.420224966
235.426093216
235.431866832
235.437545775
235.443130002
235.448619473
235.454014146
235.459313983
235.464518941
235.469628983
235.474644067
235.479564154
235.484389206
235.489119183
235.493754046
235.498293757
235.502738278
235.50708757
235.511341595
235.515500317
235.519563697
235.523531698
235.527404284
235.531181419
235.534863064
235.538449185
235.541939745
235.545334708
235.54863404
235.551837704
235.554945666
235.557957891
235.560874345
235.563694992
235.566419799
235.569048733
235.571581759
235.574018844
235.576359955
235.578605059
235.580754123
235.582807116
235.584764004
235.586624756
235.58838934
235.590057724
235.591629878
235.59310577
235.59448537
235.595768647
235.596955571
235.598046111
235.599040238
235.599937923
235.600739135
235.601443846
235.602052028
235.60256365
235.602978686
235.603297106
235.603518884
235.603643991
235.6036724
235.603604083
235.603439014
235.603177166
235.602818513
235.602363029
235.601810686
235.601161461
235.600415326
235.599572258
235.59863223
235.597595219
235.5964612
235.595230147
235.593902038
235.592476849
235.590954555
235.589335135
235.587618563
235.585804819
235.583893879
235.58188572
235.579780321
235.57757766
235.575277716
235.572880466
235.57038589
235.567793967
235.565104676
235.562317996
235.559433909
235.556452393
235.553373429
235.550196998
235.54692308
235.543551657
235.54008271
235.53651622
235.532852169
235.52909054
235.525231314
235.521274474
235.517220003
235.513067884
235.5088181
235.504470634
235.500025471
235.495482594
235.490841988
235.486103636
235.481267525
235.476333639
235.471301962
235.466172481
235.460945181
235.455620048
235.450197069
235.44467623
235.439057517
235.433340917
235.427526418
235.421614008
235.415603673
235.409495401
235.403289182
235.396985003
235.390582852
235.38408272
235.377484594
235.370788465
235.363994322
235.357102155
235.350111954
235.34302371
235.335837412
235.328553053
235.321170622
235.313690112
235.306111514
235.29843482
235.290660022
235.282787113
235.274816084
235.26674693
235.258579642
235.250314214
235.241950641
235.233488915
235.22492903
235.216270982
235.207514765
235.198660373
235.189707802
235.180657046
235.171508102
235.162260965
235.152915631
235.143472097
235.133930359
235.124290414
235.114552258
235.10471589
235.094781307
235.084748506
235.074617486
235.064388244
235.05406078
235.043635092
235.033111179
235.02248904
235.011768675
235.000950083
234.990033265
234.979018221
234.967904951
234.956693456
234.945383737
234.933975795
234.922469631
234.910865248
234.899162648
234.887361831
234.875462802
234.863465562
234.851370115
234.839176464
234.826884611
234.814494562
234.802006319
234.789419887
234.776735271
234.763952474
234.751071503
234.738092361
234.725015055
234.71183959
234.698565972
234.685194206
234.671724301
234.658156261
234.644490094
234.630725807
234.616863408
234.602902903
234.588844301
234.57468761
234.560432838
234.546079994
234.531629086
234.517080124
234.502433117
234.487688074
234.472845005
234.457903921
234.442864831
234.427727746
234.412492677
234.397159635
234.381728631
234.366199676
234.350572782
234.334847962
234.319025227
234.30310459
234.287086064
234.270969661
234.254755395
234.238443279
234.222033327
234.205525553
234.18891997
234.172216594
234.155415439
234.138516519
234.121519851
234.104425448
234.087233328
234.069943505
234.052555996
234.035070817
234.017487985
233.999807516
233.982029428
233.964153738
233.946180463
233.928109621
233.90994123
233.891675309
233.873311875
233.854850948
233.836292546
233.817636689
233.798883397
233.780032688
233.761084583
233.742039101
233.722896264
233.703656092
233.684318606
233.664883827
233.645351776
233.625722474
233.605995945
233.586172209
233.566251289
233.546233207
233.526117987
233.505905652
233.485596223
233.465189726
233.444686183
233.424085619
233.403388058
233.382593525
233.361702043
233.340713638
233.319628335
233.298446159
233.277167136
233.255791292
233.234318653
233.212749245
233.191083094
233.169320228
233.147460673
233.125504457
233.103451606
233.08130215
233.059056115
233.03671353
233.014274424
232.991738824
232.96910676
232.946378261
232.923553356
232.900632075
232.877614448
232.854500503
232.831290273
232.807983787
232.784581076
232.761082171
232.737487102
232.713795903
232.690008603
232.666125235
232.642145832
232.618070424
232.593899046
232.569631729
232.545268507
232.520809413
232.49625448
232.471603742
232.446857233
232.422014987
232.397077039
232.372043422
232.346914173
232.321689325
232.296368915
232.270952977
232.245441548
232.219834663
232.194132358
232.16833467
232.142441636
232.116453292
232.090369676
232.064190824
232.037916775
232.011547565
231.985083234
231.958523818
231.931869357
231.90511989
231.878275454
231.851336089
231.824301835
231.797172731
231.769948816
231.742630131
231.715216715
231.68770861
231.660105856
231.632408493
231.604616563
231.576730106
231.548749166
231.520673782
231.492503998
231.464239855
231.435881395
231.407428662
231.378881697
231.350240545
231.321505248
231.29267585
231.263752394
231.234734924
231.205623485
231.176418121
231.147118875
231.117725794
231.088238922
231.058658304
231.028983985
230.999216011
230.969354429
230.939399283
230.90935062
230.879208488
230.848972931
230.818643998
230.788221735
230.757706189
230.727097409
230.696395442
230.665600335
230.634712137
230.603730897
230.572656662
230.541489482
230.510229406
230.478876482
230.44743076
230.415892291
230.384261122
230.352537306
230.320720891
230.288811929
230.256810469
230.224716564
230.192530263
230.160251618
230.127880681
230.095417502
230.062862135
230.030214632
229.997475043
229.964643423
229.931719823
229.898704297
229.865596897
229.832397677
229.799106691
229.765723991
229.732249633
229.69868367
229.665026156
229.631277146
229.597436695
229.563504857
229.529481687
229.495367242
229.461161576
229.426864745
229.392476805
229.357997813
229.323427823
229.288766894
229.254015081
229.219172441
229.184239032
229.149214911
229.114100135
229.078894761
229.043598849
229.008212455
228.972735639
228.937168457
228.90151097
228.865763236
228.829925314
228.793997263
228.757979142
228.721871012
228.685672931
228.64938496
228.61300716
228.576539589
228.53998231
228.503335382
228.466598867
228.429772826
228.392857319
228.355852409
228.318758157
228.281574625
228.244301875
228.206939969
228.16948897
228.13194894
228.094319942
228.056602039
228.018795294
227.980899771
227.942915533
227.904842643
227.866681166
227.828431166
227.790092706
227.751665852
227.713150668
227.674547219
227.635855569
227.597075784
227.55820793
227.519252071
227.480208274
227.441076603
227.401857127
227.36254991
227.323155018
227.28367252
227.24410248
227.204444967
227.164700047
227.124867788
227.084948257
227.044941522
227.00484765
226.96466671
226.924398769
226.884043897
226.843602161
226.80307363
226.762458373
226.721756459
226.680967958
226.640092938
226.599131469
226.558083622
226.516949464
226.475729068
226.434422502
226.393029838
226.351551146
226.309986496
226.26833596
226.226599608
226.184777512
226.142869743
226.100876373
226.058797473
226.016633116
225.974383372
225.932048315
225.889628017
225.84712255
225.804531987
225.761856401
225.719095865
225.676250452
225.633320235
225.590305288
225.547205685
225.504021499
225.460752804
225.417399675
225.373962186
225.330440411
225.286834424
225.243144301
225.199370117
225.155511946
225.111569864
225.067543946
225.023434268
224.979240905
224.934963934
224.89060343
224.846159469
224.801632128
224.757021483
224.71232761
224.667550588
224.622690492
224.577747399
224.532721387
224.487612533
224.442420915
224.39714661
224.351789697
224.306350252
224.260828355
224.215224083
224.169537514
224.123768729
224.077917804
224.031984819
223.985969853
223.939872985
223.893694294
223.847433861
223.801091763
223.754668081
223.708162895
223.661576285
223.614908331
223.568159113
223.521328712
223.474417208
223.427424682
223.380351214
223.333196886
223.285961779
223.238645973
223.191249552
223.143772595
223.096215184
223.048577402
223.00085933
222.95306105
222.905182645
222.857224197
222.809185788
222.761067501
222.712869418
222.664591623
222.616234199
222.567797228
222.519280794
222.47068498
222.42200987
222.373255547
222.324422095
222.275509599
222.226518141
222.177447807
222.128298681
222.079070846
222.029764388
221.980379391
221.93091594
221.88137412
221.831754016
221.782055713
221.732279296
221.682424851
221.632492463
221.582482219
221.532394203
221.482228502
221.431985201
221.381664388
221.331266147
221.280790566
221.230237731
221.179607729
221.128900646
221.078116569
221.027255585
220.976317781
220.925303245
220.874212064
220.823044325
220.771800116
220.720479524
220.669082638
220.617609544
220.566060332
220.514435089
220.462733904
220.410956864
220.359104058
220.307175576
220.255171505
220.203091934
220.150936953
220.09870665
220.046401114
219.994020434
219.941564701
219.889034003
219.836428429
219.783748071
219.730993016
219.678163356
219.625259179
219.572280577
219.519227639
219.466100456
219.412899118
219.359623715
219.306274338
219.252851078
219.199354025
219.145783271
219.092138906
219.038421022
218.984629709
218.930765059
218.876827164
218.822816114
218.768732001
218.714574918
218.660344955
218.606042205
218.55166676
218.497218711
218.442698151
218.388105172
218.333439866
218.278702326
218.223892645
218.169010914
218.114057227
218.059031677
218.003934355
217.948765356
217.893524773
217.838212698
217.782829224
217.727374446
217.671848456
217.616251348
217.560583215
217.504844152
217.449034252
217.393153608
217.337202316
217.281180468
217.225088159
217.168925483
217.112692534
217.056389407
217.000016196
216.943572996
216.887059901
216.830477006
216.773824405
216.717102194
216.660310468
216.60344932
216.546518848
216.489519144
216.432450306
216.375312427
216.318105604
216.260829932
216.203485507
216.146072423
216.088590777
216.031040665
215.973422182
215.915735424
215.857980487
215.800157468
215.742266461
215.684307565
215.626280874
215.568186485
215.510024494
215.451794998
215.393498094
215.335133878
215.276702447
215.218203897
215.159638325
215.101005828
215.042306503
214.983540448
214.924707758
214.865808532
214.806842866
214.747810857
214.688712604
214.629548203
214.570317752
214.511021348
214.451659089
214.392231072
214.332737395
214.273178157
214.213553454
214.153863384
214.094108046
214.034287538
213.974401957
213.914451401
213.854435969
213.794355759
213.73421087
213.674001398
213.613727444
213.553389105
213.492986479
213.432519666
213.371988764
213.311393871
213.250735086
213.190012509
213.129226236
213.068376369
213.007463005
212.946486243
212.885446182
212.824342922
212.763176561
212.701947199
212.640654934
212.579299866
212.517882095
212.456401719
212.394858838
212.333253551
212.271585957
212.209856157
212.14806425
212.086210335
212.024294512
211.962316881
211.90027754
211.838176591
211.776014133
211.713790265
211.651505087
211.5891587
211.526751204
211.464282697
211.401753281
211.339163055
211.27651212
211.213800575
211.151028521
211.088196057
211.025303285
210.962350304
210.899337215
210.836264118
210.773131113
210.709938301
210.646685783
210.583373658
210.520002027
210.45657099
210.393080649
210.329531104
210.265922455
210.202254803
210.138528249
210.074742893
210.010898836
209.94699618
209.883035024
209.819015469
209.754937617
209.690801567
209.626607422
209.562355282
209.498045247
209.43367742
209.3692519
209.304768789
209.240228188
209.175630197
209.110974918
209.046262453
208.981492901
208.916666365
208.851782945
208.786842742
208.721845858
208.656792394
208.591682451
208.52651613
208.461293533
208.396014761
208.330679915
208.265289096
208.199842406
208.134339946
208.068781817
208.003168121
207.937498959
207.871774433
207.805994643
207.740159692
207.67426968
207.608324709
207.542324881
207.476270297
207.410161058
207.343997267
207.277779023
207.211506429
207.145179587
207.078798598
207.012363563
206.945874583
206.879331761
206.812735198
206.746084996
206.679381255
206.612624078
206.545813566
206.47894982
206.412032943
206.345063035
206.278040198
206.210964534
206.143836145
206.076655131
206.009421595
205.942135637
205.874797361
205.807406866
205.739964255
205.67246963
205.604923091
205.53732474
205.469674679
205.40197301
205.334219834
205.266415252
205.198559366
205.130652277
205.062694088
204.9946849
204.926624813
204.85851393
204.790352352
204.722140181
204.653877517
204.585564464
204.517201121
204.448787591
204.380323974
204.311810373
204.243246889
204.174633623
204.105970676
204.03725815
203.968496147
203.899684768
203.830824113
203.761914285
203.692955384
203.623947513
203.554890772
203.485785263
203.416631086
203.347428344
203.278177137
203.208877567
203.139529734
203.070133741
203.000689687
202.931197675
202.861657806
202.79207018
202.722434899
202.652752063
202.583021774
202.513244133
202.443419241
202.373547199
202.303628108
202.233662068
202.163649181
202.093589548
202.023483269
201.953330445
201.883131178
201.812885567
201.742593715
201.67225572
201.601871686
201.531441711
201.460965896
201.390444343
201.319877152
201.249264424
201.178606259
201.107902757
201.037154019
200.966360146
200.895521239
200.824637396
200.75370872
200.68273531
200.611717267
200.540654691
200.469547682
200.39839634
200.327200766
200.25596106
200.184677322
200.113349652
200.04197815
199.970562917
199.899104052
199.827601655
199.756055826
199.684466665
199.612834273
199.541158748
199.46944019
199.3976787
199.325874377
199.254027321
199.182137631
199.110205407
199.038230748
198.966213755
198.894154526
198.822053161
198.74990976
198.677724421
198.605497245
198.53322833
198.460917775
198.388565681
198.316172145
198.243737268
198.171261147
198.098743883
198.026185574
197.953586319
197.880946218
197.808265368
197.735543868
197.662781819
197.589979317
197.517136462
197.444253353
197.371330088
197.298366765
197.225363483
197.152320341
197.079237437
197.006114868
196.932952735
196.859751134
196.786510163
196.713229922
196.639910508
196.566552019
196.493154554
196.419718209
196.346243083
196.272729274
196.19917688
196.125585998
196.051956726
195.978289161
195.904583402
195.830839545
195.757057688
195.683237929
195.609380364
195.535485092
195.461552209
195.387581813
195.313574001
195.239528869
195.165446515
195.091327035
195.017170528
194.942977088
194.868746814
194.794479802
194.720176149
194.645835951
194.571459304
194.497046306
194.422597053
194.34811164
194.273590165
194.199032724
194.124439412
194.049810326
193.975145562
193.900445216
193.825709384
193.750938162
193.676131646
193.60128993
193.526413112
193.451501286
193.376554549
193.301572995
