3.34770380809
3.14999266804
2.95812415522
2.77355920143
2.59771296772
2.43193888288
2.2775145894
2.1356303799
2.00738064994
1.89375881325
1.79565602663
1.71386395471
1.64908167473
1.60192668091
1.57294980209
1.56265369989
1.57151447181
1.60000575102
1.64862457495
1.71791819462
1.80851091843
1.92113003299
2.05662982031
2.21601269929
2.40044655892
2.61127742288
2.85003668702
3.11844230294
3.41839343718
3.75195831442
4.12135514811
4.52892626937
4.97710577727
5.4683812456
6.00525022583
6.59017247712
7.22551902515
7.91351929722
8.65620769528
9.45537104798
10.3124984228
11.2287347789
12.2048398958
13.2411539306
14.3375708222
15.4935206006
16.7079614508
17.9793821523
19.3058152501
20.6848610428
22.113722178
23.5892483571
25.107990361
26.6662623332
28.2602110014
29.8858902919
31.5393395959
33.2166637985
34.9141130709
36.6281603754
38.3555746226
40.0934874775
41.8394519086
43.5914907349
45.3481336275
47.1084412737
48.8720157002
50.6389960721
52.4100396333
54.1862878105
55.9693178801
57.7610809574
59.5638274292
61.3800212836
63.2122450985
65.0630977185
66.9350868756
68.8305191816
70.7513900375
72.6992760647
74.67523266
76.6796992064
78.7124143529
80.7723435807
82.8576210417
84.9655073571
87.0923647343
89.2336503879
91.3839288563
93.5369033882
95.6854661505
97.8217665893
99.937296864
102.022992886
104.069349134
106.066545105
108.004580968
109.873419799
111.663133573
113.364050029
114.966897443
116.462944428
117.844131906
119.10319462
120.233769708
121.230490178
122.089061402
122.80631912
123.380267841
123.81009891
124.096187975
124.240071981
124.244406277
124.112902795
123.850250698
123.462021187
122.954558531
122.334859616
121.610444533
120.7892209
119.879344693
118.889080417
117.826663415
116.700167047
115.517377296
114.285677221
113.011943366
111.702456005
110.362824746
108.997930675
107.61188585
106.208010573
104.788828469
103.356079035
101.910746937
100.453107004
98.9827835364
97.4988222712
95.9997731118
94.4837815274
92.9486863936
91.3921219491
89.811621511
88.2047206037
86.5690572282
84.9024671143
83.2030719648
81.4693589018
79.700249572
77.8951576324
76.0540336356
74.1773966402
72.2663521894
70.3225966167
68.3484079505
66.3466239811
64.3206083348
62.2742056428
60.2116871132
58.1376879937
56.0571385541
53.9751903139
51.8971392993
49.8283481227
47.774168646
45.7398669193
43.730551973
41.7511098979
39.8061444716
37.899925391
36.0363449488
34.2188837627
32.4505859211
30.7340436746
29.0713915613
27.4643096321
25.9140352337
24.4213826187
22.98676949
21.6102494554
20.2915492637
19.0301096261
17.8251283904
16.6756048344
15.5803838744
14.5381990479
13.5477132159
12.6075560487
11.7163574895
10.8727765445
10.0755249109
9.32338512411
8.61522307659
7.94999493366
7.32674862926
6.74462027826
6.20282597473
5.70064956246
5.23742705752
4.81252847414
4.42533785065
4.0752322933
3.76156085154
3.48362400974
3.24065452979
3.03180030791
2.85610982039
2.71252063051
2.59985131508
2.51679704888
2.46192896124
2.43369725658
2.43043797166
2.45038313209
2.49167397065
2.55237678431
2.63050093684
2.7240184615
2.83088468519
2.94905928056
3.07652715813
3.21131863328
3.35152834365
3.49533244838
3.64100370962
3.78692413655
3.93159495953
4.07364379446
4.21182895121
4.34504093275
4.47230125947
4.59275883461
4.70568413769
4.81046159267
4.90658050381
4.99362498334
5.07126331148
5.13923716938
5.19735117075
5.24546308837
5.28347512857
5.31132655247
5.32898787832
5.3364568278
5.33375610283
5.32093300084
5.29806079857
5.26524175971
5.22261155264
5.17034480366
5.1086614602
5.03783359954
4.95819229252
4.87013412017
4.7741269432
4.67071454179
4.56051977345
4.44424594067
4.32267611536
4.19667023201
4.06715983456
3.93514044003
3.80166156336
3.66781452953
3.53471827837
3.40350344201
3.27529504254
3.151194215
3.03225940791
2.91948754683
2.81379566608
2.71600351836
2.62681766104
2.54681749229
2.47644366924
2.41598928661
2.36559412773
2.32524222311
2.29476286689
2.27383515049
2.26199597872
2.25865143853
2.26309129807
2.27450632551
2.29200803636
2.31465040726
2.3414530347
2.37142517174
2.40359004528
2.43700884175
2.47080375131
2.5041794792
2.53644266821
2.56701872635
2.59546561872
2.62148425957
2.64492522824
2.66579162805
2.68423800864
2.70056537582
2.7152124169
2.72874317001
2.74183146106
2.75524251814
2.76981224918
2.78642473092
2.80598850529
2.82941231103
2.85758089273
2.89133152668
2.93143188258
2.97855980229
3.03328552385
3.09605681064
3.16718736504
3.24684881478
3.33506646126
3.43171887472
3.5365413149
3.64913285002
3.76896694501
3.89540519437
4.02771378925
4.16508223364
4.30664376423
4.45149688353
4.59872738767
4.7474302599
4.89673080825
5.04580445107
5.19389459644
5.34032811931
5.48452801246
5.62602287143
5.76445296738
5.89957276217
6.03124982468
6.15946021256
6.28428048685
6.40587662497
6.52449018733
6.64042217224
6.75401505998
6.86563359837
6.97564491707
7.08439857559
7.19220714966
7.29932794275
7.40594637415
7.51216154389
7.6179744088
7.72327892582
7.82785643014
7.93137342002
8.03338281965
8.13332868967
8.2305542547
8.32431302156
8.41378267365
8.4980813489
8.57628584274
8.64745122622
8.71063133333
8.7648995525
8.80936935511
8.84321400848
8.86568495219
8.87612836241
8.87399948927
8.85887442312
8.83045902619
8.7885948531
8.73326197403
8.6645787059
8.58279834582
8.48830308524
8.38159535997
8.26328695757
8.13408625866
7.99478402982
7.84623821273
7.68935816599
7.52508881237
7.35439512662
7.17824736674
6.99760740789
6.81341648304
6.62658457203
6.43798161133
6.24843062491
6.05870280362
5.86951448966
5.68152595623
5.49534181336
5.31151281998
5.13053884277
4.95287267426
4.77892440737
4.60906606163
4.44363616663
4.28294403167
4.12727346392
3.97688574122
3.83202169632
3.69290282571
3.55973139523
3.43268957428
3.31193768744
3.19761172539
3.08982030229
2.98864128384
2.89411833642
2.80625766185
2.72502518464
2.65034444696
2.58209544362
2.52011459364
2.46419599965
2.41409409144
2.36952768944
2.33018545837
2.29573265483
2.26581900716
2.24008750459
2.21818381844
2.19976603266
2.18451432746
2.17214023946
2.16239511568
2.15507738851
2.15003832364
2.14718593345
2.1464868025
2.14796563882
2.15170244205
2.15782726466
2.16651263251
2.17796378269
2.19240696636
2.21007614897
2.23119851602
2.2559792569
2.28458614866
2.31713449431
2.35367298403
2.39417104151
2.43850819124
2.48646593574
2.53772256577
2.59185124343
2.64832159921
2.70650497366
2.76568331516
2.82506162118
2.88378368624
2.94095079897
2.99564291852
3.04694175991
3.09395513419
3.13584182407
3.1718362333
3.20127202932
3.22360400566
3.23842742338
3.24549414842
3.24472498422
3.23621770221
3.22025039538
3.19727991758
3.1679353193
3.13300634482
3.09342721092
3.05025603808
3.00465044699
2.95783996077
2.91109596234
2.86570004309
2.82291164017
2.78393589282
2.74989265212
2.72178755257
2.70048599897
2.68669083925
2.68092438611
2.68351532083
2.69459086562
2.71407445084
2.74168893625
2.77696527619
2.81925635261
2.86775554398
2.92151945556
2.97949411411
3.04054383044
3.10348186038
3.1671019507
3.23020984321
3.2916538269
3.35035347536
3.40532578135
3.45570800073
3.50077663946
3.53996215611
3.57285910284
3.59923158475
3.61901407498
3.63230777579
3.63937285755
3.64061703398
3.63658103824
3.6279216462
3.61539294913
3.59982660442
3.58211179083
3.56317556346
3.54396424506
3.52542640743
3.50849789253
3.49408920216
3.48307545342
3.47628895912
3.47451435458
3.47848606096
3.48888775497
3.50635341231
3.53146941101
3.5647771255
3.60677541518
3.65792241476
3.71863606718
3.78929290405
3.87022467025
3.96171250555
4.06397853309
4.17717485606
4.30137012477
4.4365339989
4.58251998842
4.73904730238
4.90568246351
5.08182154892
5.26667399019
5.45924890351
5.65834491998
5.8625444446
6.0702131906
6.27950571346
6.4883775095
6.69460405137
6.89580691209
7.08948688834
7.27306377923
7.44392221811
7.59946270165
7.73715672063
7.85460468109
7.94959512151
8.02016358782
8.06464943329
8.08174876651
8.07056178518
8.03063280553
7.96198142881
7.8651234745
7.7410805514
7.59137742613
7.41802667656
7.22350047602
7.01068973163
6.78285118607
6.54354347382
6.29655348737
6.04581474539
5.79531974954
5.54902856076
5.31077600882
5.08418006351
4.8725539367
4.67882444784
4.50545907058
4.35440388679
4.22703441012
4.12412091114
4.04580948861
3.99161969759
3.96045907728
3.95065443326
3.95999923595
3.98581601335
4.0250321581
4.07426715044
4.12992883347
4.18831607818
4.24572495172
4.29855536386
4.34341511604
4.37721832066
4.3972752928
4.40137124077
4.38783138945
4.35557055277
4.30412561762
4.23366989867
4.1450088558
4.03955721839
3.91929811548
3.78672535135
3.64477047553
3.49671675784
3.34610257968
3.19661707812
3.05199111973
2.91588682896
2.7917889453
2.68290123345
2.59205102211
2.52160470384
2.47339669925
2.44867398158
2.44805778771
2.4715236207
2.51840009572
2.58738661095
2.67658925705
2.78357382956
2.90543429639
3.03887461244
3.18030137975
3.32592453728
3.4718630379
3.61425233888
3.74935050002
3.87363975011
3.98392054638
4.07739540568
4.15174012356
4.20516040529
4.23643239883
4.24492612851
4.23061136289
4.1940459939
4.13634754033
4.0591488983
3.96453993093
3.85499690228
3.73330210548
3.60245630153
3.46558676471
3.32585382021
3.18635875544
3.05005589177
2.91967142143
2.79763135207
2.68600056921
2.58643463588
2.50014551281
2.42788191649
2.36992455237
2.32609598128
2.29578441627
2.27798031712
2.27132426664
2.27416428652
2.28462049216
2.30065480137
2.32014330782
2.3409489062
2.36099181374
2.37831576667
2.39114787531
2.39795038899
2.39746294187
2.3887342099
2.37114229646
2.34440356356
2.30857002427
2.26401579647
2.21141347415
2.15170158968
2.0860446078
2.01578710181
1.94240390814
1.86744813381
1.79249890093
1.71911065477
1.64876574042
1.58283177396
1.52252510497
1.46888139761
1.4227340585
1.38470092253
1.35517928484
1.33434905064
1.32218347593
1.31846670198
1.32281705477
1.33471489477
1.35353366873
1.3785727376
1.40909053526
1.44433665024
1.4835815157
1.52614253559
1.57140566178
1.61884165935
1.66801654575
1.71859595441
1.77034344339
1.82311303445
1.87683651634
1.93150626935
1.98715455665
2.04383037498
2.10157505728
2.16039786878
2.22025283486
2.28101798355
2.34247808076
2.40431178605
2.46608396803
2.52724369795
2.58712819739
2.64497276067
2.69992641491
2.75107283073
2.79745576517
2.83810811369
2.87208347955
2.89848904266
2.91651843137
2.92548327372
2.92484212997
2.91422558572
2.89345641178
2.86256386871
2.82179144391
2.7715975501
2.71264897608
2.64580715474
2.57210758795
2.49273303342
2.40898130405
2.32222874645
2.23389064306
2.14537991539
2.05806558785
1.97323249939
1.89204372219
1.81550706311
1.74444688737
1.67948231988
1.6210126536
1.56921053537
1.52402321623
1.48518185702
1.45221858049
1.42449067131
1.40121105459
1.38148394316
1.36434434314
1.34879995331
1.33387389414
1.31864665976
1.30229570384
1.28413114773
1.26362623424
1.24044133788
1.21444057706
1.1857003457
1.15450938248
1.12136031371
1.08693292923
1.05206976772
1.01774488613
0.985026956784
0.955038063902
0.928909751049
0.907737993391
0.892538830206
0.884206389395
0.88347496696
0.890886691954
0.906766115499
0.931202817525
0.964042835258
1.00488939337
1.05311306873
1.10787116525
1.1681357198
1.23272922126
1.30036681496
1.3697034949
1.43938456804
1.50809751632
1.57462329009
1.63788504654
1.6969923986
1.75127936503
1.80033440632
1.84402118808
1.88248902576
1.91617232153
1.94577869344
1.97226590557
1.99680812149
2.02075240696
2.04556678706
2.07278150398
2.1039254118
2.14045967181
2.18371106892
2.23480734725
2.29461695927
2.36369553482
2.4422412066
2.53006068106
2.62654762552
2.73067456354
2.84099904256
2.95568437487
3.07253477029
3.18904419127
3.3024577875
3.40984432012
3.50817758426
3.59442449424
3.66563722215
3.71904658728
3.75215378869
3.76281756051
3.74933391127
3.71050578299
3.64570022859
3.55489104957
3.43868524982
3.29833213343
3.13571438937
2.95332104807
2.75420274717
2.54191028832
2.32041798613
2.09403378866
1.86729856889
1.64487733687
1.43144538932
1.23157259044
1.04960905656
0.889575497664
0.755061348391
0.64913360628
0.57425898974
0.53224164396
0.524178170622
0.550431251291
0.610622590643
0.703645341003
0.827695601713
0.980322033228
1.15849210352
1.35867300946
1.57692490275
1.80900371084
2.05047058828
2.29680487041
2.54351733264
2.7862605874
3.02093357389
3.24377730912
3.45145936438
3.6411448992
3.8105525127
3.95799364607
4.08239477427
4.18330214395
4.2608693321
4.31582839927
4.34944587805
4.36346525766
4.36003798631
4.34164530559
4.3110134462
4.27102484844
4.22462812003
4.17474940954
4.12420775827
4.07563680224
4.03141493774
3.9936057468
3.96391011596
3.94363108451
3.9336520404
3.93442845744
3.94599294916
3.96797301647
3.99962049946
4.03985141919
4.08729462254
4.14034742823
4.19723632114
4.25608065668
4.31495731865
4.37196432042
4.42528144707
4.47322619947
4.51430351327
4.54724797721
4.57105755708
4.58501813389
4.5887184756
4.58205557292
4.56523056852
4.53873578893
4.50333363876
4.46002833288
4.4100316169
4.35472375641
4.29561115902
4.23428202945
4.17236144766
4.1114672069
4.05316765509
3.9989426559
3.95014862996
3.90798845959
3.8734868484
3.84747152865
3.83056051005
3.82315537124
3.82544041573
3.83738735208
3.85876501877
3.88915355999
3.92796237197
3.97445108172
4.02775278997
4.08689880762
4.15084413747
4.21849299702
4.28872374147
4.36041262284
4.43245590909
4.50378998055
4.5734091162
4.64038077565
4.70385827053
4.76309079837
4.81743088102
4.86633930664
4.9093877185
4.94625902538
4.97674582742
5.00074706009
5.01826305743
5.02938922843
5.03430852667
5.03328287828
5.02664371721
5.0147817628
4.99813616396
4.97718312904
4.95242416019
4.92437401783
4.89354855253
4.86045255917
4.82556782912
4.78934159921
4.75217561957
4.71441608301
4.67634467494
4.63817101208
4.60002673841
4.56196153601
4.52394128592
4.48584857779
4.44748571868
4.40858032913
4.36879354231
4.327730739
4.28495466251
4.24000066425
4.19239373798
4.14166691156
4.08738048366
4.02914152385
3.96662300117
3.89958187195
3.82787544618
3.75147536415
3.67047855339
3.58511460041
3.49574906158
3.402882351
3.30714397738
3.20928205354
3.11014816573
3.01067786068
2.9118671796
2.81474583442
2.72034777526
2.62968003326
2.54369083398
