7.0 12.0 35.0 -27.0 40.0 0.0
18.0 55.0 19.5 -30.0 32.0 43.0
8.0 51.0 30.0 63.0 7.0 48.0
5.0 23.0 34.53 -69.0 45.0 22.1
14.0 0.0 6.0 14.0 30.0 0.0
0.0 52.0 44.78 -72.0 49.0 43.0
15.0 9.0 8.49 67.0 13.0 21.4
17.0 20.0 12.39 57.0 54.0 55.3
7.0 38.0 7.95 38.0 52.0 47.9
10.0 13.0 2.96 -1.0 36.0 52.6
1.0 0.0 9.3 -33.0 42.0 33.0
10.0 34.0 52.8 51.0 55.0 12.0
6.0 41.0 36.69 -50.0 57.0 58.3
2.0 39.0 59.3 -34.0 26.0 57.0
11.0 13.0 28.8 22.0 9.0 6.0
10.0 8.0 28.1 12.0 18.0 23.0
9.0 34.0 53.4 17.0 3.0 5.0
1.0 51.0 6.3 -44.0 26.0 41.0
19.0 44.0 57.74 -14.0 48.0 12.4
0.0 38.0 57.97 48.0 20.0 14.6
1.0 16.0 29.78 33.0 25.0 8.8
0.0 20.0 17.34 59.0 18.0 13.6
0.0 33.0 12.12 48.0 30.0 31.5
9.0 59.0 26.46 30.0 44.0 47.0
1.0 4.0 47.79 2.0 7.0 4.0
0.0 45.0 39.8 38.0 2.0 28.0
0.0 35.0 33.78 36.0 29.0 51.9
0.0 26.0 11.03 -11.0 2.0 39.6
0.0 42.0 41.83 40.0 51.0 55.0
23.0 26.0 31.74 50.0 40.0 32.6
0.0 52.0 53.0 43.0 11.0 45.0
1.0 3.0 55.0 21.0 53.0 6.0
1.0 10.0 17.1 47.0 37.0 41.0
23.0 51.0 46.3 24.0 34.0 57.0
0.0 42.0 6.0 40.0 37.0 0.0
0.0 42.0 44.35 41.0 16.0 8.6
1.0 33.0 50.89 30.0 39.0 36.8
0.0 40.0 22.08 41.0 41.0 7.1
23.0 54.0 47.7 42.0 28.0 15.0
1.0 27.0 40.0 28.0 5.0 25.0
22.0 41.0 49.6 -64.0 25.0 10.0
1.0 6.0 33.7 44.0 48.0 15.8
23.0 28.0 36.2 14.0 44.0 35.0
0.0 19.0 32.1 35.0 2.0 37.1
0.0 1.0 58.16 -15.0 27.0 39.3
19.0 29.0 59.0 -17.0 40.0 41.0
20.0 46.0 51.8 -12.0 50.0 53.0
9.0 16.0 2.21 52.0 50.0 24.3
10.0 4.0 4.1 -27.0 19.0 51.6
10.0 11.0 0.8 -4.0 41.0 34.0
10.0 3.0 6.88 -26.0 9.0 34.5
0.0 2.0 14.5 45.0 5.0 20.0
10.0 0.0 0.1 5.0 19.0 56.0
10.0 15.0 59.4 6.0 48.0 21.4
12.0 13.0 23.57 29.0 55.0 18.8
7.0 0.0 29.3 -4.0 12.0 30.0
16.0 13.0 47.95 54.0 22.0 16.2
0.0 15.0 31.56 -32.0 10.0 47.8
0.0 26.0 33.37 -41.0 51.0 19.1
22.0 2.0 41.51 -51.0 17.0 47.2
12.0 58.0 40.44 14.0 13.0 3.0
14.0 7.0 10.52 35.0 3.0 37.3
0.0 54.0 53.48 -37.0 41.0 3.8
0.0 14.0 53.6 -39.0 11.0 47.9
23.0 26.0 27.52 -32.0 23.0 19.5
14.0 15.0 56.52 23.0 3.0 19.0
12.0 18.0 46.06 -79.0 43.0 33.8
17.0 47.0 8.87 -64.0 38.0 30.3
23.0 45.0 34.02 38.0 43.0 3.7
13.0 30.0 44.4 54.0 54.0 36.0
13.0 54.0 33.55 4.0 14.0 34.8
11.0 50.0 53.0 38.0 52.0 49.0
12.0 27.0 40.9 43.0 29.0 44.0
14.0 24.0 43.4 44.0 31.0 32.8
2.0 56.0 51.94 58.0 54.0 41.9
2.0 41.0 55.02 59.0 36.0 15.4
12.0 14.0 57.92 36.0 13.0 7.8
12.0 15.0 39.17 36.0 19.0 36.8
3.0 59.0 48.3 67.0 8.0 18.6
12.0 12.0 9.16 36.0 10.0 9.1
2.0 54.0 8.47 59.0 0.0 19.1
2.0 24.0 34.2 56.0 0.0 43.0
2.0 27.0 26.9 57.0 29.0 16.3
2.0 55.0 42.69 58.0 51.0 37.4
2.0 35.0 36.47 59.0 22.0 43.5
2.0 36.0 35.46 59.0 39.0 17.7
4.0 32.0 4.9 63.0 36.0 49.0
13.0 39.0 53.82 40.0 44.0 20.7
4.0 30.0 49.06 64.0 50.0 52.6
15.0 14.0 13.84 -46.0 48.0 28.6
12.0 38.0 40.06 32.0 46.0 0.5
11.0 36.0 6.18 45.0 17.0 1.1
3.0 45.0 12.58 67.0 51.0 50.5
12.0 47.0 26.0 -77.0 34.0 17.0
7.0 28.0 54.66 69.0 12.0 56.8
7.0 34.0 11.5 66.0 52.0 47.0
12.0 13.0 49.62 -38.0 13.0 52.9
13.0 54.0 48.67 35.0 50.0 14.7
8.0 37.0 3.0 69.0 46.0 31.0
1.0 9.0 27.02 35.0 43.0 5.3
5.0 14.0 15.33 62.0 34.0 48.0
3.0 46.0 48.5 68.0 5.0 46.9
2.0 6.0 2.8 68.0 59.0 59.0
7.0 36.0 51.4 65.0 36.0 9.2
4.0 53.0 7.1 67.0 5.0 57.0
0.0 49.0 49.2 -21.0 0.0 54.0
6.0 47.0 45.8 80.0 7.0 26.0
8.0 19.0 4.98 70.0 43.0 12.1
13.0 21.0 57.61 -36.0 37.0 48.9
13.0 37.0 39.05 -42.0 50.0 49.1
13.0 45.0 0.5 -41.0 51.0 40.0
0.0 49.0 20.96 -18.0 4.0 31.5
9.0 45.0 10.0 68.0 45.0 54.0
0.0 50.0 24.32 -19.0 54.0 24.2
4.0 32.0 49.09 71.0 52.0 59.2
13.0 49.0 17.5 -36.0 3.0 48.4
13.0 33.0 43.98 -48.0 9.0 4.2
13.0 3.0 33.6 -46.0 35.0 6.0
9.0 50.0 10.53 67.0 30.0 24.3
10.0 5.0 6.4 66.0 33.0 32.0
9.0 55.0 52.73 69.0 40.0 45.8
13.0 13.0 9.16 -44.0 53.0 23.8
8.0 23.0 55.1 71.0 1.0 56.0
9.0 47.0 15.46 67.0 54.0 59.0
8.0 34.0 7.2 66.0 10.0 54.0
13.0 5.0 27.48 -49.0 28.0 5.6