7886.93028012
7886.93028711
7886.9302941
7886.93030107
7886.93030804
7886.93031501
7886.93032196
7886.93032891
7886.93033586
7886.9303428
7886.93034973
7886.93035665
7886.93036357
7886.93037048
7886.93037739
7886.93038429
7886.93039118
7886.93039807
7886.93040494
7886.93041182
7886.93041868
7886.93042554
7886.9304324
7886.93043924
7886.93044608
7886.93045292
7886.93045975
7886.93046657
7886.93047338
7886.93048019
7886.93048699
7886.93049378
7886.93050057
7886.93050735
7886.93051413
7886.9305209
7886.93052766
7886.93053442
7886.93054117
7886.93054791
7886.93055464
7886.93056137
7886.9305681
7886.93057481
7886.93058152
7886.93058823
7886.93059493
7886.93060162
7886.9306083
7886.93061498
7886.93062165
7886.93062831
7886.93063497
7886.93064162
7886.93064827
7886.93065491
7886.93066154
7886.93066817
7886.93067479
7886.9306814
7886.930688
7886.9306946
7886.9307012
7886.93070778
7886.93071436
7886.93072094
7886.93072751
7886.93073407
7886.93074062
7886.93074717
7886.93075371
7886.93076024
7886.93076677
7886.93077329
7886.93077981
7886.93078632
7886.93079282
7886.93079932
7886.93080581
7886.93081229
7886.93081876
7886.93082523
7886.9308317
7886.93083815
7886.9308446
7886.93085105
7886.93085748
7886.93086392
7886.93087034
7886.93087676
7886.93088317
7886.93088957
7886.93089597
7886.93090236
7886.93090875
7886.93091513
7886.9309215
7886.93092786
7886.93093422
7886.93094058
7886.93094692
7886.93095326
7886.9309596
7886.93096592
7886.93097224
7886.93097856
7886.93098486
7886.93099116
7886.93099746
7886.93100375
7886.93101003
7886.9310163
7886.93102257
7886.93102883
7886.93103509
7886.93104133
7886.93104758
7886.93105381
7886.93106004
7886.93106626
7886.93107248
7886.93107869
7886.93108489
7886.93109109
7886.93109728
7886.93110346
7886.93110964
7886.93111581
7886.93112197
7886.93112813
7886.93113428
7886.93114043
7886.93114657
7886.9311527
7886.93115882
7886.93116494
7886.93117105
7886.93117716
7886.93118326
7886.93118935
7886.93119544
7886.93120152
7886.93120759
7886.93121366
7886.93121972
7886.93122577
7886.93123182
7886.93123786
7886.93124389
7886.93124992
7886.93125594
7886.93126195
7886.93126796
7886.93127396
7886.93127996
7886.93128595
7886.93129193
7886.93129791
7886.93130387
7886.93130984
7886.93131579
7886.93132174
7886.93132769
7886.93133362
7886.93133955
7886.93134548
7886.93135139
7886.9313573
7886.93136321
7886.9313691
7886.931375
7886.93138088
7886.93138676
7886.93139263
7886.93139849
7886.93140435
7886.9314102
7886.93141605
7886.93142189
7886.93142772
7886.93143355
7886.93143937
7886.93144518
7886.93145099
7886.93145679
7886.93146258
7886.93146837
7886.93147415
7886.93147992
7886.93148569
7886.93149145
7886.9314972
7886.93150295
7886.93150869
7886.93151443
7886.93152016
7886.93152588
7886.93153159
7886.9315373
7886.93154301
7886.9315487
7886.93155439
7886.93156007
7886.93156575
7886.93157142
7886.93157708
7886.93158274
7886.93158839
7886.93159404
7886.93159967
7886.9316053
7886.93161093
7886.93161655
7886.93162216
7886.93162776
7886.93163336
7886.93163895
7886.93164454
7886.93165012
7886.93165569
7886.93166125
7886.93166681
7886.93167237
7886.93167791
7886.93168345
7886.93168899
7886.93169451
7886.93170003
7886.93170555
7886.93171106
7886.93171656
7886.93172205
7886.93172754
7886.93173302
7886.93173849
7886.93174396
7886.93174942
7886.93175488
7886.93176033
7886.93176577
7886.93177121
7886.93177664
7886.93178206
7886.93178748
7886.93179289
7886.93179829
7886.93180369
7886.93180908
7886.93181446
7886.93181984
7886.93182521
7886.93183057
7886.93183593
7886.93184128
7886.93184663
7886.93185196
7886.9318573
7886.93186262
7886.93186794
7886.93187325
7886.93187856
7886.93188386
7886.93188915
7886.93189444
7886.93189972
7886.93190499
7886.93191026
7886.93191552
7886.93192077
7886.93192602
7886.93193126
7886.93193649
7886.93194172
7886.93194694
7886.93195216
7886.93195736
7886.93196257
7886.93196776
7886.93197295
7886.93197813
7886.93198331
7886.93198848
7886.93199364
7886.9319988
7886.93200395
7886.93200909
7886.93201423
7886.93201936
7886.93202448
7886.9320296
7886.93203471
7886.93203981
7886.93204491
7886.93205
7886.93205509
7886.93206016
7886.93206524
7886.9320703
7886.93207536
7886.93208041
7886.93208546
7886.9320905
7886.93209553
7886.93210056
7886.93210558
7886.93211059
7886.9321156
7886.9321206
7886.93212559
7886.93213058
7886.93213556
7886.93214053
7886.9321455
7886.93215046
7886.93215541
7886.93216036
7886.9321653
7886.93217024
7886.93217517
7886.93218009
7886.93218501
7886.93218992
7886.93219482
7886.93219971
7886.9322046
7886.93220949
7886.93221436
7886.93221923
7886.9322241
7886.93222895
7886.93223381
7886.93223865
7886.93224349
7886.93224832
7886.93225314
7886.93225796
7886.93226277
7886.93226758
7886.93227238
7886.93227717
7886.93228195
7886.93228673
7886.93229151
7886.93229627
7886.93230103
7886.93230578
7886.93231053
7886.93231527
7886.93232
7886.93232473
7886.93232945
7886.93233417
7886.93233887
7886.93234357
7886.93234827
7886.93235296
7886.93235764
7886.93236231
7886.93236698
7886.93237164
7886.9323763
7886.93238095
7886.93238559
7886.93239023
7886.93239486
7886.93239948
7886.9324041
7886.93240871
7886.93241331
7886.93241791
7886.9324225
7886.93242708
7886.93243166
7886.93243623
7886.9324408
7886.93244535
7886.9324499
7886.93245445
7886.93245899
7886.93246352
7886.93246805
7886.93247256
7886.93247708
7886.93248158
7886.93248608
7886.93249058
7886.93249506
7886.93249954
7886.93250402
7886.93250848
7886.93251294
7886.9325174
7886.93252184
7886.93252629
7886.93253072
7886.93253515
7886.93253957
7886.93254398
7886.93254839
7886.93255279
7886.93255719
7886.93256158
7886.93256596
7886.93257034
7886.93257471
7886.93257907
7886.93258343
7886.93258778
7886.93259212
7886.93259646
7886.93260079
7886.93260511
7886.93260943
7886.93261374
7886.93261804
7886.93262234
7886.93262663
7886.93263092
7886.9326352
7886.93263947
7886.93264373
7886.93264799
7886.93265224
7886.93265649
7886.93266073
7886.93266496
7886.93266919
7886.93267341
7886.93267762
7886.93268183
7886.93268603
7886.93269022
7886.93269441
7886.93269859
7886.93270277
7886.93270693
7886.9327111
7886.93271525
7886.9327194
7886.93272354
7886.93272768
7886.9327318
7886.93273593
7886.93274004
7886.93274415
7886.93274825
7886.93275235
7886.93275644
7886.93276052
7886.9327646
7886.93276867
7886.93277273
7886.93277679
7886.93278084
7886.93278489
7886.93278893
7886.93279296
7886.93279698
7886.932801
7886.93280501
7886.93280902
7886.93281302
7886.93281701
7886.93282099
7886.93282497
7886.93282895
7886.93283291
7886.93283687
7886.93284082
7886.93284477
7886.93284871
7886.93285265
7886.93285657
7886.93286049
7886.93286441
7886.93286832
7886.93287222
7886.93287611
7886.93288
7886.93288388
7886.93288776
7886.93289163
7886.93289549
7886.93289934
7886.93290319
7886.93290704
7886.93291087
7886.9329147
7886.93291852
7886.93292234
7886.93292615
7886.93292995
7886.93293375
7886.93293754
7886.93294133
7886.9329451
7886.93294888
7886.93295264
7886.9329564
7886.93296015
7886.9329639
7886.93296763
7886.93297137
7886.93297509
7886.93297881
7886.93298252
7886.93298623
7886.93298993
7886.93299362
7886.93299731
7886.93300099
7886.93300466
7886.93300833
7886.93301199
7886.93301565
7886.93301929
7886.93302293
7886.93302657
7886.9330302
7886.93303382
7886.93303743
7886.93304104
7886.93304464
7886.93304824
7886.93305183
7886.93305541
7886.93305899
7886.93306256
7886.93306612
7886.93306968
7886.93307323
7886.93307677
7886.93308031
7886.93308384
7886.93308736
7886.93309088
7886.93309439
7886.9330979
7886.93310139
7886.93310489
7886.93310837
7886.93311185
7886.93311532
7886.93311879
7886.93312225
7886.9331257
7886.93312914
7886.93313258
7886.93313602
7886.93313944
7886.93314286
7886.93314628
7886.93314968
7886.93315308
7886.93315648
7886.93315987
7886.93316325
7886.93316662
7886.93316999
7886.93317335
7886.93317671
7886.93318005
7886.9331834
7886.93318673
7886.93319006
7886.93319338
7886.9331967
7886.93320001
7886.93320331
7886.93320661
7886.9332099
7886.93321318
7886.93321646
7886.93321973
7886.93322299
7886.93322625
7886.9332295
7886.93323275
7886.93323598
7886.93323922
7886.93324244
7886.93324566
7886.93324887
7886.93325208
7886.93325527
7886.93325847
7886.93326165
7886.93326483
7886.93326801
7886.93327117
7886.93327433
7886.93327749
7886.93328063
7886.93328377
7886.93328691
7886.93329003
7886.93329315
7886.93329627
7886.93329938
7886.93330248
7886.93330557
7886.93330866
7886.93331174
7886.93331482
7886.93331789
7886.93332095
7886.93332401
7886.93332706
7886.9333301
7886.93333313
7886.93333616
7886.93333919
7886.9333422
7886.93334522
7886.93334822
7886.93335122
7886.93335421
7886.93335719
7886.93336017
7886.93336314
7886.93336611
7886.93336906
7886.93337202
7886.93337496
7886.9333779
7886.93338083
7886.93338376
7886.93338668
7886.93338959
7886.9333925
7886.9333954
7886.93339829
7886.93340118
7886.93340406
7886.93340693
7886.9334098
7886.93341266
7886.93341551
7886.93341836
7886.9334212
7886.93342404
7886.93342686
7886.93342969
7886.9334325
7886.93343531
7886.93343811
7886.93344091
7886.9334437
7886.93344648
7886.93344926
7886.93345203
7886.93345479
7886.93345755
7886.9334603
7886.93346304
7886.93346578
7886.93346851
7886.93347123
7886.93347395
7886.93347666
7886.93347937
7886.93348206
7886.93348476
7886.93348744
7886.93349012
7886.93349279
7886.93349546
7886.93349812
7886.93350077
7886.93350342
7886.93350606
7886.93350869
7886.93351132
7886.93351394
7886.93351655
7886.93351916
7886.93352176
7886.93352435
7886.93352694
7886.93352952
7886.93353209
7886.93353466
7886.93353722
7886.93353978
7886.93354233
7886.93354487
7886.93354741
7886.93354994
7886.93355246
7886.93355497
7886.93355748
7886.93355999
7886.93356248
7886.93356497
7886.93356746
7886.93356993
7886.9335724
7886.93357487
7886.93357733
7886.93357978
7886.93358222
7886.93358466
7886.93358709
7886.93358952
7886.93359194
7886.93359435
7886.93359675
7886.93359915
7886.93360154
7886.93360393
7886.93360631
7886.93360868
7886.93361105
7886.93361341
7886.93361576
7886.93361811
7886.93362045
7886.93362278
7886.93362511
7886.93362743
7886.93362975
7886.93363206
7886.93363436
7886.93363665
7886.93363894
7886.93364122
7886.9336435
7886.93364577
7886.93364803
7886.93365029
7886.93365254
7886.93365478
7886.93365701
7886.93365924
7886.93366147
7886.93366369
7886.9336659
7886.9336681
7886.9336703
7886.93367249
7886.93367467
7886.93367685
7886.93367902
7886.93368119
7886.93368335
7886.9336855
7886.93368764
7886.93368978
7886.93369191
7886.93369404
7886.93369616
7886.93369827
7886.93370038
7886.93370248
7886.93370457
7886.93370666
7886.93370874
7886.93371081
7886.93371288
7886.93371494
7886.933717
7886.93371904
7886.93372109
7886.93372312
7886.93372515
7886.93372717
7886.93372919
7886.93373119
7886.9337332
7886.93373519
7886.93373718
7886.93373917
7886.93374114
7886.93374311
7886.93374507
7886.93374703
7886.93374898
7886.93375093
7886.93375286
7886.93375479
7886.93375672
7886.93375864
7886.93376055
7886.93376245
7886.93376435
7886.93376624
7886.93376813
7886.93377001
7886.93377188
7886.93377374
7886.9337756
7886.93377746
7886.9337793
7886.93378114
7886.93378298
7886.9337848
7886.93378662
7886.93378844
7886.93379024
7886.93379204
7886.93379384
7886.93379563
7886.93379741
7886.93379918
7886.93380095
7886.93380271
7886.93380447
7886.93380622
7886.93380796
7886.93380969
7886.93381142
7886.93381315
7886.93381486
7886.93381657
7886.93381828
7886.93381997
7886.93382166
7886.93382335
7886.93382502
7886.93382669
7886.93382836
7886.93383002
7886.93383167
7886.93383331
7886.93383495
7886.93383658
7886.93383821
7886.93383983
7886.93384144
7886.93384304
7886.93384464
7886.93384624
7886.93384782
7886.9338494
7886.93385097
7886.93385254
7886.9338541
7886.93385566
7886.9338572
7886.93385874
7886.93386028
7886.9338618
7886.93386333
7886.93386484
7886.93386635
7886.93386785
7886.93386935
7886.93387083
7886.93387232
7886.93387379
7886.93387526
7886.93387672
7886.93387818
7886.93387963
7886.93388107
7886.93388251
7886.93388394
7886.93388536
7886.93388678
7886.93388819
7886.93388959
7886.93389099
7886.93389238
7886.93389377
7886.93389515
7886.93389652
7886.93389788
7886.93389924
7886.93390059
7886.93390194
7886.93390328
7886.93390461
7886.93390594
7886.93390725
7886.93390857
7886.93390987
7886.93391117
7886.93391247
7886.93391376
7886.93391504
7886.93391631
7886.93391758
7886.93391884
7886.93392009
7886.93392134
7886.93392258
7886.93392382
7886.93392505
7886.93392627
7886.93392748
7886.93392869
7886.93392989
7886.93393109
7886.93393228
7886.93393346
7886.93393464
7886.93393581
7886.93393697
7886.93393813
7886.93393928
7886.93394042
7886.93394156
7886.93394269
7886.93394382
7886.93394493
7886.93394605
7886.93394715
7886.93394825
7886.93394934
7886.93395043
7886.93395151
7886.93395258
7886.93395364
7886.9339547
7886.93395576
7886.9339568
7886.93395784
7886.93395888
7886.9339599
7886.93396092
7886.93396194
7886.93396294
7886.93396394
7886.93396494
7886.93396593
7886.93396691
7886.93396788
7886.93396885
7886.93396981
7886.93397077
7886.93397172
7886.93397266
7886.9339736
7886.93397452
7886.93397545
7886.93397636
7886.93397727
7886.93397818
7886.93397907
7886.93397996
7886.93398085
7886.93398173
7886.9339826
7886.93398346
7886.93398432
7886.93398517
7886.93398601
7886.93398685
7886.93398768
7886.93398851
7886.93398933
7886.93399014
7886.93399095
7886.93399175
7886.93399254
7886.93399332
7886.9339941
7886.93399488
7886.93399564
7886.9339964
7886.93399716
7886.93399791
7886.93399865
7886.93399938
7886.93400011
7886.93400083
7886.93400154
7886.93400225
7886.93400295
7886.93400365
7886.93400434
7886.93400502
7886.9340057
7886.93400636
7886.93400703
7886.93400768
7886.93400833
7886.93400898
7886.93400961
7886.93401024
7886.93401087
7886.93401148
7886.93401209
7886.9340127
7886.9340133
7886.93401389
7886.93401447
7886.93401505
7886.93401562
7886.93401619
7886.93401675
7886.9340173
7886.93401784
7886.93401838
7886.93401891
7886.93401944
7886.93401996
7886.93402047
7886.93402098
7886.93402148
7886.93402197
7886.93402246
7886.93402294
7886.93402342
7886.93402388
7886.93402434
7886.9340248
7886.93402525
7886.93402569
7886.93402612
7886.93402655
7886.93402697
7886.93402739
7886.9340278
7886.9340282
7886.9340286
7886.93402899
7886.93402937
7886.93402975
7886.93403012
7886.93403048
7886.93403084
7886.93403119
7886.93403153
7886.93403187
7886.9340322
7886.93403252
7886.93403284
7886.93403315
7886.93403346
7886.93403376
7886.93403405
7886.93403433
7886.93403461
7886.93403489
7886.93403515
7886.93403541
7886.93403566
7886.93403591
7886.93403615
7886.93403638
7886.93403661
7886.93403683
7886.93403705
7886.93403725
7886.93403745
7886.93403765
7886.93403784
7886.93403802
7886.93403819
7886.93403836
7886.93403852
7886.93403868
7886.93403883
7886.93403897
7886.9340391
7886.93403923
7886.93403936
7886.93403947
7886.93403958
7886.93403969
7886.93403978
7886.93403987
7886.93403996
7886.93404003
7886.93404011
7886.93404017
7886.93404023
7886.93404028
7886.93404032
7886.93404036
7886.93404039
7886.93404042
7886.93404044
7886.93404045
7886.93404046
7886.93404046
7886.93404045
7886.93404043
7886.93404041
7886.93404039
7886.93404035
7886.93404031
7886.93404027
7886.93404022
7886.93404016
7886.93404009
7886.93404002
7886.93403994
7886.93403985
7886.93403976
7886.93403966
7886.93403956
7886.93403945
7886.93403933
7886.93403921
7886.93403908
7886.93403894
7886.93403879
7886.93403864
7886.93403849
7886.93403832
7886.93403815
7886.93403798
7886.9340378
7886.93403761
7886.93403741
7886.93403721
7886.934037
7886.93403678
7886.93403656
7886.93403633
7886.9340361
7886.93403586
7886.93403561
7886.93403536
7886.93403509
7886.93403483
7886.93403455
7886.93403427
7886.93403399
7886.93403369
7886.93403339
7886.93403309
7886.93403277
7886.93403245
7886.93403213
7886.9340318
7886.93403146
7886.93403111
7886.93403076
7886.9340304
7886.93403004
7886.93402966
7886.93402929
7886.9340289
7886.93402851
7886.93402811
7886.93402771
7886.9340273
7886.93402688
7886.93402646
7886.93402603
7886.93402559
7886.93402515
7886.9340247
7886.93402424
7886.93402378
7886.93402331
7886.93402284
7886.93402236
7886.93402187
7886.93402137
7886.93402087
7886.93402036
7886.93401985
7886.93401933
7886.9340188
7886.93401827
7886.93401773
7886.93401718
7886.93401662
7886.93401606
7886.9340155
7886.93401492
7886.93401435
7886.93401376
7886.93401317
7886.93401257
7886.93401196
7886.93401135
7886.93401073
7886.93401011
7886.93400947
7886.93400884
7886.93400819
7886.93400754
7886.93400688
7886.93400622
7886.93400555
7886.93400487
7886.93400419
7886.9340035
7886.9340028
7886.9340021
7886.93400139
7886.93400067
7886.93399995
7886.93399922
7886.93399849
7886.93399774
7886.93399699
7886.93399624
7886.93399548
7886.93399471
7886.93399393
7886.93399315
7886.93399237
7886.93399157
7886.93399077
7886.93398996
7886.93398915
7886.93398833
7886.9339875
7886.93398667
7886.93398583
7886.93398498
7886.93398413
7886.93398327
7886.93398241
7886.93398153
7886.93398066
7886.93397977
7886.93397888
7886.93397798
7886.93397708
7886.93397616
7886.93397525
7886.93397432
7886.93397339
7886.93397245
7886.93397151
7886.93397056
7886.9339696
7886.93396864
7886.93396767
7886.93396669
7886.93396571
7886.93396472
7886.93396373
7886.93396272
7886.93396172
7886.9339607
7886.93395968
7886.93395865
7886.93395762
7886.93395657
7886.93395553
7886.93395447
7886.93395341
7886.93395234
7886.93395127
7886.93395019
7886.9339491
7886.93394801
7886.93394691
7886.9339458
7886.93394469
7886.93394357
7886.93394244
7886.93394131
7886.93394017
7886.93393903
7886.93393788
7886.93393672
7886.93393555
7886.93393438
7886.9339332
7886.93393202
7886.93393083
7886.93392963
7886.93392843
7886.93392722
7886.933926
7886.93392478
7886.93392355
7886.93392231
7886.93392107
7886.93391982
7886.93391856
7886.9339173
7886.93391603
7886.93391475
7886.93391347
7886.93391218
7886.93391089
7886.93390959
7886.93390828
7886.93390697
7886.93390564
7886.93390432
7886.93390298
7886.93390164
7886.9339003
7886.93389894
7886.93389758
7886.93389622
7886.93389484
7886.93389346
7886.93389208
7886.93389068
7886.93388928
7886.93388788
7886.93388647
7886.93388505
7886.93388362
7886.93388219
7886.93388075
7886.93387931
7886.93387786
7886.9338764
7886.93387494
7886.93387347
7886.93387199
7886.93387051
7886.93386902
7886.93386752
7886.93386602
7886.93386451
7886.93386299
7886.93386147
7886.93385994
7886.9338584
7886.93385686
7886.93385531
7886.93385376
7886.93385219
7886.93385063
7886.93384905
7886.93384747
7886.93384588
7886.93384429
7886.93384269
7886.93384108
7886.93383947
7886.93383785
7886.93383622
7886.93383459
7886.93383295
7886.9338313
7886.93382965
7886.93382799
7886.93382632
7886.93382465
7886.93382297
7886.93382129
7886.9338196
7886.9338179
7886.93381619
7886.93381448
7886.93381276
7886.93381104
7886.93380931
7886.93380757
7886.93380583
7886.93380408
7886.93380232
7886.93380056
7886.93379879
7886.93379701
7886.93379523
7886.93379344
7886.93379164
7886.93378984
7886.93378803
7886.93378622
7886.9337844
7886.93378257
7886.93378073
7886.93377889
7886.93377704
7886.93377519
7886.93377333
7886.93377146
7886.93376959
7886.93376771
7886.93376582
7886.93376393
7886.93376203
7886.93376012
7886.93375821
7886.93375629
7886.93375436
7886.93375243
7886.93375049
7886.93374855
7886.93374659
7886.93374464
7886.93374267
7886.9337407
7886.93373872
7886.93373674
7886.93373475
7886.93373275
7886.93373074
7886.93372873
7886.93372672
7886.93372469
7886.93372266
7886.93372063
7886.93371858
7886.93371653
7886.93371448
7886.93371242
7886.93371035
7886.93370827
7886.93370619
7886.9337041
7886.93370201
7886.9336999
7886.9336978
7886.93369568
7886.93369356
7886.93369143
7886.9336893
7886.93368716
7886.93368501
7886.93368286
7886.9336807
7886.93367853
7886.93367636
7886.93367418
7886.93367199
7886.9336698
7886.9336676
7886.9336654
7886.93366318
7886.93366097
7886.93365874
7886.93365651
7886.93365427
7886.93365203
7886.93364978
7886.93364752
7886.93364525
7886.93364298
7886.93364071
7886.93363842
7886.93363613
7886.93363384
7886.93363153
7886.93362922
7886.93362691
7886.93362458
7886.93362225
7886.93361992
7886.93361758
7886.93361523
7886.93361287
7886.93361051
7886.93360814
7886.93360577
7886.93360339
7886.933601
7886.93359861
7886.9335962
7886.9335938
7886.93359138
7886.93358896
7886.93358654
7886.9335841
7886.93358166
7886.93357922
7886.93357677
7886.93357431
7886.93357184
7886.93356937
7886.93356689
7886.9335644
7886.93356191
7886.93355941
7886.93355691
7886.9335544
7886.93355188
7886.93354936
7886.93354683
7886.93354429
7886.93354174
7886.93353919
7886.93353664
7886.93353407
7886.9335315
7886.93352893
7886.93352634
7886.93352376
7886.93352116
7886.93351856
7886.93351595
7886.93351333
7886.93351071
7886.93350808
7886.93350545
7886.93350281
7886.93350016
7886.9334975
7886.93349484
7886.93349218
7886.9334895
7886.93348682
7886.93348414
7886.93348144
7886.93347874
7886.93347604
7886.93347332
7886.9334706
7886.93346788
7886.93346514
7886.93346241
7886.93345966
7886.93345691
7886.93345415
7886.93345139
7886.93344861
7886.93344584
7886.93344305
7886.93344026
7886.93343746
7886.93343466
7886.93343185
7886.93342903
7886.93342621
7886.93342338
7886.93342054
7886.9334177
7886.93341485
7886.93341199
7886.93340913
7886.93340626
7886.93340339
7886.9334005
7886.93339762
7886.93339472
7886.93339182
7886.93338891
7886.933386
7886.93338308
7886.93338015
7886.93337721
7886.93337427
7886.93337133
7886.93336837
7886.93336541
7886.93336245
7886.93335947
7886.93335649
7886.93335351
7886.93335051
7886.93334752
7886.93334451
7886.9333415
7886.93333848
7886.93333545
7886.93333242
7886.93332938
7886.93332634
7886.93332329
7886.93332023
7886.93331717
7886.9333141
7886.93331102
7886.93330794
7886.93330484
7886.93330175
7886.93329865
7886.93329554
7886.93329242
7886.9332893
7886.93328617
7886.93328303
7886.93327989
7886.93327674
7886.93327359
7886.93327042
7886.93326726
7886.93326408
7886.9332609
7886.93325771
7886.93325452
7886.93325132
7886.93324811
7886.9332449
7886.93324168
7886.93323845
7886.93323522
7886.93323198
7886.93322873
7886.93322548
7886.93322222
7886.93321895
7886.93321568
7886.9332124
7886.93320912
7886.93320582
7886.93320253
7886.93319922
7886.93319591
7886.93319259
7886.93318927
7886.93318594
7886.9331826
7886.93317926
7886.9331759
7886.93317255
7886.93316918
7886.93316581
7886.93316244
7886.93315906
7886.93315567
7886.93315227
7886.93314887
7886.93314546
7886.93314204
7886.93313862
7886.93313519
7886.93313176
7886.93312832
7886.93312487
7886.93312141
7886.93311795
7886.93311449
7886.93311101
7886.93310753
7886.93310405
7886.93310055
7886.93309705
7886.93309355
7886.93309003
7886.93308651
7886.93308299
7886.93307945
7886.93307592
7886.93307237
7886.93306882
7886.93306526
7886.93306169
7886.93305812
7886.93305454
7886.93305096
7886.93304737
7886.93304377
7886.93304017
7886.93303656
7886.93303294
7886.93302932
7886.93302569
7886.93302205
7886.93301841
7886.93301476
7886.9330111
7886.93300744
7886.93300377
7886.93300009
7886.93299641
7886.93299272
7886.93298903
7886.93298533
7886.93298162
7886.9329779
7886.93297418
7886.93297046
7886.93296672
7886.93296298
7886.93295923
7886.93295548
7886.93295172
7886.93294795
7886.93294418
7886.9329404
7886.93293661
7886.93293282
7886.93292902
7886.93292522
7886.9329214
7886.93291759
7886.93291376
7886.93290993
7886.93290609
7886.93290225
7886.9328984
7886.93289454
7886.93289067
7886.9328868
7886.93288293
7886.93287904
7886.93287515
7886.93287125
7886.93286735
7886.93286344
7886.93285953
7886.9328556
7886.93285167
7886.93284774
7886.9328438
7886.93283985
7886.93283589
7886.93283193
7886.93282796
7886.93282399
7886.93282001
7886.93281602
7886.93281202
7886.93280802
7886.93280401
7886.9328
7886.93279598
7886.93279195
7886.93278792
7886.93278388
7886.93277983
7886.93277578
7886.93277172
7886.93276766
7886.93276358
7886.93275951
7886.93275542
7886.93275133
7886.93274723
7886.93274312
7886.93273901
7886.9327349
7886.93273077
7886.93272664
7886.9327225
7886.93271836
7886.93271421
7886.93271005
7886.93270589
7886.93270172
7886.93269754
7886.93269336
7886.93268917
7886.93268497
7886.93268077
7886.93267656
7886.93267235
7886.93266812
7886.9326639
7886.93265966
7886.93265542
7886.93265117
7886.93264692
7886.93264266
7886.93263839
7886.93263411
7886.93262983
7886.93262555
7886.93262125
7886.93261695
7886.93261265
7886.93260833
7886.93260401
7886.93259969
7886.93259536
7886.93259102
7886.93258667
7886.93258232
7886.93257796
7886.9325736
7886.93256922
7886.93256485
7886.93256046
7886.93255607
7886.93255167
7886.93254727
7886.93254286
7886.93253844
7886.93253402
7886.93252959
7886.93252515
7886.93252071
7886.93251626
7886.9325118
7886.93250734
7886.93250287
7886.93249839
7886.93249391
7886.93248942
7886.93248493
7886.93248043
7886.93247592
7886.9324714
7886.93246688
7886.93246235
7886.93245782
7886.93245328
7886.93244873
7886.93244418
7886.93243962
7886.93243505
7886.93243048
7886.9324259
7886.93242131
7886.93241672
7886.93241212
7886.93240751
7886.9324029
7886.93239828
7886.93239366
7886.93238903
7886.93238439
7886.93237974
7886.93237509
7886.93237043
7886.93236577
7886.9323611
7886.93235642
7886.93235174
7886.93234705
7886.93234235
7886.93233765
7886.93233294
7886.93232822
7886.9323235
7886.93231877
7886.93231403
7886.93230929
7886.93230454
7886.93229979
7886.93229503
7886.93229026
7886.93228548
7886.9322807
7886.93227591
7886.93227112
7886.93226632
7886.93226151
7886.9322567
7886.93225188
7886.93224705
7886.93224222
7886.93223738
7886.93223253
7886.93222768
7886.93222282
7886.93221795
7886.93221308
7886.9322082
7886.93220331
7886.93219842
7886.93219352
7886.93218862
7886.93218371
7886.93217879
7886.93217386
7886.93216893
7886.932164
7886.93215905
7886.9321541
7886.93214914
7886.93214418
7886.93213921
7886.93213423
7886.93212925
7886.93212426
7886.93211927
7886.93211426
7886.93210925
7886.93210424
7886.93209922
7886.93209419
7886.93208915
7886.93208411
7886.93207906
7886.93207401
7886.93206895
7886.93206388
7886.93205881
7886.93205372
7886.93204864
7886.93204354
7886.93203844
7886.93203334
7886.93202822
7886.9320231
7886.93201798
7886.93201285
7886.93200771
7886.93200256
7886.93199741
7886.93199225
7886.93198708
7886.93198191
7886.93197673
7886.93197155
7886.93196636
7886.93196116
7886.93195596
7886.93195075
7886.93194553
7886.93194031
7886.93193508
7886.93192984
7886.9319246
7886.93191935
7886.93191409
7886.93190883
7886.93190356
7886.93189828
7886.931893
7886.93188771
7886.93188242
7886.93187711
7886.9318718
7886.93186649
7886.93186117
7886.93185584
7886.93185051
7886.93184517
7886.93183982
7886.93183446
7886.9318291
7886.93182374
7886.93181836
7886.93181298
7886.9318076
7886.93180221
7886.93179681
7886.9317914
7886.93178599
7886.93178057
7886.93177514
7886.93176971
7886.93176427
7886.93175883
7886.93175338
7886.93174792
7886.93174245
7886.93173698
7886.93173151
7886.93172602
7886.93172053
7886.93171503
7886.93170953
7886.93170402
7886.9316985
7886.93169298
7886.93168745
7886.93168192
7886.93167637
7886.93167083
7886.93166527
7886.93165971
7886.93165414
7886.93164856
7886.93164298
7886.93163739
7886.9316318
7886.9316262
7886.93162059
7886.93161498
7886.93160936
7886.93160373
7886.9315981
7886.93159246
7886.93158681
7886.93158116
7886.9315755
7886.93156983
7886.93156416
7886.93155848
7886.93155279
7886.9315471
7886.9315414
7886.9315357
7886.93152999
7886.93152427
7886.93151854
7886.93151281
7886.93150708
7886.93150133
7886.93149558
7886.93148982
7886.93148406
7886.93147829
7886.93147251
7886.93146673
7886.93146094
7886.93145514
7886.93144934
7886.93144353
7886.93143772
7886.93143189
7886.93142607
7886.93142023
7886.93141439
7886.93140854
7886.93140269
7886.93139682
7886.93139096
7886.93138508
7886.9313792
7886.93137331
7886.93136742
7886.93136152
7886.93135561
7886.9313497
7886.93134378
7886.93133785
7886.93133192
7886.93132598
7886.93132004
7886.93131408
7886.93130813
7886.93130216
7886.93129619
7886.93129021
7886.93128422
7886.93127823
7886.93127224
7886.93126623
7886.93126022
