595.405542342
378.379780651
185.0504465
95.8589730863
94.0834950887
163.5633301
330.988073989
555.578061355
680.558370815
598.744276423
382.617521576
187.754600555
96.6465483545
93.587238765
161.551416683
327.168863638
551.992896072
680.264089545
602.038626736
386.866606653
190.496119051
97.4627183753
93.1127265514
159.573782166
323.371607961
548.371335364
679.895049062
605.287590476
391.126199065
193.274917428
98.3077541753
92.6598572718
157.630246919
319.597049685
544.714525118
679.451305172
608.490172401
395.39545033
196.09089869
99.1819279356
92.228538409
155.720622096
315.845912809
541.023619517
678.932939676
611.645385377
399.673500427
198.943953276
100.085512642
91.8186862591
153.84471
312.118902424
537.299780454
678.340060479
614.752250773
403.959478006
201.833958908
101.018781792
91.4302260325
152.002304606
308.416704503
533.544176921
677.672801579
617.809798994
408.25250057
204.760780451
101.982009127
91.0630918623
150.193191926
304.739985731
529.757984359
676.931323103
620.81706976
412.551674667
207.72426983
102.975468367
90.7172269174
148.417150435
301.08939335
525.942384105
676.115811384
623.773112897
416.856096099
210.724265825
103.999432862
90.3925834853
146.673951678
297.465555
522.098562705
675.226478963
626.676988558
421.164850234
213.760594009
105.054175347
90.0891229351
144.963360431
293.869078593
518.227711331
674.263564454
629.527767798
425.477011827
216.833066634
106.139967631
89.8068158976
143.28513533
290.300552124
514.33102512
673.227332727
632.32453301
429.791645823
219.941482486
107.257080347
89.5456420963
141.639029274
286.760543869
510.409702598
672.118074664
635.066378331
434.107807209
223.08562688
108.40578261
89.305590538
140.024789841
283.249601986
506.464944999
670.936107252
637.752410359
438.424541378
226.265271258
109.586341747
89.0866594213
138.442159771
279.768254441
502.497955525
669.68177342
640.38174826
442.740884283
229.480173527
110.799023028
88.888856159
136.890877344
276.317009145
498.509939178
668.355442008
642.953524499
447.05586279
232.730077678
112.044089375
88.7121973449
135.370676865
272.896353867
494.50210149
666.957507606
645.466885231
451.368494893
236.014713796
113.321800959
88.5567087692
133.881289094
269.506756195
490.475648248
665.488390494
647.920990725
455.67778996
239.333797933
114.632415157
88.4224253589
132.422441652
266.148663534
486.431784863
663.948536518
650.315015895
459.982749063
242.687032064
115.976186018
88.3093910713
130.993859488
262.822503103
482.371715655
662.338416832
652.648150705
464.282365208
246.07410403
117.35336413
88.2176589446
129.595265285
259.528682028
478.296643281
660.65852784
654.919600667
468.57562363
249.494687421
118.764196282
88.1472909735
128.226379886
256.267587326
474.207768073
658.909390985
657.128587144
472.861502133
252.948441577
120.208925174
88.0983580281
126.886922698
253.039586007
470.106287422
657.091552534
659.274348066
477.13897132
256.435011478
121.687789172
88.0709397992
125.576612235
249.845025114
465.993395241
655.205583332
661.356138165
481.406995052
259.954027739
123.201022
88.0651246963
124.295166305
246.684231859
461.870281204
653.252078665
663.373229459
485.664530368
263.505106528
124.748852476
88.0810096811
123.042302597
243.557513631
457.738130266
651.231658008
665.324911755
489.910528369
267.087849552
126.331504226
88.1187003016
121.817739035
240.465158436
453.598122001
649.144964591
667.210492934
494.143934181
270.701844091
127.949195444
88.1783104327
120.621194144
237.40743456
449.451429932
646.992665348
669.029299585
498.363687386
274.346662644
129.60213857
88.2599622184
119.452387488
234.384591043
445.299221319
644.775450517
670.780677206
502.568722369
278.021863413
131.290540106
88.3637858938
118.311040036
231.396857758
441.142655977
642.494033345
672.463990775
506.757968629
281.726989922
133.014600175
88.489919717
117.196874533
228.444445603
436.982886118
640.149149657
674.078625037
510.930351203
285.461571123
134.774512508
88.6385096947
116.109615888
225.5275467
432.821055605
637.741557899
675.623985004
515.084790989
289.225121355
136.570464006
88.809709545
115.048991538
222.646334577
428.658299624
635.272038279
677.099496285
519.220205103
293.017140405
138.402634531
89.0036804628
114.014731794
219.800964423
424.495743834
632.741392719
678.5046055
523.335507348
296.837113408
140.271196658
89.2205909611
113.006570206
216.991573291
420.334503861
630.150444396
679.838780586
527.429608432
300.684510966
142.176315433
89.4606166902
112.024243874
214.218280384
416.175685003
627.500037354
681.10151125
531.501416537
304.558789099
144.118148089
89.7239402411
111.067493884
211.481187267
412.020381506
624.791036078
682.292309322
535.549837669
308.459389273
146.096843845
90.0107509704
110.1360655
208.780378172
407.869676066
622.024325103
683.410709026
539.573775798
312.385738458
148.112543633
90.3212447906
109.22970855
206.115920226
403.724639398
619.200808568
684.456267402
543.572133763
316.337249128
150.165379872
90.6556239437
108.348177733
203.487863964
399.586329668
616.321409764
685.428564581
547.543813303
320.313319413
152.25547624
91.0140968068
107.491232932
200.896243282
395.455792037
613.387070624
686.327204135
551.487715616
324.313332768
154.382947438
91.3968776923
106.658639454
198.341075998
391.334058125
610.398751359
687.151813372
555.402741789
328.336658578
156.547898914
91.80418658
105.850168391
195.822364118
387.22214587
607.357429918
687.902043625
559.287793162
332.382651859
158.750426806
92.2362489289
105.065596805
193.340094159
383.12105858
604.264101423
688.577570577
563.141771847
336.4506534
160.990617403
92.69329541
104.304708067
190.894237544
379.031784818
601.119777704
689.178094512
566.963581147
340.539989825
163.268547283
93.1755616931
103.567292053
188.484750881
374.955297949
597.925486997
689.703340519
570.752125936
344.649973708
165.584282897
93.683288205
102.853145415
186.111576394
370.892555667
594.682273011
690.153058875
574.506313248
348.779903627
167.937880383
94.216719831
102.16207182
183.774642259
366.844499658
591.391194643
690.527025171
578.225052612
352.929064253
170.329385414
94.7761057343
101.493882153
181.473863006
362.812055184
588.053325382
690.82504059
581.907256542
357.096726451
172.758832935
95.3616990623
100.848394706
179.20913988
358.796130733
584.669752748
691.046932097
585.551841082
361.282147427
175.226246998
95.9737566971
100.225435472
176.980361273
354.797617678
581.24157766
691.192552663
589.157726237
365.484570754
177.731640582
96.6125389873
99.6248382343
174.787403105
350.81738993
577.769914068
691.261781435
592.723836232
369.703226519
180.275015343
97.278309475
99.0464447706
172.630129162
346.856303608
574.255888079
691.254523914
596.249100388
373.937331545
182.856361523
97.971334658
98.490105059
170.508391772
342.915196765
570.70063743
691.17071211
599.732453357
378.186089469
185.475657678
98.6918836795
97.955677409
168.422031851
338.994889049
567.105311123
691.010304692
603.172835635
382.448690601
188.132870546
99.4402280776
97.4430286228
166.370879567
335.096181381
563.471068522
690.773287117
606.569194041
386.724312577
190.827954927
100.216641512
96.9520340966
164.354754732
331.219856063
559.799078894
690.459671726
609.920482296
391.012120185
193.560853263
101.021399467
96.4825780034
162.373467213
327.366675969
556.090520662
690.069497889
613.2256614
395.311265604
196.331495859
101.854778994
96.0345533643
160.426817351
323.537384662
552.346581113
689.602832038
616.483700189
399.620888538
199.139800442
102.717058435
95.6078621631
158.514596452
319.732706148
548.568455278
689.05976778
619.69357584
403.940116443
201.985672113
103.608517051
95.2024154439
156.63658719
315.953344638
544.757345582
688.440425898
622.854274334
408.268064676
204.869003147
104.529434894
94.8181334028
154.792564053
312.199984394
540.914461174
687.744954484
625.964790983
412.603836688
207.789672881
105.480092404
94.4549454415
152.982293827
308.473289565
537.041017257
686.973528863
629.02413093
416.946524226
210.747547552
106.460770152
94.1127902379
151.20553599
304.77390403
533.138234414
686.126351608
632.031309691
421.295207571
213.742480166
107.47174857
93.7916158012
149.462043214
301.10245129
529.207338042
685.203652626
634.985353402
425.648955683
216.774310361
108.513307631
93.4913794943
147.751561732
297.459534351
525.249557584
684.205688961
637.885299735
430.006826462
219.84286428
109.585726607
93.2120480782
146.073831975
293.845735609
521.266125948
683.132745055
640.730198135
434.367867092
222.947954444
110.689283733
92.953597734
144.428588785
290.261616812
517.25827883
681.985132262
643.519110339
438.731113853
226.089379631
111.824255951
92.7160140407
142.815561996
286.707718881
513.227254062
680.763189119
646.251110953
443.095592957
229.266924748
112.99091861
92.499292032
141.234476874
283.184562226
509.174290962
679.467281053
648.925287879
447.460320435
232.480360827
114.189545183
92.3034361225
139.685054529
279.692646204
505.100629631
678.097800558
651.540742822
451.824302451
235.729444603
115.420406973
92.1284601239
138.167012427
276.232449439
501.007510286
676.655166634
654.096591849
456.186535619
239.013918842
116.683772834
91.9743871885
136.680064731
272.80442975
496.896172898
675.139824972
656.591965762
460.546007246
242.333511962
117.979908911
91.841249789
135.223922828
269.409024174
492.767856039
673.552247739
659.026010732
464.901695598
245.687938029
119.309078232
91.7290896547
133.798295712
266.046649021
488.623796558
671.892933242
661.397888647
469.252570277
249.076896639
120.671540613
91.6379577235
132.402890473
262.717699884
484.465228912
670.162406061
663.706777684
473.597592396
252.500072879
122.067552259
91.5679140435
131.037412655
259.422551755
480.293384397
668.361216457
665.951872739
477.935715001
255.957137215
123.497365483
91.51902772
129.701566739
256.161559072
476.109490691
666.489940434
668.132385981
482.265883297
259.447745416
124.961228464
91.4913768288
128.395056527
252.935055862
471.914771036
664.549179319
670.24754711
486.587035049
262.971538523
126.459384954
91.4850482821
127.11758555
249.743355834
467.710443725
662.539559619
672.296604104
490.898100859
266.528142762
127.992073996
91.5001377817
125.868857597
246.586752501
463.497721459
660.461732666
674.278823493
495.198004623
270.117169498
129.559529648
91.5367496473
124.648576911
243.465519346
459.277810711
658.316374445
676.193490841
499.485663486
273.738215164
131.16198072
91.5949967284
123.456448747
240.37990992
455.051911093
656.104185112
678.039911251
503.759988754
277.390861262
132.799650501
91.6750002574
122.292179701
237.330158275
450.821214825
653.825888849
679.817409725
508.019885953
281.074674361
134.472756494
91.7768897242
121.15547813
234.316478762
446.586905969
651.482233387
681.525331633
512.264255228
284.78920574
136.18151012
91.9008027097
120.046054479
231.339066461
442.350160281
649.073989731
683.163043158
516.491991578
288.533991891
137.926116536
92.046884751
118.963621711
228.398097432
438.11214404
646.601951791
684.729931647
520.701985633
292.308554117
139.706774195
92.2152891824
117.90789562
225.493728821
433.874013823
644.066935851
686.225406113
524.893123668
296.112398639
141.523674819
92.4061769384
116.878595216
222.626099213
429.636915908
641.469780555
687.648897525
529.064288155
299.945016553
143.377002992
92.619716417
115.875443086
219.795328842
425.401985689
638.811345995
688.999859378
533.214358166
303.805883855
145.266935916
92.8560832558
114.898165684
217.001519826
421.170347162
636.092513629
690.277767751
537.342209795
307.694461422
147.193643233
93.1154601847
113.946493708
214.244756536
416.943112343
633.314185697
691.482122039
541.446716522
311.610195028
149.157286698
93.398036798
113.02016238
211.525105819
412.721380842
630.477284786
692.612445117
545.526749706
315.552515368
151.158019964
93.7040093852
112.118911861
208.842617328
408.506239248
627.582753463
693.668283707
549.581179098
319.520838024
153.195988351
94.0335806868
111.242487389
206.197323837
404.298760734
624.631553574
694.64920876
553.608872877
323.514563589
155.271328582
94.3869597227
110.390639728
203.589241521
400.100004493
621.624665989
695.554815758
557.608698694
327.533077619
157.384168558
94.764361546
109.563125348
201.018370516
395.911015341
618.563089946
696.38472503
561.579523719
331.575750794
159.534627131
95.1660070114
108.759706749
198.484694916
391.732823207
615.44784249
697.138582064
565.520215238
335.641938587
161.722813854
95.5921226033
107.98015277
195.988183339
387.566442613
612.279958163
697.816057798
569.42964109
339.730981906
163.948828772
96.0429401312
107.224238733
193.528789303
383.412872657
609.060488221
698.416848929
573.30667013
343.842206723
166.212762234
96.518696544
106.491746789
191.106451527
379.273095964
605.79050019
698.940678121
577.150172703
347.974924279
168.51469448
97.0196336619
105.782466109
188.721094377
375.148078722
602.471077217
699.387294302
580.959021196
352.128431164
170.854695716
97.5459979903
105.096193111
186.37262818
371.03877019
599.103317795
699.756472894
584.732090431
356.302009353
173.232825716
98.0980403272
104.432731686
184.060949717
366.946102299
595.688334706
700.048016019
588.468258199
360.494926344
175.649133617
98.6760156891
103.791893406
181.785942548
362.870989332
592.227254746
700.26175278
592.166405757
364.706435232
178.103657815
99.2801829392
103.17349769
179.547477471
358.814327567
588.721218076
700.397539359
595.825418381
368.935774801
180.596425592
99.9108045711
102.577372008
177.345412922
354.77699495
585.171377429
700.455259287
599.444185702
373.182169668
183.127453076
100.568146434
102.003352103
175.179595393
350.759850805
581.578897857
700.434823548
603.021602586
377.444830366
185.696744969
101.25247748
101.45128202
173.049859871
346.763735508
577.944955743
700.336170779
606.55656889
381.722953491
188.304294359
101.964069459
100.921014412
170.956030233
342.78947027
574.270738311
700.159267406
610.047990963
386.015721845
190.950082537
102.703196704
100.412410547
168.897919861
338.8378568
570.557443009
699.904107705
613.494781529
390.322304654
193.63407882
103.470135848
99.9253405355
166.875331786
334.909677025
566.806276819
699.570713998
616.895860328
394.641857319
196.356240352
104.265165493
99.4596833946
164.888059366
331.005693243
563.01845562
699.15913667
620.250154692
398.97352221
199.116512015
105.088566012
99.0153271894
162.935886632
327.126647293
559.195203521
698.669454277
623.556600056
403.316428381
201.91482596
105.940619213
98.5921690846
161.018588778
323.273260801
555.337752103
698.101773609
626.814140452
407.669691894
204.751101851
106.821608096
98.1901154781
159.13593261
319.44623488
551.447340162
697.456229707
630.021729118
412.03241597
207.625246444
107.731816581
97.8090820686
157.287676982
315.646249961
547.525212419
696.73298591
633.17832893
416.403691178
210.537153463
108.671529144
97.4489938712
155.473573263
311.873965682
543.57261926
695.932233786
636.282912999
420.782595672
213.486703492
109.641030647
97.1097853445
153.693365803
308.130020764
539.590815969
695.05419332
639.334465195
425.168195351
216.473763759
110.640606002
96.7914003749
151.946792376
304.415032858
535.581062027
694.099112638
642.331980649
429.559544087
219.498188018
111.670539875
96.4937923717
150.233584637
300.729598496
531.544620451
693.067268112
645.274466383
433.955684002
222.559816424
112.731116436
96.2169242054
148.553468588
297.07429302
527.482757112
691.958964277
648.160941521
438.355645625
225.658475358
113.822619031
95.9607683143
146.906164975
293.449670496
523.396740071
690.774533706
650.990438303
442.758448182
228.793977287
114.945329952
95.725306632
145.291389949
289.856263694
519.287838842
689.514336966
653.762002278
447.163099933
231.966120678
116.099530112
95.5105306098
143.708855219
286.294584087
515.157323788
688.178762497
656.474692958
451.568598046
235.174689814
117.285498768
95.3164412253
142.158268665
282.765121714
511.006465412
686.768226448
659.127584111
455.973929442
238.419454729
118.503513243
95.1430489131
140.639334801
279.268345563
506.836533642
685.283172528
661.71976476
460.378070727
241.700171099
119.753848655
94.9903735367
139.151755193
275.804703088
502.648797232
683.724071892
664.250339223
464.779988364
245.016579889
121.036777602
94.8584443625
137.695228891
272.374620587
498.444522978
682.091422896
666.718427861
469.178639404
248.36840765
122.352569931
94.7473000034
136.269452821
268.978503169
494.224975387
680.38575093
669.123167514
473.57297137
251.755366148
123.701492423
94.6569883375
134.874122325
265.616734853
489.991415453
678.607608196
671.463712091
477.961922723
255.177152316
125.083808422
94.5875664337
133.5089315
262.289678649
485.745100454
676.757573391
673.739232981
482.344423237
258.633448184
126.499777775
94.539100494
132.173573669
258.997676675
481.487283123
674.836251712
675.948919561
486.719394259
262.123920763
127.949656361
94.5116657298
130.867741768
255.741050248
477.21921103
672.844274206
678.09197974
491.085749048
265.648221985
129.433695889
94.5053462964
129.591128787
252.520100077
472.942125962
670.782297775
680.167640485
495.442393169
269.205988614
130.952143626
94.520235168
128.343428166
249.335106391
468.657263255
668.651004748
682.175148017
499.788224818
272.796842167
132.50524209
94.5564340029
127.124334152
246.186329098
464.365851173
666.451102571
684.113768706
504.122135193
276.420388874
134.093228816
94.6140530603
125.933542348
243.074007981
460.069110344
664.183323524
685.982789202
508.44300894
280.076219574
135.71633606
94.6932110454
124.770749881
239.998362927
455.768253059
661.848424285
687.781517094
512.749724211
283.763909702
137.374790516
94.7940349717
123.635655934
236.959593981
451.464482764
659.447185616
689.509281212
517.041153558
287.483019298
139.0688131
94.9166600045
122.52796208
233.957881991
447.15899334
656.980411952
691.165432157
521.31616401
291.233092628
140.798618636
95.0612293533
121.447372624
230.993388285
442.85296861
654.448931053
692.749342709
525.573617529
295.013658661
142.564415609
95.2278940315
120.393595022
228.066255314
438.547581997
651.853593474
694.260408262
529.812371454
298.82423069
144.366405942
95.4168127841
119.36634015
225.176606777
434.243995446
649.19527227
695.698047186
534.031278915
302.664306398
146.204784572
95.628151824
118.365322728
222.324547933
429.943359232
646.474862361
697.061701268
538.229189252
306.533367835
148.079739447
95.8620847214
117.390261588
219.510165901
425.646811363
643.693280407
698.350836176
542.404948473
310.430881446
149.99145111
96.11879219
116.440880006
216.733529925
421.355476985
640.851463937
699.564941708
546.557399701
314.356297837
151.940092441
96.3984618754
115.516906075
213.994691724
417.070467981
637.950371099
700.703532216
550.685383603
318.309052304
153.925828472
96.7012881893
114.618072961
211.293685802
412.792882348
634.990980045
701.766146958
554.787738858
322.288564197
155.948816118
97.0274721034
113.744119148
208.630529783
408.523803782
631.974288539
702.752350503
558.863302672
326.29423735
158.009203875
97.3772209333
112.894788912
206.005224757
404.264301158
628.901313298
703.661733025
562.910911245
330.32545998
160.107131683
97.7507480849
112.069832362
203.417755636
400.015428111
625.773089542
704.493910557
566.929399999
334.381604722
162.242730588
98.1482729336
111.269005862
200.86809147
395.778222534
622.590670373
705.248525439
570.917604535
338.462028661
164.416122543
98.5700205117
110.492072224
198.356186029
391.553706221
619.355126264
705.92524646
574.874360785
342.566073468
166.627420186
99.0162213142
109.738801025
195.88197787
387.342884347
616.067544471
706.523769281
578.798505613
346.693065086
168.876726591
99.487111072
109.008968735
193.445390929
383.146745033
612.729028393
707.043816598
582.688877327
350.842314319
171.164135028
99.9829304983
108.302359057
191.046334875
378.966259361
609.340697039
707.485138437
586.544316165
355.013116575
173.489728805
100.503925079
107.618763057
188.684705522
374.802380368
605.903684396
707.847512422
590.36366482
359.204752002
175.853580848
101.050344791
106.957979431
186.360385215
370.656043086
602.419138738
708.130743926
594.145768968
363.416485532
178.255753744
101.622443908
106.319814671
184.073243291
366.528164129
598.888222288
708.334666323
597.889477799
367.647567043
180.696299361
102.220480685
105.70408325
181.823136455
362.419641351
595.312110158
708.459141199
601.593644541
371.897231429
183.17525869
102.844717141
105.110607802
179.609909257
358.331353521
591.69198999
708.5040585
605.25712699
376.164698663
185.692661569
103.495418821
104.539219298
177.433394482
354.264160066
588.029061212
708.469336677
608.878788105
380.449173979
188.248526559
104.172854515
103.98975717
175.293413616
350.218900762
584.324534436
708.354922876
612.457496337
384.749847927
190.842860676
104.877295983
103.462069511
173.189777294
346.196395495
580.579630733
708.160793032
615.992126651
389.065896578
193.475659244
105.609017734
102.956013132
171.122285712
342.197444001
576.795581016
707.886952006
619.48156037
393.396481585
196.146905506
106.368296712
102.471453716
169.090729099
338.222825671
572.973625299
707.533433632
622.924686389
397.740750502
198.856570917
107.155412068
102.008266017
167.094888268
334.273299297
569.115012108
707.100300855
626.320401415
402.097836475
201.604614279
107.970644877
101.566333743
165.134534843
330.349602835
565.220997722
706.587645696
629.667610524
406.466859079
204.39098206
108.814277838
101.145549876
163.209431917
326.452453581
561.29284551
705.995589444
632.965227773
410.84692403
207.215608086
109.686595076
100.745816639
161.319334438
322.582547449
557.331825253
705.324282555
636.212176759
415.237123496
210.078413109
110.58788178
100.367045574
159.463989646
318.740559228
553.339212314
704.573904695
639.40739116
419.636536305
212.979305048
111.51842399
100.009157611
157.643137596
314.927142337
549.316287388
703.744664717
642.54981531
424.044228118
215.918178519
112.478508318
99.6720831137
155.856511557
311.142928773
545.264335182
702.83680067
645.638404717
428.459251675
218.894914769
113.468421598
99.3557619406
154.103838505
307.38852895
541.184644114
701.850579699
648.672126688
432.880646973
221.909381476
114.488450707
99.0601434125
152.384839575
303.664531706
537.078505493
700.78629807
651.649960839
437.307441537
224.96143265
115.538882243
98.7851864243
150.699230508
299.971504204
532.947212908
699.644280965
654.570899666
441.738650641
228.050908359
116.620002249
98.5308593463
149.046722139
296.309991916
528.792061388
698.424882447
657.433949176
446.17327756
231.177634674
117.732095951
98.2971401133
147.427020798
292.680518592
524.614346831
697.12848531
660.238129153
450.610313824
234.341423521
118.8754474
98.0840161577
145.839828773
289.083586281
520.415365248
695.755501053
662.982474141
455.048739523
237.542072466
120.050339333
97.8914844453
144.284844905
285.519675345
516.196412112
694.306369529
665.666033693
459.487523628
240.779364653
121.257052754
97.7195513285
142.761764766
281.989244461
511.958781587
692.78155891
668.287873004
463.925623908
244.053068597
122.495866758
97.5682326876
141.270281295
278.492730638
507.703765948
691.181565457
670.847073455
468.361987857
247.362938099
123.767058184
97.4375537222
139.810085202
275.030549583
503.432654825
689.506913319
673.342733094
472.795552541
250.708712202
125.070901408
97.3275489813
138.380865308
271.603095291
499.146734538
687.758154275
675.773967314
477.225245061
254.090114714
126.407667915
97.2382622502
136.982309173
268.210740463
494.847287353
685.935867498
678.139909134
481.649982883
257.506854608
127.777626293
97.1697465153
135.614103301
264.853836595
490.535591187
684.040659325
680.439710027
486.06867413
260.958625571
129.181041673
97.1220638737
134.275933695
261.532714042
486.21291837
682.07316292
682.672540167
490.480217993
264.445105979
130.618175563
97.095285413
132.967486237
258.247682202
481.880535361
680.034037948
684.837589101
494.883504999
267.965958798
132.089285642
97.0894911389
131.68844707
254.999029658
477.539702015
677.923970465
686.934066193
499.277417484
271.5208315
133.5946254
97.1047698739
130.438503023
251.787024375
473.191670987
675.743672271
688.961201143
503.660829879
275.109355957
135.134443899
97.1412191268
129.217342032
248.611913878
468.837687017
673.493880775
690.91824445
508.032609131
278.731148348
136.708985483
97.1989449714
128.024653451
245.473925454
464.478986402
671.175358543
692.804467826
512.391615091
282.385809137
138.318489505
97.278061925
126.860128484
242.37326638
460.116796286
668.788892927
694.619164889
516.736700932
286.072922926
139.963190095
97.3786928012
125.723460641
239.310124164
455.752334166
666.335295694
696.361651363
521.06671363
289.79205842
141.643315853
97.500968595
124.614345911
236.28466669
451.386807191
663.815402555
698.031265737
525.380493997
293.542768369
143.359089584
97.6450283015
123.532483281
233.29704281
447.021411658
661.230072776
699.627369544
529.676877747
297.324589624
145.110728066
97.8110187637
122.477574998
230.347382134
442.657332433
658.580188696
701.14934793
533.954695432
301.137042691
146.898441737
97.9990945253
121.449326981
227.43579564
438.295742217
655.866655291
702.596609979
538.212773134
304.979632255
148.722434476
98.2094176473
120.447449073
224.562375885
433.937801541
653.090399666
703.968589195
542.449932816
308.851846772
150.582903346
98.4421575448
119.471655445
221.727197334
429.584657477
650.252370601
705.264743836
546.664992767
312.753158541
152.480038221
98.6974907944
118.521664861
218.930316617
425.237443619
647.353537908
706.48455736
550.856768202
316.683023661
154.414021705
98.9756009564
117.597200981
216.171772942
420.897279429
644.394892278
707.627538769
555.024071588
320.64088207
156.385028785
99.2766783827
116.697992697
213.451588377
416.565269767
641.377444236
708.693222978
559.165713237
324.626157486
158.393226561
99.6009200167
115.823774383
210.769768227
412.242504415
638.302223911
709.681171196
563.28050175
328.638257437
160.438774026
99.948529157
114.974286183
208.126301382
407.930057539
635.170280435
710.590971146
567.367244526
332.676573249
162.521821817
100.31971535
114.149274273
205.521160699
403.62898735
631.982681352
711.422237567
571.424748298
336.740480074
164.642511921
100.71469409
113.348491197
202.954303365
399.340335584
628.740511976
712.174612384
575.451819698
340.829336918
166.800977529
101.133686602
112.571695929
200.425671298
395.065127081
625.444874872
712.847765046
579.447265465
344.942486678
168.997342667
101.576919679
111.818654336
197.93519146
390.804369445
622.096889217
713.441392854
583.409893451
349.079256158
171.231722051
102.044625417
111.089139229
195.482776534
386.559052589
618.697690184
713.955221111
587.33851286
353.238956251
173.504220798
102.537040993
110.382930687
193.068324928
382.330148356
615.248428303
714.389003502
591.231934846
357.420881543
175.814934223
103.054408447
109.699816206
190.691721477
378.118610133
611.750268864
714.742522194
595.088973035
361.624311069
178.163947566
103.59697444
109.039590929
188.352837761
373.925372816
608.204391216
715.015588162
598.908444145
365.848507888
180.551335856
104.164990002
108.402057829
186.051532566
369.751351953
604.611988143
715.208041359
602.689168474
370.092719318
182.977163421
104.758710312
107.787027867
183.787652298
365.597443794
600.974265131
715.319750848
606.429970488
374.356177027
185.441484025
105.378394451
107.194320176
181.561031416
361.464524917
597.292440014
715.350615016
610.129679381
378.638097123
187.944340407
106.024305153
106.623762204
179.371492899
357.353451961
593.567741789
715.300561748
613.787129659
382.937680259
190.485764124
106.696708522
106.075189878
177.218848648
353.265061343
589.801410306
715.169548503
617.401161691
387.254111786
193.065775315
107.395873828
105.548447721
175.10289998
349.200169044
585.994695432
714.957562439
620.970622275
391.586561817
195.684382512
108.122073236
105.043388984
173.023438063
345.159570365
582.148856421
714.664620585
624.494365246
395.934185442
198.341582396
108.875581579
104.559875767
170.980244342
341.144039735
578.265161181
