1036.87613852
1037.7782832
1038.68117007
1039.58479838
1040.48916736
1041.39427628
1042.30012436
1043.20671083
1044.11403493
1045.02209587
1045.93089288
1046.84042517
1047.75069195
1048.66169241
1049.57342576
1050.4858912
1051.39908791
1052.31301508
1053.22767188
1054.1430575
1055.0591711
1055.97601184
1056.89357889
1057.8118714
1058.73088853
1059.65062942
1060.5710932
1061.49227902
1062.41418602
1063.3368133
1064.26016001
1065.18422524
1066.10900812
1067.03450776
1067.96072325
1068.8876537
1069.81529819
1070.74365582
1071.67272567
1072.60250681
1073.53299833
1074.46419928
1075.39610874
1076.32872576
1077.2620494
1078.1960787
1079.13081272
1080.06625049
1081.00239105
1081.93923343
1082.87677665
1083.81501973
1084.7539617
1085.69360155
1086.63393831
1087.57497097
1088.51669852
1089.45911996
1090.40223428
1091.34604046
1092.29053747
1093.23572429
1094.18159989
1095.12816323
1096.07541327
1097.02334897
1097.97196926
1098.9212731
1099.87125943
1100.82192717
1101.77327527
1102.72530264
1103.67800821
1104.63139088
1105.58544958
1106.5401832
1107.49559065
1108.45167082
1109.40842262
1110.36584491
1111.32393659
1112.28269652
1113.2421236
1114.20221667
1115.16297461
1116.12439628
1117.08648051
1118.04922618
1119.01263211
1119.97669715
1120.94142014
1121.90679989
1122.87283524
1123.83952501
1124.80686801
1125.77486306
1126.74350895
1127.7128045
1128.68274849
1129.65333971
1130.62457697
1131.59645903
1132.56898467
1133.54215267
1134.5159618
1135.49041082
1136.46549848
1137.44122355
1138.41758476
1139.39458087
1140.37221062
1141.35047273
1142.32936594
1143.30888898
1144.28904057
1145.26981941
1146.25122423
1147.23325374
1148.21590662
1149.19918158
1150.18307732
1151.16759252
1152.15272586
1153.13847602
1154.12484168
1155.11182151
1156.09941417
1157.08761832
1158.07643261
1159.0658557
1160.05588623
1161.04652285
1162.03776418
1163.02960887
1164.02205554
1165.01510281
1166.0087493
1167.00299363
1167.9978344
1168.99327021
1169.98929967
1170.98592137
1171.98313391
1172.98093586
1173.97932581
1174.97830233
1175.977864
1176.97800938
1177.97873704
1178.98004553
1179.98193341
1180.98439922
1181.98744152
1182.99105883
1183.9952497
1185.00001266
1186.00534622
1187.01124892
1188.01771927
1189.02475578
1190.03235696
1191.0405213
1192.04924732
1193.05853351
1194.06837834
1195.07878032
1196.08973791
1197.10124959
1198.11331385
1199.12592913
1200.13909391
1201.15280664
1202.16706577
1203.18186976
1204.19721704
1205.21310606
1206.22953525
1207.24650305
1208.26400787
1209.28204815
1210.30062229
1211.31972871
1212.33936582
1213.35953202
1214.38022571
1215.40144528
1216.42318913
1217.44545564
1218.4682432
1219.49155017
1220.51537494
1221.53971586
1222.56457131
1223.58993964
1224.61581921
1225.64220837
1226.66910546
1227.69650882
1228.7244168
1229.75282772
1230.78173991
1231.8111517
1232.8410614
1233.87146734
1234.90236782
1235.93376114
1236.96564562
1237.99801954
1239.03088121
1240.0642289
1241.09806091
1242.13237551
1243.16717098
1244.2024456
1245.23819762
1246.27442531
1247.31112694
1248.34830074
1249.38594498
1250.42405791
1251.46263775
1252.50168275
1253.54119114
1254.58116115
1255.621591
1256.66247891
1257.7038231
1258.74562179
1259.78787317
1260.83057544
1261.87372682
1262.91732549
1263.96136964
1265.00585746
1266.05078713
1267.09615682
1268.14196472
1269.18820898
1270.23488778
1271.28199927
1272.32954161
1273.37751296
1274.42591146
1275.47473525
1276.52398247
1277.57365127
1278.62373976
1279.67424609
1280.72516836
1281.77650471
1282.82825324
1283.88041206
1284.93297929
1285.98595302
1287.03933135
1288.09311238
1289.1472942
1290.20187489
1291.25685253
1292.3122252
1293.36799098
1294.42414794
1295.48069413
1296.53762763
1297.59494649
1298.65264876
1299.71073249
1300.76919573
1301.82803652
1302.88725289
1303.94684289
1305.00680453
1306.06713585
1307.12783486
1308.18889959
1309.25032804
1310.31211822
1311.37426815
1312.43677582
1313.49963922
1314.56285636
1315.62642522
1316.69034379
1317.75461005
1318.81922198
1319.88417754
1320.94947472
1322.01511147
1323.08108577
1324.14739555
1325.2140388
1326.28101344
1327.34831743
1328.41594871
1329.48390522
1330.5521849
1331.62078567
1332.68970547
1333.75894222
1334.82849383
1335.89835822
1336.96853331
1338.039017
1339.1098072
1340.1809018
1341.25229872
1342.32399583
1343.39599103
1344.4682822
1345.54086722
1346.61374398
1347.68691035
1348.7603642
1349.83410339
1350.90812579
1351.98242926
1353.05701165
1354.13187082
1355.20700461
1356.28241087
1357.35808745
1358.43403217
1359.51024287
1360.58671739
1361.66345354
1362.74044916
1363.81770206
1364.89521005
1365.97297095
1367.05098257
1368.12924272
1369.20774918
1370.28649977
1371.36549227
1372.44472448
1373.52419418
1374.60389915
1375.68383719
1376.76400605
1377.84440352
1378.92502737
1380.00587536
1381.08694525
1382.1682348
1383.24974177
1384.33146392
1385.41339898
1386.4955447
1387.57789883
1388.6604591
1389.74322325
1390.82618901
1391.90935411
1392.99271626
1394.0762732
1395.16002265
1396.2439623
1397.32808988
1398.4124031
1399.49689965
1400.58157724
1401.66643357
1402.75146633
1403.83667321
1404.9220519
1406.00760008
1407.09331543
1408.17919564
1409.26523837
1410.3514413
1411.4378021
1412.52431843
1413.61098794
1414.69780831
1415.78477718
1416.87189221
1417.95915104
1419.04655132
1420.1340907
1421.2217668
1422.30957728
1423.39751975
1424.48559185
1425.5737912
1426.66211544
1427.75056217
1428.83912902
1429.92781359
1431.01661351
1432.10552637
1433.19454979
1434.28368136
1435.37291868
1436.46225935
1437.55170096
1438.64124109
1439.73087734
1440.82060729
1441.91042852
1443.0003386
1444.09033512
1445.18041563
1446.27057771
1447.36081893
1448.45113684
1449.54152901
1450.631993
1451.72252635
1452.81312661
1453.90379134
1454.99451808
1456.08530438
1457.17614776
1458.26704577
1459.35799594
1460.4489958
1461.54004287
1462.63113469
1463.72226878
1464.81344265
1465.90465382
1466.99589981
1468.08717812
1469.17848626
1470.26982174
1471.36118206
1472.45256473
1473.54396723
1474.63538706
1475.72682172
1476.81826869
1477.90972546
1479.00118952
1480.09265833
1481.18412939
1482.27560017
1483.36706814
1484.45853077
1485.54998552
1486.64142988
1487.73286129
1488.82427721
1489.91567511
1491.00705244
1492.09840665
1493.18973519
1494.2810355
1495.37230504
1496.46354125
1497.55474156
1498.64590341
1499.73702424
1500.82810147
1501.91913254
1503.01011488
1504.10104591
1505.19192305
1506.28274373
1507.37350535
1508.46420534
1509.55484111
1510.64541006
1511.73590962
1512.82633717
1513.91669013
1515.0069659
1516.09716187
1517.18727545
1518.27730402
1519.36724498
1520.45709571
1521.54685361
1522.63651606
1523.72608044
1524.81554414
1525.90490452
1526.99415898
1528.08330487
1529.17233958
1530.26126046
1531.3500649
1532.43875025
1533.52731388
1534.61575315
1535.70406542
1536.79224804
1537.88029837
1538.96821375
1540.05599156
1541.14362912
1542.23112378
1543.3184729
1544.40567381
1545.49272385
1546.57962036
1547.66636068
1548.75294214
1549.83936208
1550.92561781
1552.01170668
1553.09762601
1554.18337312
1555.26894534
1556.35433998
1557.43955436
1558.52458581
1559.60943163
1560.69408914
1561.77855565
1562.86282847
1563.94690491
1565.03078227
1566.11445786
1567.19792898
1568.28119293
1569.36424701
1570.44708851
1571.52971473
1572.61212296
1573.6943105
1574.77627464
1575.85801266
1576.93952185
1578.02079949
1579.10184288
1580.18264928
1581.26321598
1582.34354027
1583.4236194
1584.50345067
1585.58303134
1586.66235869
1587.74142998
1588.82024249
1589.89879349
1590.97708023
1592.05509998
1593.13285001
1594.21032758
1595.28752994
1596.36445436
1597.44109809
1598.51745839
1599.59353251
1600.66931771
1601.74481123
1602.82001033
1603.89491226
1604.96951425
1606.04381357
1607.11780744
1608.19149312
1609.26486785
1610.33792887
1611.41067341
1612.48309872
1613.55520203
1614.62698057
1615.69843159
1616.76955232
1617.84033998
1618.9107918
1619.98090503
1621.05067688
1622.12010458
1623.18918536
1624.25791644
1625.32629505
1626.39431841
1627.46198373
1628.52928825
1629.59622919
1630.66280375
1631.72900915
1632.79484262
1633.86030137
1634.92538261
1635.99008355
1637.05440142
1638.11833341
1639.18187674
1640.24502862
1641.30778626
1642.37014686
1643.43210764
1644.49366579
1645.55481853
1646.61556305
1647.67589656
1648.73581627
1649.79531937
1650.85440306
1651.91306456
1652.97130104
1654.02910972
1655.08648779
1656.14343244
1657.19994089
1658.25601031
1659.3116379
1660.36682087
1661.42155639
1662.47584168
1663.52967391
1664.58305028
1665.63596798
1666.6884242
1667.74041613
1668.79194096
1669.84299588
1670.89357808
1671.94368474
1672.99331306
1674.04246021
1675.09112339
1676.13929978
1677.18698656
1678.23418092
1679.28088005
1680.32708113
1681.37278134
1682.41797786
1683.46266789
1684.50684859
1685.55051715
1686.59367076
1687.6363066
1688.67842184
1689.72001367
1690.76107927
1691.80161582
1692.84162049
1693.88109048
1694.92002295
1695.95841508
1696.99626407
1698.03356708
1699.07032129
1700.10652389
1701.14217204
1702.17726294
1703.21179376
1704.24576167
1705.27916385
1706.31199749
1707.34425976
1708.37594784
1709.4070589
1710.43759013
1711.4675387
1712.49690179
1713.52567657
1714.55386024
1715.58144996
1716.60844291
1717.63483627
1718.66062723
1719.68581295
1720.71039062
1721.73435741
1722.75771051
1723.78044709
1724.80256434
1725.82405943
1726.84492954
1727.86517185
1728.88478355
1729.90376181
1730.92210382
1731.93980675
1732.95686779
1733.97328412
1734.98905293
1736.00417138
1737.01863668
1738.03244599
1739.04559651
1740.05808541
1741.06990989
1742.08106713
1743.09155431
1744.10136862
1745.11050725
1746.11896738
1747.1267462
1748.1338409
1749.14024866
1750.14596669
1751.15099216
1752.15532226
1753.1589542
1754.16188515
1755.16411231
1756.16563288
1757.16644405
1758.16654301
1759.16592695
1760.16459308
1761.16253859
1762.15976068
1763.15625654
1764.15202337
1765.14705838
1766.14135876
1767.13492172
1768.12774445
1769.11982416
1770.11115805
1771.10174334
1772.09157722
1773.08065689
1774.06897958
1775.05654248
1776.04334281
1777.02937777
1778.01464458
1778.99914045
1779.98286259
1780.96580822
1781.94797456
1782.92935881
1783.9099582
1784.88976994
1785.86879126
1786.84701938
1787.82445152
1788.8010849
1789.77691675
1790.75194428
1791.72616474
1792.69957535
1793.67217333
1794.64395592
1795.61492036
1796.58506386
1797.55438367
1798.52287703
1799.49054117
1800.45737332
1801.42337074
1802.38853065
1803.35285032
1804.31632696
1805.27895785
1806.24074021
1807.2016713
1808.16174837
1809.12096867
1810.07932946
1811.03682798
1811.9934615
1812.94922727
1813.90412255
1814.85814461
1815.81129069
1816.76355808
1817.71494404
1818.66544582
1819.61506071
1820.56378596
1821.51161886
1822.45855668
1823.4045967
1824.34973619
1825.29397243
1826.2373027
1827.17972428
1828.12123447
1829.06183055
1830.0015098
1830.94026952
1831.878107
1832.81501953
1833.75100441
1834.68605893
1835.62018041
1836.55336613
1837.48561341
1838.41691954
1839.34728185
1840.27669762
1841.20516419
1842.13267886
1843.05923895
1843.98484178
1844.90948467
1845.83316493
1846.7558799
1847.6776269
1848.59840327
1849.51820632
1850.4370334
1851.35488184
1852.27174898
1853.18763216
1854.10252871
1855.016436
1855.92935135
1856.84127213
1857.75219568
1858.66211936
1859.57104052
1860.47895652
1861.38586473
1862.2917625
1863.1966472
1864.10051621
1865.00336688
1865.90519661
1866.80600275
1867.70578269
1868.60453381
1869.5022535
1870.39893913
1871.29458811
1872.18919781
1873.08276564
1873.97528898
1874.86676524
1875.75719183
1876.64656613
1877.53488557
1878.42214755
1879.30834949
1880.19348879
1881.07756288
1881.96056918
1882.8425051
1883.72336809
1884.60315557
1885.48186496
1886.35949371
1887.23603925
1888.11149902
1888.98587046
1889.85915103
1890.73133818
1891.60242934
1892.47242199
1893.34131357
1894.20910156
1895.07578341
1895.94135659
1896.80581857
1897.66916682
1898.53139883
1899.39251207
1900.25250403
1901.11137219
1901.96911403
1902.82572706
1903.68120877
1904.53555665
1905.38876821
1906.24084096
1907.0917724
1907.94156004
1908.7902014
1909.637694
1910.48403535
1911.32922299
1912.17325444
1913.01612724
1913.85783891
1914.698387
1915.53776905
1916.37598261
1917.21302521
1918.04889443
1918.8835878
1919.71710289
1920.54943727
1921.38058849
1922.21055413
1923.03933177
1923.86691897
1924.69331333
1925.51851241
1926.34251382
1927.16531514
1927.98691397
1928.80730791
1929.62649455
1930.44447151
1931.26123639
1932.07678682
1932.8911204
1933.70423475
1934.51612751
1935.3267963
1936.13623875
1936.9444525
1937.75143519
1938.55718447
1939.36169798
1940.16497337
1940.9670083
1941.76780043
1942.56734743
1943.36564695
1944.16269668
1944.95849429
1945.75303746
1946.54632387
1947.3383512
1948.12911717
1948.91861944
1949.70685574
1950.49382376
1951.27952121
1952.0639458
1952.84709525
1953.62896729
1954.40955962
1955.18887
1955.96689614
1956.74363578
1957.51908668
1958.29324657
1959.0661132
1959.83768433
1960.60795773
1961.37693114
1962.14460234
1962.91096911
1963.67602922
1964.43978044
1965.20222057
1965.9633474
1966.72315872
1967.48165232
1968.23882602
1968.99467762
1969.74920493
1970.50240577
1971.25427796
1972.00481933
1972.7540277
1973.50190092
1974.24843682
1974.99363325
1975.73748805
1976.47999908
1977.2211642
1977.96098127
1978.69944816
1979.43656274
1980.17232289
1980.90672649
1981.63977143
1982.3714556
1983.1017769
1983.83073322
1984.55832247
1985.28454257
1986.00939143
1986.73286697
1987.45496711
1988.17568979
1988.89503294
1989.61299451
1990.32957243
1991.04476466
1991.75856915
1992.47098387
1993.18200678
1993.89163584
1994.59986904
1995.30670436
1996.01213977
1996.71617328
1997.41880287
1998.12002655
1998.81984233
1999.51824821
2000.21524221
2000.91082235
2001.60498667
2002.29773318
2002.98905994
2003.67896498
2004.36744634
2005.05450209
2005.74013028
2006.42432898
2007.10709625
2007.78843016
2008.4683288
2009.14679026
2009.82381262
2010.49939398
2011.17353243
2011.8462261
2012.51747308
2013.1872715
2013.85561948
2014.52251515
2015.18795664
2015.85194209
2016.51446965
2017.17553747
2017.8351437
2018.49328651
2019.14996406
2019.80517453
2020.45891609
2021.11118694
2021.76198525
2022.41130923
2023.05915707
2023.70552699
2024.3504172
2024.99382591
2025.63575135
2026.27619175
2026.91514535
2027.55261038
2028.18858509
2028.82306775
2029.4560566
2030.08754991
2030.71754595
2031.346043
2031.97303934
2032.59853327
2033.22252306
2033.84500703
2034.46598348
2035.08545072
2035.70340707
2036.31985086
2036.93478041
2037.54819406
2038.16009016
2038.77046704
2039.37932307
2039.98665661
2040.59246602
2041.19674967
2041.79950595
2042.40073323
2043.00042991
2043.59859439
2044.19522507
2044.79032035
2045.38387866
2045.97589842
2046.56637805
2047.15531598
2047.74271067
2048.32856055
2048.91286407
2049.49561971
2050.07682592
2050.65648117
2051.23458395
2051.81113273
2052.38612601
2052.95956229
2053.53144007
2054.10175786
2054.67051417
2055.23770754
2055.80333648
2056.36739954
2056.92989525
2057.49082217
2058.05017885
2058.60796386
2059.16417575
2059.71881311
2060.27187452
2060.82335856
2061.37326383
2061.92158893
2062.46833247
2063.01349306
2063.55706932
2064.09905989
2064.63946339
2065.17827846
2065.71550376
2066.25113793
2066.78517964
2067.31762755
2067.84848035
2068.3777367
2068.9053953
2069.43145484
2069.95591403
2070.47877157
2071.00002617
2071.51967656
2072.03772147
2072.55415962
2073.06898977
2073.58221066
2074.09382105
2074.6038197
2075.11220537
2075.61897686
2076.12413293
2076.62767238
2077.12959401
2077.62989661
2078.12857901
2078.62564002
2079.12107846
2079.61489316
2080.10708297
2080.59764674
2081.0865833
2081.57389153
2082.05957029
2082.54361845
2083.0260349
2083.50681853
2083.98596822
2084.46348289
2084.93936143
2085.41360278
2085.88620584
2086.35716956
2086.82649287
2087.29417471
2087.76021404
2088.22460982
2088.68736102
2089.1484666
2089.60792555
2090.06573686
2090.52189952
2090.97641254
2091.42927492
2091.88048569
2092.33004387
2092.77794849
2093.22419859
2093.66879321
2094.11173142
2094.55301226
2094.99263482
2095.43059816
2095.86690137
2096.30154355
2096.73452378
2097.16584117
2097.59549484
2098.02348391
2098.4498075
2098.87446474
2099.29745479
2099.7187768
2100.13842991
2100.55641329
2100.97272612
2101.38736758
2101.80033685
2102.21163312
2102.62125561
2103.02920352
2103.43547606
2103.84007247
2104.24299197
2104.64423381
2105.04379723
2105.44168148
2105.83788584
2106.23240956
2106.62525194
2107.01641224
2107.40588978
2107.79368384
2108.17979374
2108.56421879
2108.94695831
2109.32801164
2109.70737812
2110.08505709
2110.4610479
2110.83534993
2111.20796253
2111.57888508
2111.94811698
2112.31565761
2112.68150638
2113.04566269
2113.40812596
2113.7688956
2114.12797107
2114.48535178
2114.8410372
2115.19502677
2115.54731995
2115.89791623
2116.24681507
2116.59401596
2116.9395184
2117.28332189
2117.62542593
2117.96583005
2118.30453377
2118.64153662
2118.97683814
2119.31043789
2119.64233542
2119.97253029
2120.30102207
2120.62781035
2120.95289471
2121.27627476
2121.59795009
2121.91792031
2122.23618505
2122.55274394
2122.8675966
2123.18074269
2123.49218185
2123.80191374
2124.10993804
2124.41625441
2124.72086254
2125.02376212
2125.32495285
2125.62443444
2125.92220661
2126.21826907
2126.51262156
2126.80526381
2127.09619558
2127.38541662
2127.67292669
2127.95872557
2128.24281303
2128.52518886
2128.80585285
2129.08480482
2129.36204457
2129.63757192
2129.9113867
2130.18348874
2130.45387789
2130.722554
2130.98951693
2131.25476655
2131.51830273
2131.78012536
2132.04023433
2132.29862954
2132.5553109
2132.81027833
2133.06353175
2133.31507109
2133.56489629
2133.81300731
2134.0594041
2134.30408662
2134.54705485
2134.78830878
2135.02784838
2135.26567366
2135.50178463
2135.73618129
2135.96886367
2136.19983181
2136.42908573
2136.65662549
2136.88245114
2137.10656274
2137.32896037
2137.5496441
2137.76861402
2137.98587023
2138.20141284
2138.41524194
2138.62735767
2138.83776015
2139.04644952
2139.25342592
2139.45868951
2139.66224044
2139.86407889
2140.06420504
2140.26261906
2140.45932116
2140.65431153
2140.84759039
2141.03915796
2141.22901445
2141.41716011
2141.60359518
2141.78831991
2141.97133456
2142.1526394
2142.3322347
2142.51012074
2142.68629783
2142.86076626
2143.03352634
2143.20457838
2143.37392272
2143.54155967
2143.7074896
2143.87171284
2144.03422976
2144.19504071
2144.35414608
2144.51154625
2144.6672416
2144.82123255
2144.97351948
2145.12410283
2145.27298301
2145.42016046
2145.56563561
2145.70940891
2145.85148083
2145.99185182
2146.13052236
2146.26749293
2146.40276402
2146.53633612
2146.66820975
2146.79838541
2146.92686363
2147.05364494
2147.17872987
2147.30211898
2147.42381282
2147.54381195
2147.66211695
2147.77872838
2147.89364685
2148.00687294
2148.11840727
2148.22825044
2148.33640307
2148.44286579
2148.54763924
2148.65072406
2148.75212091
2148.85183045
2148.94985335
2149.04619028
2149.14084194
2149.23380901
2149.32509219
2149.4146922
2149.50260976
2149.58884559
2149.67340043
2149.75627502
2149.83747011
2149.91698646
2149.99482483
2150.07098601
2150.14547078
2150.21827992
2150.28941424
2150.35887454
2150.42666165
2150.49277638
2150.55721957
2150.61999205
2150.68109468
2150.74052832
2150.79829382
2150.85439206
2150.90882392
2150.96159028
2151.01269206
2151.06213014
2151.10990545
2151.1560189
2151.20047142
2151.24326395
2151.28439744
2151.32387284
2151.3616911
2151.3978532
2151.43236012
2151.46521284
2151.49641235
2151.52595966
2151.55385577
2151.5801017
2151.60469848
2151.62764714
2151.64894871
2151.66860426
2151.68661483
2151.70298149
2151.71770532
2151.73078739
2151.74222879
2151.75203062
2151.76019399
2151.76672
2151.77160978
2151.77486446
2151.77648516
2151.77647305
2151.77482925
2151.77155495
2151.7666513
2151.76011948
2151.75196067
2151.74217607
2151.73076687
2151.71773428
2151.70307951
2151.68680379
2151.66890835
2151.64939442
2151.62826325
2151.6055161
2151.58115422
2151.55517889
2151.52759138
2151.49839297
2151.46758496
2151.43516865
2151.40114535
2151.36551637
2151.32828303
2151.28944667
2151.24900862
2151.20697023
2151.16333285
2151.11809785
2151.07126659
2151.02284046
2150.97282083
2150.92120909
2150.86800666
2150.81321492
2150.75683531
2150.69886924
2150.63931814
2150.57818344
2150.5154666
2150.45116907
2150.3852923
2150.31783777
2150.24880694
2150.17820131
2150.10602235
2150.03227158
2149.95695049
2149.8800606
2149.80160342
2149.72158048
2149.63999333
2149.55684349
2149.47213253
2149.38586199
2149.29803344
2149.20864846
2149.11770861
2149.0252155
2148.93117071
2148.83557584
2148.7384325
2148.63974231
2148.53950688
2148.43772786
2148.33440688
2148.22954557
2148.1231456
2148.01520863
2147.90573631
2147.79473032
2147.68219235
2147.56812408
2147.45252721
2147.33540343
2147.21675447
2147.09658202
2146.97488783
2146.85167361
2146.72694111
2146.60069207
2146.47292824
2146.34365138
2146.21286326
2146.08056565
2145.94676033
2145.81144909
2145.67463372
2145.53631602
2145.3964978
2145.25518088
2145.11236707
2144.9680582
2144.82225612
2144.67496265
2144.52617966
2144.375909
2144.22415252
2144.0709121
2143.91618962
2143.75998696
2143.60230601
2143.44314867
2143.28251683
2143.12041242
2142.95683734
2142.79179352
2142.62528289
2142.45730739
2142.28786896
2142.11696955
2141.94461113
2141.77079564
2141.59552507
2141.41880138
2141.24062657
2141.06100261
2140.87993152
2140.69741529
2140.51345593
2140.32805545
2140.14121588
2139.95293925
2139.76322759
2139.57208295
2139.37950736
2139.18550289
2138.9900716
2138.79321556
2138.59493683
2138.39523749
2138.19411964
2137.99158536
2137.78763676
2137.58227594
2137.375505
2137.16732607
2136.95774127
2136.74675273
2136.53436259
2136.32057298
2136.10538605
2135.88880397
2135.67082888
2135.45146296
2135.23070838
2135.00856731
2134.78504195
2134.56013447
2134.33384708
2134.10618198
2133.87714138
2133.64672749
2133.41494253
2133.18178873
2132.94726832
2132.71138353
2132.47413662
2132.23552983
2131.99556541
2131.75424562
2131.51157274
2131.26754904
2131.02217678
2130.77545827
2130.52739578
2130.27799161
2130.02724806
2129.77516744
2129.52175207
2129.26700425
2129.01092631
2128.75352058
2128.4947894
2128.23473509
2127.97336002
2127.71066653
2127.44665697
2127.18133371
2126.91469912
2126.64675556
2126.37750541
2126.10695106
2125.8350949
2125.56193931
2125.2874867
2125.01173948
2124.73470004
2124.45637082
2124.17675421
2123.89585266
2123.61366859
2123.33020443
2123.04546263
2122.75944564
2122.47215589
2122.18359585
2121.89376798
2121.60267475
2121.31031862
2121.01670207
2120.72182758
2120.42569764
2120.12831473
2119.82968136
2119.52980002
2119.22867321
2118.92630345
2118.62269325
2118.31784513
2118.01176162
2117.70444524
2117.39589852
2117.08612401
2116.77512425
2116.46290178
2116.14945916
2115.83479894
2115.51892368
2115.20183596
2114.88353833
2114.56403338
2114.24332368
2113.92141182
2113.59830039
2113.27399198
2112.94848918
2112.62179459
2112.29391083
2111.9648405
2111.63458622
2111.3031506
2110.97053627
2110.63674585
2110.30178198
2109.96564728
2109.62834441
2109.289876
2108.9502447
2108.60945316
2108.26750404
2107.9244
2107.5801437
2107.23473782
2106.88818501
2106.54048796
2106.19164934
2105.84167185
2105.49055817
2105.13831098
2104.78493299
2104.43042689
2104.07479538
2103.71804118
2103.36016699
2103.00117552
2102.64106949
2102.27985163
2101.91752466
2101.5540913
2101.1895543
2100.82391637
2100.45718027
2100.08934874
2099.72042451
2099.35041034
2098.97930899
2098.60712321
2098.23385575
2097.85950938
2097.48408688
2097.10759099
2096.73002451
2096.35139021
2095.97169085
2095.59092924
2095.20910814
2094.82623036
2094.44229868
2094.0573159
2093.67128481
2093.28420822
2092.89608892
2092.50692974
2092.11673347
2091.72550294
2091.33324094
2090.93995032
2090.54563388
2090.15029444
2089.75393485
2089.35655792
2088.9581665
2088.5587634
2088.15835149
2087.75693358
2087.35451253
2086.95109119
2086.5466724
2086.14125901
2085.73485388
2085.32745986
2084.91907982
2084.5097166
2084.09937309
2083.68805214
2083.27575662
2082.8624894
2082.44825335
2082.03305136
2081.6168863
2081.19976104
2080.78167847
2080.36264148
2079.94265295
2079.52171578
2079.09983284
2078.67700703
2078.25324126
2077.82853841
2077.40290138
2076.97633308
2076.54883641
2076.12041427
2075.69106958
2075.26080523
2074.82962414
2074.39752922
2073.96452338
2073.53060955
2073.09579064
2072.66006956
2072.22344924
2071.78593261
2071.34752258
2070.90822208
2070.46803404
2070.02696139
2069.58500705
2069.14217397
2068.69846507
2068.25388329
2067.80843156
2067.36211282
2066.91493001
2066.46688608
2066.01798395
2065.56822659
2065.11761692
2064.66615789
2064.21385246
2063.76070357
2063.30671416
2062.85188719
2062.3962256
2061.93973236
2061.4824104
2061.0242627
2060.56529219
2060.10550185
2059.64489461
2059.18347345
2058.72124131
2058.25820117
2057.79435597
2057.32970868
2056.86426226
2056.39801967
2055.93098388
2055.46315785
2054.99454455
2054.52514692
2054.05496796
2053.58401061
2053.11227784
2052.63977263
2052.16649794
2051.69245673
2051.21765198
2050.74208665
2050.26576371
2049.78868614
2049.31085689
2048.83227894
2048.35295526
2047.87288882
2047.39208259
2046.91053954
2046.42826264
2045.94525486
2045.46151917
2044.97705854
2044.49187594
2044.00597434
2043.51935672
2043.03202604
2042.54398527
2042.05523738
2041.56578535
2041.07563214
2040.58478072
2040.09323406
2039.60099513
2039.1080669
2038.61445233
2038.1201544
2037.62517607
2037.12952031
2036.63319008
2036.13618836
2035.6385181
2035.14018227
2034.64118383
2034.14152576
2033.64121101
2033.14024254
2032.63862331
2032.1363563
2031.63344445
2031.12989073
2030.62569809
2030.1208695
2029.61540791
2029.10931627
2028.60259755
2028.09525469
2027.58729065
2027.07870838
2026.56951083
2026.05970096
2025.5492817
2025.03825602
2024.52662685
2024.01439714
2023.50156984
2022.98814788
2022.47413422
2021.95953179
2021.44434352
2020.92857237
2020.41222126
2019.89529313
2019.37779091
2018.85971754
2018.34107595
2017.82186906
2017.3020998
2016.7817711
2016.26088588
2015.73944708
2015.21745759
2014.69492036
2014.17183829
2013.6482143
2013.1240513
2012.59935221
2012.07411994
2011.5483574
2011.02206748
2010.49525311
2009.96791718
2009.44006258
2008.91169223
2008.38280902
2007.85341584
2007.32351558
2006.79311114
2006.26220541
2005.73080126
2005.19890159
2004.66650928
2004.1336272
2003.60025824
2003.06640527
2002.53207116
2001.99725878
2001.461971
2000.92621069
2000.3899807
1999.85328391
1999.31612316
1998.77850132
1998.24042123
1997.70188575
1997.16289772
1996.62345999
1996.08357541
1995.54324681
1995.00247702
1994.46126889
1993.91962525
1993.37754892
1992.83504272
1992.2921095
1991.74875205
1991.2049732
1990.66077577
1990.11616257
1989.57113639
1989.02570006
1988.47985637
1987.93360812
1987.3869581
1986.83990912
1986.29246395
1985.74462539
1985.19639622
1984.64777922
1984.09877716
1983.54939283
1982.99962898
1982.44948839
1981.89897382
1981.34808803
1980.79683378
1980.24521381
1979.69323089
1979.14088775
1978.58818714
1978.03513179
1977.48172445
1976.92796784
1976.3738647
1975.81941774
1975.26462969
1974.70950326
1974.15404118
1973.59824614
1973.04212085
1972.48566802
1971.92889034
1971.37179052
1970.81437122
1970.25663516
1969.698585
1969.14022342
1968.58155311
1968.02257672
1967.46329693
1966.9037164
1966.34383779
1965.78366374
1965.22319692
1964.66243996
1964.1013955
1963.5400662
1962.97845467
1962.41656354
1961.85439544
1961.291953
1960.72923882
1960.16625551
1959.60300569
1959.03949196
1958.4757169
1957.91168313
1957.34739321
1956.78284975
1956.21805532
1955.65301249
1955.08772384
1954.52219192
1953.95641931
1953.39040856
1952.82416221
1952.25768283
1951.69097294
1951.12403509
1950.55687181
1949.98948562
1949.42187906
1948.85405463
1948.28601485
1947.71776224
1947.14929928
1946.58062849
1946.01175235
1945.44267335
1944.87339398
1944.30391672
1943.73424403
1943.16437838
1942.59432224
1942.02407807
1941.45364831
1940.88303542
1940.31224184
1939.74126999
1939.17012233
1938.59880126
1938.02730921
1937.4556486
1936.88382184
1936.31183133
1935.73967947
1935.16736865
1934.59490127
1934.0222797
1933.44950632
1932.87658351
