63.8892811128
64.4556778149
65.1787185682
66.0417611402
67.0266902357
68.1143209218
69.2848329133
70.5182253011
71.7947805476
73.0955261151
74.4026819774
75.700082474
76.9735615215
78.2112910678
79.4040638442
80.5455129135
81.6322621733
82.6640038196
83.6435007442
84.5765138745
85.4716565104
86.3401797013
87.1956945877
88.0538393411
88.9318998305
89.8483943722
90.8226338476
91.8742690791
93.0228376076
94.2873219217
95.6857307414
97.2347141797
98.949222514
100.842216926
102.924438963
105.204243689
107.687499539
110.377555931
113.275277637
116.379142959
119.685400915
123.188280902
126.880246855
130.752286681
134.794226805
138.995061083
143.343283036
147.827210467
152.435291916
157.156385176
161.979999147
166.896491608
171.897217068
176.974620585
182.122275273
187.334863193
192.608101207
197.938615291
203.323768547
208.761449755
214.249830684
219.787101496
225.371194394
230.999506132
236.66863018
242.374109119
248.110217272
253.869782747
259.644056837
265.422637296
271.193450346
276.942794372
282.655446359
288.314830023
293.903242623
299.402135446
304.792441128
310.054939346
315.170650975
320.121249704
324.889479285
329.459564123
333.817600841
337.951918722
341.853397579
345.515732618
348.93563718
352.112975885
355.050822546
357.755439322
360.236175741
362.505288523
364.577685383
366.470598233
368.203193274
369.796127357
371.271061661
372.650145065
373.955480619
375.208589138
376.429884192
377.638172591
378.850193919
380.080211647
381.339667109
382.636905876
383.976984165
385.361560736
386.788877328
388.253828291
389.748117522
391.260498394
392.777089987
394.281760807
395.756569192
397.182248034
398.538720126
399.805629572
400.962874214
401.991123997
402.872310573
403.59007428
404.130155858
404.48072185
404.632614603
404.579519945
404.318048056
403.84772562
403.170899927
402.292558271
401.220068473
399.962848754
398.53197733
396.939753913
395.199226847
393.323700644
391.326239403
389.219181752
387.013682731
384.719297288
382.343618899
379.89198527
377.3672611
374.769705639
372.096930283
369.343948717
366.503319385
363.565377203
360.518548736
357.349742429
354.044803126
350.589018036
346.967659568
343.166549162
339.172625399
334.974499289
330.562979774
325.931553126
321.076801018
315.998743631
310.701096156
305.191429384
299.481227742
293.585840987
287.524328778
281.319200425
274.9960551
268.583130742
262.110772541
255.610834325
249.116028185
242.659239338
236.272824343
229.987911459
223.833722043
217.836931456
212.021087033
206.406099187
201.007819828
195.837719967
190.90267568
186.20486869
181.741804696
177.506449341
173.487478497
169.669636377
166.034192027
162.559482043
159.221524969
155.994690873
152.852408118
149.767888305
146.714849949
143.668221496
140.604804959
137.503882562
134.34775047
131.122165745
127.816695156
124.424957235
120.944752011
117.37807597
113.731023015
110.013575351
106.239291244
102.42489941
98.5898122953
94.755572649
90.945249482
87.1828007584
83.4924208694
79.8978911477
76.4219513518
73.0857092097
69.9081037936
66.9054367348
64.09098315
61.4746916907
59.0629804326
56.8586324674
54.8607921348
53.0650599253
51.4636812773
50.0458218737
48.7979196811
47.7041019455
46.746653707
45.9065231805
45.1638485844
44.4984907175
43.8905557704
43.3208935158
42.7715571093
42.2262122191
41.6704850322
41.0922407968
40.4817868842
39.8319968115
39.1383541882
38.3989180417
37.6142133765
36.7870530425
35.9222989753
35.0265725531
34.1079251557
33.1754809639
32.2390645899
31.3088262564
30.3948769598
29.5069453739
28.6540671962
27.8443162632
27.084585103
26.3804207171
25.7359193547
25.1536819276
24.6348295853
24.1790769032
23.7848581865
23.4495006405
23.1694366434
22.9404461345
22.7579192423
22.6171287311
22.5135016779
22.4428799839
22.4017598788
22.3875014638
22.3985005252
22.4343162934
22.4957504733
22.5848746612
22.705005145
22.8606259793
23.0572630765
23.3013137974
23.5998380959
23.9603186276
24.3903983156
24.8976046591
25.4890705257
26.1712612945
26.9497179961
27.8288255395
28.8116142574
29.8996018483
31.0926814133
32.3890596995
33.785247949
35.2761059497
36.8549380702
38.5136382882
40.2428795493
42.0323412845
43.8709676129
45.7472477088
47.6495090514
49.5662138314
51.4862486666
53.3991979914
55.295592019
57.1671210144
59.0068087299
60.8091392094
62.5701327128
64.2873682002
65.9599515866
67.5884307779
69.1746602634
70.7216197142
72.2331925656
73.7139118908
75.168681968
76.602484759
78.0200810354
79.4257160889
80.8228398404
82.213850726
83.5998719979
84.98056806
86.3540072037
87.7165756475
89.062946173
90.3861029415
91.677422315
92.9268077673
94.1228752918
95.2531841611
96.3045065071
97.2631280206
98.1151711449
98.8469314894
99.4452178334
99.8976860391
100.193157434
100.32191276
100.275953591
100.049224149
99.6377877111
99.0399531815
98.2563489364
97.2899426128
96.1460071122
94.8320346359
93.3576020289
91.7341920417
89.9749762687
88.0945664742
86.1087417261
84.0341592273
81.8880569296
79.6879559651
77.4513706143
75.1955329877
72.9371388391
70.6921199928
68.4754477841
66.3009707292
64.1812883935
62.1276621704
60.1499624455
58.2566504633
56.4547921579
54.7501003016
53.1470005854
51.6487167026
50.2573691675
48.9740824811
47.7990953429
46.7318689031
45.7711885332
44.9152552373
44.1617636123
43.5079641504
42.9507086338
42.4864783524
42.1113958489
41.8212218183
41.6113396282
41.476730648
41.4119441504
41.4110659555
41.4676902155
41.5748987641
41.7252522937
41.9107972693
42.1230919555
42.3532542436
42.5920331405
42.8299048567
43.057193425
43.2642147554
43.4414419971
43.5796890902
43.6703084812
43.7053981732
43.6780126284
43.5823715487
43.4140602593
43.1702153213
42.849689106
42.4531873823
41.9833744843
41.4449413343
40.8446324653
40.1912292044
39.4954873004
38.7700284821
38.0291866742
37.2888108426
36.5660276456
35.8789682043
35.2464643307
34.687720438
34.2219680827
33.8681106189
33.644365782
33.567914136
33.6545612274
33.918420987
34.3716274137
35.0240808943
35.8832346602
36.9539259042
38.2382549883
39.7355150146
41.4421728316
43.3519013429
45.4556618103
47.741833731
50.1963888438
52.8031049157
55.5438141887
58.3986807544
61.3465006772
64.3650184084
67.4312529304
70.5218271359
73.613294166
76.6824547972
79.7066604601
82.6640970673
85.5340455051
88.2971153843
90.9354494071
93.4328964898
95.7751525411
97.9498685211
99.9467260798
101.757481677
103.375980604
104.798142765
106.021922398
107.047244196
107.875918387
108.511537461
108.959357171
109.22616441
109.320134413
109.250679583
109.028292063
108.664381982
108.171113094
107.561237383
106.847930035
106.044626046
105.164859664
104.222107796
103.229638493
102.200365611
101.146710827
100.080474179
99.0127143822
97.9536402274
96.9125143724
95.8975708752
94.9159477709
93.9736359279
93.0754453014
92.22498952
91.4246895128
90.6757965967
89.9784351046
89.3316642528
88.7335585292
88.1813054431
87.6713190291
87.1993670523
86.7607094445
86.350245115
85.9626639578
85.592600614
85.2347863793
84.8841955633
84.5361826328
84.1866065971
83.8319393354
83.4693549087
83.0967973412
82.7130248924
82.3176294468
81.9110303212
81.4944424937
81.0698199899
80.6397758838
80.2074810692
79.7765446025
79.3508789969
78.9345543291
78.5316453981
78.1460764255
77.7814679093
77.4409902209
77.1272283766
76.8420621163
76.5865649933
76.3609256359
76.1643936924
75.9952522435
75.8508176772
75.7274672015
75.6206933379
75.5251839286
75.4349254249
75.3433265259
75.2433586353
75.127709109
74.9889429069
74.8196680344
74.6127000847
74.3612212642
74.0589295005
73.700173591
73.2800708268
72.7946041217
72.2406963515
71.6162603519
70.9202238058
70.1525290468
69.3141085829
68.4068378862
67.4334676666
66.3975384322
65.3032806179
64.1555039209
62.9594797023
61.720820401
60.4453598495
59.1390381932
57.8077947953
56.4574720846
55.093732777
53.7219923052
52.3473676421
50.9746430316
49.6082524653
48.2522780975
46.9104631942
45.5862376881
44.2827539792
43.0029302955
41.7494987256
40.5250549529
39.3321067689
38.1731186172
37.0505497054
35.966883612
34.9246477949
33.9264219468
32.9748347305
32.0725490277
31.2222364299
30.4265422622
29.688042932
29.0091978206
28.3922982588
27.8394163374
27.3523563915
26.9326119508
26.5813307712
26.2992902624
26.0868852077
25.944129151
25.8706702277
25.8658215564
25.9286056176
26.0578113527
26.2520620482
26.5098914544
26.8298250592
27.2104630089
27.6505608767
28.1491043236
28.70537371
29.3189948827
29.989972704
30.718704377
31.5059702674
32.3529006847
33.2609179547
34.231654064
35.2668451346
36.3682049878
37.5372810088
38.7752964258
40.0829839028
41.4604160012
42.9068385562
44.4205133066
45.9985762072
47.636917719
49.3300910077
51.0712534019
52.8521456603
54.6631126122
56.4931675727
58.3301016444
60.1606376266
61.9706268092
63.745285478
65.4694665448
67.1279603933
68.7058178409
70.1886871009
71.5631558357
72.8170888383
73.9399516059
74.9231100835
75.7600971678
76.4468371785
76.981820395
77.3662209315
77.6039526175
77.7016591614
77.6686366283
77.5166881297
77.2599125337
76.9144309141
76.4980562946
76.0299139633
75.5300211748
75.0188363687
74.5167890783
74.0438024403
73.618820619
73.2593535144
72.9810508212
72.7973168516
72.7189765461
72.7540017999
72.9073056549
73.1806101086
73.5723913119
74.077903823
74.6892834336
75.3957259275
76.1837370509
77.0374470259
77.9389811789
78.8688767399
79.806534644
80.7306942627
81.6199184451
82.453076066
83.2098094695
83.8709747491
84.419043711
84.8384575842
85.1159240409
85.2406508206
85.2045111623
85.0021382722
84.6309481398
84.0910920869
83.3853424359
82.5189165524
81.4992461947
80.3357005455
79.039272457
77.6222382897
76.097802235
74.4797361721
72.7820259319
71.0185343128
69.202690366
67.3472133425
65.4638783381
63.5633291117
61.6549418561
59.7467419154
57.8453736363
55.9561217656
54.0829811258
52.2287697671
50.3952794524
48.5834562315
46.7936030245
45.0255955957
43.2791030658
41.5538041846
39.8495909663
38.1667519524
36.5061282879
34.8692369417
33.2583567227
31.6765742019
30.1277881844
28.6166729328
27.1486018793
25.7295350068
24.3658743987
23.0642935957
21.8315473216
20.6742688211
19.5987624643
18.6107994101
17.7154239699
16.9167779002
16.2179491716
15.6208508612
15.1261347103
14.7331426347
14.4398981036
14.2431378776
14.1383831518
14.120047756
14.1815797514
14.3156315939
14.5142530344
14.7691001476
15.0716533298
15.4134368235
15.7862322982
16.1822792673
16.5944556155
17.0164322557
17.4427968834
17.8691429233
18.2921210322
18.7094518781
19.1199003172
19.5232124887
19.9200186852
20.3117060995
20.7002666347
21.0881258767
21.4779600134
21.8725079327
22.2743859212
22.6859123066
23.1089490448
23.5447666638
23.993938144
24.4562662907
24.9307479487
25.4155770857
25.9081873587
26.4053333313
26.9032080845
27.3975935978
27.8840390246
28.3580608952
28.8153583755
29.2520360381
29.6648261772
30.0513025431
30.4100774863
30.7409748919
31.0451719289
31.3253035295
31.5855246131
31.831526342
32.0705041139
32.3110764933
32.5631558308
32.8377728537
33.1468589906
33.5029915625
33.9191081986
34.4081978655
34.9829767115
35.6555574906
36.4371216287
37.337603018
38.3653923718
39.5270704582
40.827177759
42.2680271132
43.8495647185
45.5692835272
47.422191623
49.4008366495
51.4953858241
53.6937595652
55.9818153265
58.3435769131
60.7615033956
63.2167907621
65.689698689
68.1598942876
70.6068044032
73.0099680093
75.3493804575
77.6058217803
79.7611619064
81.7986364846
83.7030880101
85.461168061
87.0614976463
88.4947839019
89.7538926014
90.8338771471
91.731965816
92.447510049
92.9818974364
93.3384337615
93.5221989954
93.5398824797
93.3996026879
93.1107169254
92.683626119
92.1295794841
91.460483352
90.6887178273
89.8269642463
88.8880456637
87.8847818238
86.829859323
85.7357169586
84.614445618
83.477701521
82.3366311935
81.2018062497
80.0831658944
78.9899650291
77.9307259539
76.9131918958
75.9442809394
75.03003938
74.1755940297
73.3851035661
72.6617095833
72.0074885698
71.4234065572
70.9092786353
70.4637358965
70.0842026154
69.7668865959
69.5067855942
69.2977125638
69.1323421525
69.0022804342
68.8981592714
68.809756018
68.7261384859
68.6358342544
68.5270225252
68.3877458375
68.2061381133
67.9706647049
67.6703694269
67.2951229759
66.8358667157
66.2848455468
65.635823503
64.8842758358
64.027551663
63.0650017639
61.9980667984
60.8303220852
59.5674760812
58.2173208307
56.7896338629
55.2960322867
53.7497811097
52.1655590697
50.5591864658
48.9473205792
47.3471252412
45.7759219183
44.2508303015
42.7884068027
41.4042895445
40.1128583969
38.9269183334
37.8574138877
36.9131817799
36.1007478767
35.4241735816
34.8849555392
34.4819812234
34.2115415985
34.0674006296
34.0409200191
34.1212361928
34.2954852955
34.549070807
34.8659673977
35.229053821
35.620467018
36.0219691974
36.4153194582
36.7826415493
37.1067795992
37.3716340949
37.5624710194
37.6661978546
37.6716010944
37.5695409602
37.3531001388
37.0176845348
36.5610752172
35.9834319052
35.2872494541
34.4772698407
33.5603530772
32.5453112919
31.4427108823
30.2646481529
29.0245042091
27.7366850616
26.4163529311
25.0791546194
23.7409525558
22.4175637395
21.1245113124
19.8767929142
18.6886693381
17.5734763147
16.543461556
15.6096484837
14.7817273917
14.0679741457
13.4751959393
13.0087031014
12.6723055038
12.4683317519
12.397669057
12.4598214904
12.6529841961
12.9741310934
13.4191136179
13.9827681234
14.65902969
15.4410502334
16.3213189959
17.2917836834
18.3439707135
19.4691032254
20.6582156794
21.9022640359
23.1922306385
24.5192230446
25.874566141
27.2498869551
28.6371916303
30.0289340818
31.4180758837
32.7981369811
34.1632368602
35.5081258619
36.8282063942
38.1195438821
39.3788673998
40.6035600602
41.7916393827
42.9417280293
44.0530154797
45.1252114076
46.158491715
47.1534383684
48.1109743594
49.0322952657
49.9187990141
50.772015537
51.5935380589
52.3849577437
53.1478033803
53.8834876707
54.5932615224
55.2781775287
55.9390635587
56.5765070761
57.1908504707
57.7821973329
58.350429236
58.8952322317
59.4161319198
59.9125356393
60.3837800561
60.8291822032
61.248091876
61.6399432
62.0043031825
62.3409151307
62.6497349734
62.9309587496
63.1850398288
63.4126947867
63.6148972747
63.7928596676
