234.537889157
228.890469445
323.174318597
474.2890105
639.534005166
808.690091358
987.225733777
1155.67237062
1261.47822433
1259.05521753
1152.21623426
988.488708364
813.086535502
638.407417663
462.719975848
308.077814894
223.362994624
244.023155472
356.979771259
514.535506671
680.452898657
851.688325925
1031.14895649
1190.03483
1272.52219154
1242.24873979
1116.34860537
946.595272953
771.389221053
596.277382009
422.250425049
279.590520285
218.587639317
264.781021483
393.395298095
555.119305187
721.638425979
895.339150662
1074.06362591
1219.88811399
1276.69475464
1219.60280422
1077.90858795
904.522214661
729.726096891
554.045502887
383.456576026
255.952645374
220.344181403
290.543229181
431.692515936
595.832954041
763.253682975
939.487851728
1115.21002785
1244.42321053
1273.90701512
1191.81057607
1037.66376786
862.502499121
687.988663749
511.921571633
347.066147607
237.82573486
228.559661755
320.584720492
471.232319301
636.606059508
805.450937677
983.827430804
1153.73860911
1262.94761587
1264.2911376
1159.66456024
996.284671125
820.636549581
646.085525678
470.2547207
313.866521435
225.737579114
242.959973738
354.123915742
511.49708089
677.483388961
848.326544947
1027.89160997
1188.75463535
1274.92938511
1248.19080477
1124.00597899
954.314922515
778.916486309
603.984410542
429.534725296
284.659858031
220.046064941
263.087931514
390.37290415
552.110960269
718.591981505
891.879949155
1071.06202054
1219.36916804
1280.03137369
1226.13764784
1085.67302024
912.153983561
737.260326776
561.748861196
390.37970658
260.214019083
220.913989065
288.333884603
428.586074172
592.846708492
760.100149169
935.980497036
1112.58938953
1244.7524419
1278.13291383
1198.81550225
1045.45206159
870.053668895
695.552995424
519.566174194
353.510937868
241.213247551
228.297004331
317.976486778
468.103247491
633.61847982
802.171959218
980.345173019
1151.62737282
1264.1854748
1269.33715758
1167.0153207
1004.03571538
828.128476369
653.690406522
477.763893749
319.716566436
228.212629858
241.945809624
351.230378918
508.383819338
674.461340921
844.921209533
1024.52949112
1187.27661217
1277.10583386
1253.96345852
1131.58432561
961.990963136
786.378605875
611.622611607
436.813124571
289.807025611
221.600104403
261.422533781
387.296958119
549.029148649
715.499296128
888.368990541
1067.9327012
1218.63571677
1283.14391154
1232.52536184
1093.37344585
919.73980165
744.723465214
569.392062142
397.318039972
264.565656439
221.569202337
286.130098369
425.414136659
589.791411484
756.904629612
932.408672794
1109.81729011
1244.85525514
1282.14679434
1205.69593016
1053.18720889
877.553767301
703.042570363
527.163440542
359.992138473
244.698506408
228.104855441
315.352268326
464.90105948
630.568262036
798.852127666
976.78157934
1149.34156307
1265.19054382
1274.1877845
1174.26315197
1011.7400438
835.562541948
661.220114988
485.242206535
325.622934812
230.787398861
240.983554508
348.30120851
505.194157238
671.383838558
841.472206839
1021.06574129
1185.60299004
1279.04906895
1259.56077344
1139.07897909
969.622409102
793.775654158
619.189157757
444.07995602
295.027780336
223.250145277
259.787972016
384.168730518
545.871618649
712.357805117
884.807109225
1064.67907244
1217.68907988
1286.02876387
1238.75988014
1101.00604862
927.279328926
752.115183003
576.971397628
404.265798477
269.004289889
222.311228449
283.934976164
422.177092092
586.664326581
753.665147727
928.774112786
1106.89710617
1244.73188029
1285.94406993
1212.44595057
1060.86632043
885.002881627
710.456440428
534.708861242
366.504147845
248.279356793
227.985456588
312.714855009
461.625236525
627.452431061
795.490243314
973.139155708
1146.88422819
1265.96185717
1278.83766738
1181.40257468
1019.39569177
842.93900732
668.672921619
492.684501012
331.580487185
233.460906237
240.076043759
345.338636373
501.926721666
668.247935464
837.979238782
1017.50344311
1183.73620324
1280.75690373
1264.97690085
1146.48511906
977.208138725
801.107798395
626.681445427
451.329628523
300.317705743
224.996362676
258.187398568
380.989705665
542.636270846
709.164859149
881.194959042
1061.30454252
1216.5308271
1288.68258176
1244.83515004
1108.56683477
934.772135199
759.435296594
584.483372913
411.217217873
273.526442109
223.141298028
281.751695726
418.875556818
583.462819814
750.379596196
925.078391252
1103.83228431
1244.38282843
1289.52036707
1219.05960594
1068.48632424
892.401063396
717.793844409
542.198113384
373.041315099
251.953414516
227.940922001
310.067167077
458.275483173
624.268056487
792.084942287
969.420287035
1144.25855239
1266.49874326
1283.28161411
1188.42800696
1027.00052357
850.258156524
676.04731241
500.085764534
337.583974539
236.231939981
239.226044467
342.345071902
498.580341544
665.050671333
834.441826196
1013.84560931
1181.67888091
1282.2274408
1270.20608833
1153.79778013
984.74688832
808.375288781
634.097097475
458.556642459
305.672224193
226.838715216
256.623961718
377.761579724
539.32117188
705.917738387
877.533012098
1057.8125106
1215.16277233
1291.1022827
1250.74515001
1116.05163917
942.217690249
766.683759127
591.924713917
418.166565161
278.12843534
224.060457438
279.583495599
415.510376244
580.184374333
747.045748522
921.322919126
1100.62632882
1243.80888896
1292.8715395
1225.53090608
1076.04396679
899.748316917
725.05420311
549.627071834
379.597956551
255.718070686
227.973228322
307.412244996
454.851732722
621.012269424
788.634705529
965.627228657
1141.46784343
1266.80082655
1287.51460762
1195.33377764
1034.55223052
857.520285939
683.341986309
507.441143054
343.628053983
239.099057054
238.436243479
339.323095723
495.154057629
661.789087344
830.859312747
1010.09517181
1179.43383763
1283.45907803
1275.24269763
1161.01186282
992.237245731
815.578447119
641.433965375
465.755606273
311.08661018
228.776941818
255.100793409
374.486256942
535.924566461
702.613667111
873.821559775
1054.20635493
1213.58696619
1293.28506032
1256.48390695
1123.45613138
949.615355275
773.860651965
599.292373514
425.108155141
282.806400881
225.069562064
277.433662754
412.082625293
576.826605999
743.661271973
917.508939634
1097.2827881
1243.01112649
1295.99368149
1231.85384488
1083.535816
907.044589235
732.237112412
556.991818533
386.168373109
259.570497947
228.084204869
304.753239574
451.354152412
617.682278019
785.137867412
961.762099629
1138.51552067
1266.86802831
1291.53182185
1202.11414115
1042.04832886
864.725692117
690.555852543
514.745954877
349.707304946
242.060584985
237.70923584
336.275451485
491.647130443
658.460242971
827.230870975
1006.25497205
1177.00406219
1284.45051349
1280.08122161
1168.12214431
999.677645292
822.717656327
648.690130502
472.92125145
316.556003737
230.810559473
253.620996366
371.165845761
532.444889775
699.249829332
870.06071345
1050.48942017
1211.80568845
1295.22839363
1262.04551405
1130.77582376
956.96437487
780.966174474
606.583536032
432.036368042
287.556290173
226.169270238
275.305520667
408.593608505
573.387276941
740.223740088
913.637526172
1093.80524232
1241.99087636
1298.88314044
1238.02241725
1090.95826421
914.28975916
739.342336751
564.28865205
392.746867659
263.507657125
228.275524566
302.093400612
447.783146618
614.275383851
781.59262639
957.826875939
1135.40510189
1266.70056606
1295.32863691
1208.76329193
1049.48615976
871.874660958
697.688026989
521.995702357
355.81624512
245.114624924
237.047513218
333.20503781
488.059048471
655.061232012
823.555508018
1002.32775084
1174.39270698
1285.20074943
1284.71630157
1175.123291
1007.06636366
829.793348451
655.863903556
480.048448124
322.075425318
232.93886181
252.187631829
367.802653499
528.880778042
695.823383777
866.250407387
1046.66500611
1209.82143921
1296.93005491
1267.42414854
1138.0060794
964.263868822
788.0006345
613.79562195
438.945665638
292.373885911
227.360037966
273.202416378
405.044858102
569.86431011
736.730646858
909.709580166
1090.19728984
1240.74973918
1301.53652865
1244.03063597
1098.30753315
921.483627813
746.369800717
571.514095042
399.327761907
267.526305432
228.548695267
299.436065897
444.13936002
610.788997381
777.997055247
953.823384632
1132.14019096
1266.29895252
1298.900654
1215.27538033
1056.862889
878.96745578
704.737826915
529.186084147
361.949347643
248.259055211
236.453453097
330.114898926
484.389534403
651.589198725
819.832073533
998.316139955
1171.60307566
1285.70909502
1289.14274398
1182.00987083
1014.40151559
836.805993711
662.953824183
487.132219007
327.639790264
235.160918707
250.803706854
364.399179876
525.231079426
692.33148025
862.390401265
1042.73635565
1207.63692927
1298.38811689
1272.61408917
1145.14212198
971.512825702
794.964437286
620.926290321
445.830607787
297.25481466
228.642114557
271.127708186
401.438132123
566.255802261
733.179420366
905.725829956
1086.46253499
1239.28957474
1303.95073414
1249.87254941
1105.57967881
928.625908374
753.319580679
578.664901881
405.905414163
271.623004807
228.905051947
296.784649163
440.423678758
607.220652958
774.349113192
949.753299409
1128.72446409
1265.66399284
1302.2437093
1221.64452815
1064.17550849
886.004306619
711.704765957
536.313005387
368.101057448
251.491536171
235.929307967
327.008214615
480.638551269
648.041354447
816.059267113
994.222653115
1168.63861148
1285.97516826
1293.35553664
1188.77636724
1021.6810518
843.756088246
669.958658334
494.167753417
333.243924698
237.475576832
249.472162261
360.958110724
521.49486285
688.771275028
858.480285116
1038.70664441
1205.25507035
1299.60095863
1277.60973391
1152.17904543
978.710095853
801.858074469
627.973441363
452.685868805
302.194559368
230.015538971
269.084752318
397.775410499
562.560036247
729.567437938
901.686831307
1082.6045747
1237.61249469
1306.12293069
1255.54225864
1112.77059792
935.716217513
760.191895789
585.738064113
412.474235798
275.79413185
229.345749422
294.142627724
436.637231592
603.568024162
770.646657479
945.618135941
1125.16165713
1264.79678141
1305.35388741
1227.86484537
1071.42083859
892.985398598
718.588546965
543.372587839
374.265808844
254.80951586
235.477195385
323.888290074
476.806306634
644.414993122
812.23564786
990.049679005
1165.50288443
1285.99889655
1297.34986475
1195.41719266
1028.90275636
850.644142513
676.877395859
501.150420605
338.882580868
239.881460988
248.195860325
357.482309431
517.671427124
685.139947519
854.519483897
1034.57896946
1202.67896373
1300.56727065
1282.40561698
1159.11182518
985.854386407
808.682113116
634.935216814
459.506252259
307.188473333
231.48013719
267.076890448
394.058891211
558.775493469
725.892040581
897.59296774
1078.62698655
1235.72085458
1308.05058687
1261.03393547
1119.87603542
942.754066123
766.98709758
592.730816131
419.028708714
280.035887945
229.871755917
291.513530167
432.781388853
599.828937599
766.887456738
941.419249361
1121.45555196
1263.69869714
1308.22753386
1233.93044652
1078.59553064
899.910861769
725.389055394
550.361179003
380.438042099
258.210236412
235.099088229
320.758544324
472.893256777
640.707507668
808.359643797
985.79947365
1162.19957808
1285.78051644
1301.12112597
1201.92670394
1036.06424627
857.470669838
683.70924598
508.075781566
344.550453825
242.37697665
246.977573185
353.974808865
513.760308273
681.434715859
850.507263415
1030.35633997
1199.91188936
1301.28605867
1286.99642616
1165.93533
992.944255703
815.437183448
641.810000371
466.28670667
312.231793976
233.035520342
265.107436557
390.290984415
554.900864311
722.150548856
893.44445296
1074.53331633
1233.61724483
1309.73147401
1266.34183954
1126.89159197
949.738851801
773.705660208
599.640638584
425.563401424
284.344310484
230.483847307
288.900923171
428.857761522
596.001387215
763.069204137
937.157831229
1117.60996301
1262.37139823
1310.86126683
1239.83546781
1085.69607161
906.780760095
732.106350522
557.27535958
386.612221051
261.690741764
234.7968058
317.622498989
468.900109064
636.916404898
804.429562142
981.474154861
1158.73247677
1285.32057192
1304.66494521
1208.29921683
1043.16297066
864.236173841
690.453632917
514.939601178
350.242197427
244.960313108
245.819971308
350.438801488
509.761286032
677.652853599
846.442737633
1026.04166711
1196.95729332
1301.75664661
1291.37701909
1172.64433408
999.978109859
822.123967497
648.596416139
473.022339203
317.319657663
234.681083857
263.179664012
386.474306667
550.935058971
718.34027785
889.241333069
1070.32706585
1231.30448132
1311.16367327
1271.4603362
1133.81273351
956.669850766
780.348168863
606.465261622
432.072985794
288.715284929
231.182602232
286.308398721
424.868198423
592.083546899
759.189531003
932.834908884
1113.62872446
1260.8168154
1313.25198802
1245.57408415
1092.71878839
913.595081582
738.740657244
564.11195108
392.782849655
265.247885693
234.572005397
314.483765697
464.827823292
633.039321241
800.443601044
977.075696253
1155.10545162
1284.61991211
1307.97718858
1214.52902201
1050.19621211
870.941137666
697.110189561
521.737858216
355.952441154
247.629447953
244.72561232
346.877629677
505.674389856
673.791705126
842.324875765
1021.63775572
1193.81877581
1301.97867788
1295.54243976
1179.23353062
1006.95419889
828.743186401
655.293326577
479.708429935
322.447114964
236.416007414
261.296793104
382.611673223
546.877216232
714.458553441
884.983490839
1066.0116821
1228.78559454
1312.34558151
1276.38391355
1140.63480038
963.546211303
786.915309055
613.20266685
438.552252352
293.144557004
231.968398018
283.739560549
420.814782474
588.073783511
755.24602165
928.451344196
1109.51567647
1259.03714489
1315.39689247
1251.14052649
1099.65985422
920.353728836
745.292355997
570.868021079
398.944489338
268.878341252
234.426174539
311.346033935
460.677612642
629.074036836
796.399860742
972.605923185
1151.32244742
1283.67968749
1311.0539766
1220.61040135
1057.16108775
877.586011671
703.678750979
528.466755773
361.675807121
250.38215204
243.696930642
343.294774438
501.499903008
669.848701997
838.152511426
1017.1472959
1190.50007767
1301.9521163
1299.48793397
1185.69754505
1013.87061448
835.295588843
661.899829561
486.340444293
327.609145789
238.239255987
259.461978216
378.706090428
542.726712503
710.502727857
880.67064973
1061.59054541
1226.06381891
1313.2759162
1281.10719963
1147.35301851
970.366947766
793.407854247
619.851087686
444.996126134
297.627746281
232.841407445
281.198011147
416.699826637
583.970667977
751.236227428
924.007834568
1105.2746529
1257.03483989
1317.29347749
1256.52909921
1106.51529485
927.056509378
751.761973136
577.540888815
405.091775235
272.578610426
234.360624075
308.213057643
456.45094255
625.018490176
792.296356644
968.066508815
1147.38746827
1282.50134514
1313.89169661
1226.53764332
1064.05455238
884.171202927
710.15934705
535.122729355
367.406926392
253.215995737
242.736227128
339.693844365
497.238366622
665.821378329
833.924351241
1012.5728553
1187.00506758
1301.67724542
1303.20896465
1192.03094984
1020.72528863
841.781938162
668.41525372
492.914045758
332.800675661
240.14958161
257.678295864
374.760746602
538.483168646
706.47019539
876.302379919
1057.06695962
1223.14258081
1313.95371909
1285.62497931
1153.96251006
977.130934619
799.826654386
626.409009678
451.39968101
302.16035946
233.801596351
278.687338044
412.525867764
579.772986826
747.15768229
919.504914035
1100.90946789
1254.81260134
1318.93955062
1261.73419718
1113.28099659
933.703127569
758.150169687
584.128128311
411.219432717
276.345035113
234.376481794
305.088642391
452.149529541
620.870791493
788.13103162
963.458970982
1143.30456447
1281.08662332
1316.48701437
1232.30506105
1070.87340138
890.697063528
716.552193561
541.702455359
373.140456361
256.128355757
241.845659726
336.078563465
492.890581561
661.707385808
829.638985465
1007.91687293
1183.33772787
1301.15466679
1306.70122612
1198.22827879
1027.51599234
848.203000693
674.839153771
499.425106719
338.016591339
242.145526183
255.94873241
370.779002132
534.146457029
702.358408606
871.878104163
1052.44414141
1220.02548602
1314.37835892
1289.93221044
1160.45830603
983.836902369
806.172623058
632.875168478
457.758153989
306.737805068
234.848722255
276.211100879
408.295660609
575.479751626
743.007917408
914.942955203
1096.42390413
1252.37336829
1320.33323633
1266.75032324
1119.95271435
940.293175965
764.457730302
590.627571789
417.322293601
280.173808211
234.474687058
301.976631448
447.775337948
616.629235491
783.901770093
958.7846708
1139.0778181
1279.43754441
1318.83688465
1237.90700776
1077.61427535
897.163880607
722.857683694
548.202857226
378.871096917
259.116422924
241.027234371
332.45275847
488.457610373
657.504509074
825.294898104
1003.18165253
1179.50214109
1300.38529729
1309.96065794
1204.28404275
1034.24033644
854.559533092
681.171303935
505.869719112
343.251757556
244.225425259
254.27617279
366.764379492
529.716706361
698.164893576
867.397105211
1047.72521151
1216.71630733
1314.54953275
1294.02404006
1166.83535839
990.483433075
812.446725104
639.248548109
464.066958908
311.355407686
235.982333683
273.77281779
404.012169841
571.090208652
738.784477015
910.322172998
1091.82170014
1249.72030674
1321.47298189
1271.5721049
1126.52608102
946.826128477
770.685551707
597.037310632
423.395311171
284.060986014
234.655986049
298.88089246
443.330576688
612.292313953
779.606411231
954.044810905
1134.71132993
1277.55640759
1320.93856099
1243.33789449
1084.27366556
903.571865537
729.076377509
554.621111756
384.593607533
262.177211
240.282796823
328.820346205
483.940776892
653.21067953
820.890478772
998.369358063
1175.50247569
1299.37036511
1312.98345805
1210.19274472
1040.89577199
860.852270852
687.411691408
512.244204203
348.501032921
246.387412494
252.663389058
362.720551536
525.194306591
693.887265831
862.858533807
1042.91318529
1213.21897061
1314.46726652
1297.89581953
1173.08855353
997.068957886
818.649964253
645.528376818
470.321698619
316.00842344
237.201770591
271.375952724
399.67856219
566.60384678
734.48493339
905.64262797
1087.10653932
1246.85679856
1322.35756188
1276.1943114
1132.99661769
953.301333015
776.834630023
603.355696599
429.43357582
288.002500555
234.920927968
295.805303489
438.81769383
607.858726752
775.242763739
949.240435882
1130.20920573
1275.44577997
1322.78960426
1248.59220655
1090.84791959
909.921144771
735.20899204
560.954653213
390.302823015
265.307565733
239.614024941
325.185319815
479.341665977
648.823989741
816.42403419
993.482008715
1171.34297158
1298.11140504
1315.76609464
1215.94889629
1047.47959283
867.081915988
693.560507899
518.545120536
353.759286847
248.629425272
251.113029957
358.651330232
520.579911911
689.523245096
858.261417017
1038.01096532
1209.53754165
1314.131914
1301.54311968
1179.21272622
1003.59175421
824.783369805
651.71412327
476.518177499
320.69205497
238.506165571
269.023902454
395.298196685
562.020404622
730.106902728
900.904231809
1082.28203817
1243.78642906
1322.98608181
1280.61186987
1139.35974386
959.718006009
782.906048845
609.581340668
435.432328888
291.994172946
235.269862039
292.753739028
434.239371308
603.327392943
770.808620039
944.372432332
1125.57554271
1273.10848739
1324.38789044
1253.66452083
1097.33324885
916.211750055
741.256389576
567.201177162
395.993670052
268.504175306
239.022421916
321.55173549
474.662121292
644.342706173
811.893800624
988.521476028
1167.0279264
1296.6102522
1318.30531771
1221.54703328
1053.98893781
873.249125804
699.618141549
524.769272148
359.021415472
250.949210888
249.627610643
354.560653706
515.87444276
685.070670694
853.6046682
1033.02133332
1205.67621141
1313.54415505
1304.96174457
1185.20267344
1010.04994494
830.847984467
657.805490507
482.652411819
325.401467172
239.894446014
266.719983969
390.874615149
557.339877081
725.648060068
896.10675245
1077.35173618
1240.51297415
1323.35798043
1284.81988154
1145.61078947
966.075226613
788.900965831
615.713111679
441.386977031
296.031727207
235.702935425
289.730056507
429.598517533
598.697460019
766.301770799
939.4415311
1120.81441716
1270.54760376
1325.73161712
1258.54952216
1103.72573584
922.44361001
747.219566507
573.35864313
401.661182256
271.763580836
238.509310026
317.923698029
469.904242079
639.765282316
807.297957137
983.489480636
1162.56168059
1294.86903526
1320.59816926
1226.98173232
1060.42079515
879.354501825
705.58516673
530.913714389
364.282358125
253.344333884
248.209503082
350.452573836
511.07908736
680.527515486
848.887096525
1027.94694416
1201.63928228
1312.70499251
1308.14774535
1191.05316961
1016.44149738
836.84485113
663.802409743
488.720640614
330.131803289
241.365337125
264.467422556
386.4115308
552.56251996
721.106154956
891.249821148
1072.31908558
1237.04038761
1323.47303094
1288.81363732
1151.74500632
972.371932334
794.820600273
621.750133814
447.29310484
300.110804076
236.220091941
286.738082168
424.898260045
593.968313252
761.720020285
934.448309045
1115.92987111
1267.76644027
1326.81930894
1263.24202007
1110.02134332
928.616542278
753.099640592
579.425275377
407.300515867
275.08218814
238.075825426
314.305347135
465.070379533
635.090369951
802.63463837
978.387591056
1157.94860388
1292.89016843
1322.64199278
1232.24762734
1066.7720064
885.398578497
711.462334456
536.975759993
369.537113649
255.812183839
246.860927281
346.331242339
506.195301101
675.891900327
844.107418236
1022.79031974
1197.43115295
1311.61574791
1311.09743258
1196.75898108
1022.76422417
842.775000802
669.705033233
494.719334147
334.878200108
242.917365908
262.269339764
381.912817194
547.688854608
716.479026331
886.3329393
1067.18744175
1233.37278678
1323.33134102
1292.58863265
1157.7575813
978.606915619
800.666219327
627.69178225
453.146487646
304.226975889
236.821071784
283.781597817
420.141936656
589.139582994
757.061200682
929.393193063
1110.92590082
1264.76853338
1327.64982198
1267.73696532
1116.21592304
934.730245578
758.897838904
585.399563757
412.90696391
278.456279474
237.722913593
310.700842653
460.163131085
630.316830828
797.901948696
973.217222543
1153.19308061
1290.67634227
1324.43444153
1237.33942567
1073.03927252
891.381813456
717.250560885
542.952982765
374.780755775
258.349984259
245.583942846
342.20089736
501.224806006
671.162107343
839.26426737
1017.55384374
1193.05630415
1310.27805643
1313.8073883
1202.31488205
1029.01578409
848.639439767
675.513725425
500.645202799
339.635804622
244.54886593
260.128742362
377.382495809
542.719670281
711.764617031
881.355486881
1061.96005489
1229.51443832
1322.93335177
1296.1405822
1163.64364903
984.77882031
806.439125346
633.537679021
458.943102621
308.375760953
237.50541203
280.864327131
415.333085506
584.211152179
752.323187557
924.276463601
1105.80644432
1261.55763215
1328.22234698
1272.02946543
1122.30522647
940.784293595
764.615484296
591.280262253
418.475970419
281.88202641
237.451325613
307.114350635
455.185334763
625.443746595
793.097975587
967.979636843
1148.29949645
1288.23051426
1325.97348594
1242.25192485
1079.21915964
897.30457698
722.950915992
548.843221446
380.008449164
260.954801893
244.380441612
338.06584907
496.169587785
666.336592501
834.356208126
1012.23975798
1188.51928338
1308.69386034
1316.27447672
1207.71566957
1035.19368438
854.439137966
681.229054506
506.495203658
344.399789235
246.257982937
258.048511332
372.824723027
537.656026523
706.960988714
876.31673085
1056.64006147
1225.46974399
1322.27983546
1299.46543331
1169.39830605
990.886140291
812.140642057
639.287686482
464.679139613
312.552638985
238.272448133
277.989922832
410.475435263
579.183161492
747.503914238
919.098260262
1100.5753708
1258.13768543
1328.53641129
1276.11480075
1128.28491499
946.778128422
770.253982399
597.066387544
424.003144031
285.355502616
237.26161546
303.550028582
450.140061434
620.470428049
788.220804287
962.675943648
1143.27222428
1285.55589769
1327.25741979
1246.98002838
1085.30810641
903.167143368
728.564611641
554.644581209
385.215463999
263.623557014
243.252140674
333.930465122
491.031893104
661.413998331
829.381746543
1006.85015849
1183.82469051
1306.86540187
1318.49585441
1212.95617988
1041.29528399
860.175016611
686.851781864
512.266546933
349.16536806
248.042681418
256.031391873
368.243777138
532.499253423
702.066335306
871.215834855
1051.23047751
1221.24322559
1321.37189206
1302.55937934
1175.0166243
996.927217582
817.772101527
644.941901181
470.351011175
316.753065908
239.121316216
275.16195365
405.572893249
574.056014746
742.601387021
913.858587301
1095.2364693
1254.51282767
1328.59187989
1279.98843908
1134.15057152
952.711055874
775.81480822
602.757215363
429.484270165
288.872697636
237.154137971
300.012011447
445.030607186
615.396424012
783.268531489
957.307101665
1138.11561146
1282.65595051
1328.28486534
1251.51876238
1091.30243212
908.969681499
734.092988443
560.355435225
390.397191213
266.353034046
242.200576532
329.799156304
485.814224541
656.39316476
824.339343635
1001.38699353
1178.97716288
1304.79521464
1320.4689793
1218.03130363
1047.31779693
865.8479374
692.382852003
517.956701209
353.927811984
249.90075173
254.079983612
363.644044068
527.250951621
697.078997079
866.051869186
1045.73419138
1216.8395097
1320.21094482
1305.41887163
1180.4936662
1002.90024269
823.334831288
650.500645446
475.955360771
320.972489504
240.050956323
272.383892125
400.62953404
568.830382269
737.6136991
908.557320074
1089.79343924
1250.68736511
1328.38895492
1283.64605077
1139.89771265
958.582240513
781.299491987
608.352276941
434.915323552
292.429530496
237.129047854
296.504397349
439.860483691
610.221528256
778.239280258
951.873921868
1132.83396675
1279.53436271
1329.05477741
1255.86329073
1097.1983448
914.712247441
739.537503205
565.97442407
395.549156085
269.139893004
241.227099721
325.676361294
480.519335613
651.273140329
819.227428183
995.852061499
1173.98136046
1302.48611461
1322.19161852
1222.93600232
1053.25829767
871.458690923
697.823380604
523.563396907
358.682464466
251.829818269
252.196731833
359.03000351
521.912990584
691.997473019
860.823821062
1040.15395875
1212.26331287
1318.79873461
1308.0406312
1185.82449875
1008.80325447
828.830140833
655.964459382
481.489071236
325.206364423
241.060116421
269.659102683
395.649586297
563.507203323
732.539045382
903.194212826
1084.24988039
1246.6657607
1327.92817442
1287.0835221
1145.52180071
964.390702596
786.709605943
613.851353259
440.29247865
296.021863896
237.186299483
293.031233486
434.63340874
604.945786562
773.131213732
946.377070334
1127.43154768
1276.19504374
1329.56644605
1260.00893117
1102.99195121
920.394776511
744.899714944
571.500454635
400.667032294
271.980681467
240.332870582
321.566532209
475.150223673
646.053191462
814.044409776
990.247010698
1168.84195194
1299.94118956
1323.66185551
1227.66532361
1059.113726
877.007986449
703.174643095
529.084629675
363.424755997
253.827348018
250.383919209
354.406213787
516.487505843
686.820433752
855.53060629
1034.49239702
1207.51942575
1317.13731325
1310.42165888
1191.00420877
1014.63414219
834.259309502
661.334090723
486.94927093
329.450167532
242.14735741
266.990830012
390.637420067
558.087688087
727.375735787
897.768906164
1078.60928467
1242.45261948
1327.2104096
1290.2969691
1151.01825729
970.135314779
792.04674988
619.254469108
445.612120562
299.645518803
237.325647602
289.596502696
429.353294873
599.569501555
767.942549916
940.817073081
1121.91254919
1272.64210854
1329.8194984
1263.95116983
1108.67926627
926.017076776
750.181271605
576.932697988
405.74665431
274.871846731
239.518855591
317.474119257
469.710122817
640.732811936
808.788692736
984.573338893
1163.56359994
1297.16378826
1324.87809576
1232.21441717
1064.8808941
882.496442116
708.438061489
534.518661604
368.150219238
255.890660173
248.643658198
349.777297414
510.97689566
681.546732677
850.171080204
1028.75198185
1202.61269832
1315.22903588
1312.55924537
1196.02791815
1020.39064716
839.623573509
666.61048504
492.333340067
333.699413298
243.311058714
264.382188522
385.597532382
552.573317409
722.122209191
892.280936279
1072.8750279
1238.05267276
1326.23686115
1293.28274971
1156.38247596
975.814800392
797.312537967
624.561886114
450.870853673
303.296288605
237.546648929
286.20410979
424.024238258
594.09323769
762.671575576
935.194320564
1116.28109167
1268.87986371
1329.81389911
1267.68567607
1114.25622431
931.578823403
755.383895509
582.27058547
410.784030115
