37.2749005991
38.0386269632
38.5688693402
38.8606558419
38.9132168932
38.7299969337
38.3185685388
37.6904506648
36.8608354029
35.8482301907
34.6740247873
33.3619944005
31.9377520917
30.4281649199
28.8607491852
27.2630605611
25.6620948613
24.0837146724
22.5521161199
21.0893486658
19.7148991023
18.4453488754
17.2941116156
16.2712553463
15.3834113607
14.6337692964
14.0221555604
13.5451900491
13.1965141282
12.967081148
12.8454994058
12.8184164741
12.870933195
12.9870354105
13.1500316418
13.3429854261
13.5491318323
13.7522687623
13.9371149508
14.089628045
14.1972777171
14.2492703697
14.236723588
14.1527900016
13.9927316109
13.7539468499
13.43595368
13.0403328061
12.5706356714
12.0322622167
11.4323134972
10.7794241459
10.0835793982
9.35592096414
8.60854550755
7.85429889539
7.10656876241
6.37907733654
5.68567592532
5.04014200578
4.45597951615
3.94622273448
3.52324405717
3.19856605977
2.98267842575
2.88486064903
2.91301182984
3.0734893605
3.37095880279
3.80825775466
4.38627695101
5.103862204
5.95774102723
6.94247787366
8.0504618266
9.27193029792
10.5950318011
12.0059301803
13.488951799
15.0267761505
16.6006691646
18.1907572049
19.776338406
21.3362266529
22.8491222
24.2940017185
25.6505195058
26.8994107311
28.0228869717
29.0050139554
29.832061386
30.4928150105
30.9788416906
31.2846991678
31.4080834278
31.3499080634
31.1143117465
30.7085918171
30.1430640046
29.430850367
28.5875995881
27.6311457502
26.5811135321
25.4584794063
24.2850997703
23.0832179962
21.8749630836
20.6818529254
19.5243151316
18.4212379047
17.3895626303
16.4439286642
15.5963793057
14.8561361862
14.2294473338
13.7195120637
13.3264836527
13.0475485643
12.8770788587
12.8068524232
12.8263338547
12.9230072686
13.0827510451
13.2902435918
13.5293886169
13.7837481892
14.036972
14.2732117295
14.4775102228
14.6361562747
14.7369971446
14.7697024398
14.7259746473
14.5997033035
14.3870615141
14.0865452059
13.6989570594
13.227338487
12.6768542413
12.0546352374
11.369585922
10.6321630123
9.85413266286
9.04831309572
8.22830948146
7.40824740003
6.60251058405
5.82548788569
5.09133355817
4.4137440463
3.80575358054
3.27955000857
2.84631151201
2.51606417678
2.29755983723
2.19817321278
2.22381711057
2.37887437685
2.66614533606
3.08680964206
3.64040175887
4.32479965837
5.13622673836
6.06926739005
7.11689704419
8.27052786541
9.52007151295
10.8540205169
12.2595498106
13.7226397989
15.2282220242
16.760348015
18.302381288
19.8372117281
21.3474907322
22.8158846007
24.2253427285
25.5593762375
26.802341841
27.9397249816
28.9584156845
29.8469701461
30.5958508755
31.1976382341
31.6472065087
31.9418581903
32.0814109319
32.0682326906
31.9072218041
31.6057301814
31.1734293416
30.6221206839
29.9654930458
29.218832252
28.3986889207
27.5225122085
26.608258396
25.6739841879
24.7374352919
23.815641207
22.9245271887
22.078554046
21.2903957671
20.5706639967
19.9276871047
19.3673500517
18.892999508
18.5054167796
18.2028591028
17.9811678455
17.8339401795
17.7527589124
17.7274734727
17.746523566
17.7972958247
17.8665028949
17.9405738628
18.006044746
18.0499379571
18.0601201812
18.0256289696
17.9369595132
17.7863044649
17.5677412922
17.2773633833
16.9133529589
16.4759956751
15.9676385865
15.3925948096
14.7569997284
14.0686248654
13.3366565756
12.571447459
11.7842488339
10.9869327492
10.1917118487
9.41086495764
8.65647556201
7.94018943957
7.27299661608
6.66504161776
6.1254647208
5.66227561655
5.28225967127
4.99091580928
4.79242403452
4.68963976244
4.68411149137
4.77611791689
4.96472039261
5.24782666329
5.62226202746
6.08384450506
6.62746115925
7.24714341315
7.93613996903
8.68698673366
9.49157393271
10.3412113143
11.2266929558
12.1383636614
13.0661892454
13.9998331114
14.9287414574
15.8422391553
16.7296378805
17.5803574276
18.3840603658
19.1307992991
19.8111750516
20.4165031341
20.9389849256
21.3718791614
21.7096686186
21.9482163566
22.0849055588
22.1187569452
22.0505179133
21.8827180138
21.6196860848
21.2675253258
20.8340437742
20.3286390023
19.7621373504
19.1465895786
18.4950264156
17.8211790264
17.1391708663
16.4631886605
15.807141304
15.1843162539
14.60704346
14.0863770089
13.631804437
13.2509930859
12.9495819562
12.7310262687
12.5965004244
12.5448632974
12.572687874
12.6743552182
12.8422106848
13.0667782811
13.3370271735
13.6406826174
13.9645721218
14.2949964947
14.6181146026
14.9203302407
15.1886694738
15.4111371698
15.5770421911
15.6772818173
15.7045773927
15.6536548769
15.5213658636
15.3067466481
15.011014994
14.6375062996
14.1915528122
13.6803113259
13.1125463416
12.4983769355
11.8489965121
11.1763751923
10.492954789
9.81134614826
9.14403810698
8.50312645674
7.90007016261
7.34548070652
6.84894887766
6.41891168068
6.06256034869
5.78578880247
5.59318035821
5.4880291163
5.47239131558
5.54716105638
5.71216421035
5.96626406494
6.30747229653
6.73305921893
7.23965788743
7.82335751635
8.47978274103
9.20415646805
9.99134534686
10.8358881972
11.7320089733
12.6736169768
13.6542979851
14.6673006984
15.7055233822
16.7615057689
17.8274311775
18.8951434016
19.956182238
21.0018405936
22.0232449738
23.0114598631
23.9576151271
24.853054157
25.6894991098
26.4592283456
27.1552600837
27.7715354525
28.3030935465
28.7462308558
29.0986375303
29.3595033806
29.5295873049
29.6112449302
29.6084106375
29.5265317512
29.3724544469
29.1542628023
28.881074305
28.5627969549
28.2098547847
27.8328900935
27.4424518708
27.0486807418
26.6610012276
26.2878321675
25.9363257856
25.6121450987
25.3192881816
25.0599662772
24.8345409037
24.6415230508
24.477635338
24.3379357281
24.2159991258
24.104151044
23.9937455677
23.8754781759
23.7397226472
23.5768803512
23.3777297357
23.1337637921
22.837503715
22.4827778555
22.0649563642
21.5811335795
21.0302521734
20.413165244
19.7326348545
18.9932678672
18.2013922189
17.3648789396
16.4929171356
15.5957507825
14.6843874212
13.7702896882
12.8650610066
11.980136697
11.1264912624
10.3143716686
9.55306513303
8.85070831422
8.21414292318
7.64882074812
7.15875898058
6.74654464392
6.41338494549
6.15919858452
5.98274152391
5.88175953794
5.85315902717
5.89318717701
5.99761253962
6.16189753336
6.38135515554
6.65128334971
6.96707190165
7.32427838739
7.71867148311
8.14624178494
8.60318208798
9.08584075372
9.5906532727
10.1140583344
10.6524055907
11.2018628018
11.7583301549
12.3173692472
12.8741535262
13.4234459262
13.9596080661
14.4766437492
14.9682777062
15.4280686254
15.8495536204
16.2264194687
16.5526943237
16.8229522143
17.032521594
17.1776885215
17.2558848007
17.265851594
17.20776965
17.0833483421
16.8958671525
16.6501650068
16.3525748938
16.0108034085
15.6337571435
15.231320122
14.8140886218
14.3930716805
13.9793672199
13.5838249966
13.2167084221
12.8873676531
12.6039362114
12.3730627449
12.1996884158
12.0868788324
12.0357174859
12.0452654005
12.1125892299
12.2328574453
12.399501663
12.604437662
12.8383383396
13.0909488533
13.3514325756
13.608735313
13.8519545652
14.0707004506
14.2554353069
14.3977798747
14.4907753498
14.5290923927
14.5091803245
14.4293521446
14.2898035565
14.0925667941
13.8414025819
13.5416359368
13.1999436268
12.8241028616
12.4227121189
12.004895871
11.580005322
11.1573271006
10.745811176
10.3538281264
9.98896432467
9.65786170981
9.36610665304
9.11817011566
8.91739892868
8.76605571115
8.66540278721
8.61582355587
8.61697319725
8.66794943131
8.76747333035
8.91406995298
9.10623882247
9.34260500022
9.62204266967
9.94376468963
10.3073734263
10.7128702409
11.1606231983
11.651294769
12.1857334143
12.7648348802
13.3893806787
14.0598625349
14.7763024572
15.5380785028
16.343766245
17.1910053904
18.0763999811
18.9954591781
19.9425838319
20.9111019765
21.8933541335
22.88082698
23.864331628
24.8342205912
25.7806355708
26.6937765787
27.5641817007
28.3830060495
29.1422882072
29.8351927225
30.4562180109
31.0013602679
31.4682257067
31.8560854915
32.1658700745
32.4001021623
32.5627701129
32.6591461054
32.6955558013
32.6791083336
32.6173972238
32.5181841495
32.3890783166
32.2372244825
32.0690124166
31.8898197824
31.7037991052
31.5137177171
31.3208574066
31.1249780463
30.9243468299
30.7158320256
30.4950574747
30.2566115371
29.9943019229
29.7014459457
29.3711842736
28.9968052972
28.5720668212
28.0915019387
27.5506966485
26.9465280055
26.2773532883
25.5431427569
24.745550965
23.88792418
22.9752441398
22.0140110143
21.0120709411
19.978395747
18.9228243624
17.8557769036
16.7879533731
15.7300293761
14.6923611551
13.6847116127
12.7160078562
11.7941392176
10.925802743
10.1164009081
9.36999389636
8.68930628647
8.07578555278
7.52970748695
7.0503216168
6.63602800875
6.28457557469
5.99327121459
5.75918884657
5.57936761583
5.45098931846
5.37152628846
5.33885261786
5.3513135322
5.4077499357
5.50747746758
5.65022176441
5.83601389189
6.06505198649
6.33753693522
6.6534913348
7.01257194356
7.41388632163
7.85582432425
8.3359145666
8.85071494025
9.39574477607
9.9654643817
10.5533055188
11.1517540223
11.7524833102
12.3465350989
12.9245413369
13.4769793106
13.9944501453
14.4679696173
14.8892593629
15.2510262596
15.547217991
15.7732435689
15.9261488652
16.0047389236
16.0096409334
15.9433041381
15.8099355341
15.6153728699
15.3668990702
15.0730046637
14.7431069896
14.3872367851
14.0157041496
13.6387567632
13.2662435845
12.9072970328
12.5700458959
12.2613699225
11.9867053119
11.7499081882
11.5531807197
11.3970619421
11.2804826558
11.2008811347
11.1543738993
11.1359735925
11.1398441399
11.1595819553
11.1885110366
11.2199794041
11.2476444996
11.2657358586
11.2692845659
11.2543106456
11.217961548
11.1585971733
11.075819331
10.970446042
10.8444335483
10.7007511924
10.5432163497
10.3762982735
10.2049009531
10.0341358483
9.86909561308
9.71463965612
9.57520161247
9.45462757112
9.35605226756
9.28181849341
9.23344278744
9.2116281576
9.21632225102
9.24681714723
9.30188490322
9.37994122382
9.47922824724
9.59800648874
9.73474551808
9.88830298096
10.0580821085
10.2441588669
10.4473713369
10.6693657067
10.9125953394
11.1802716297
11.4762676944
11.8049782429
12.1711411318
12.5796280252
13.0352131754
13.5423305168
14.104829993
14.7257442564
15.4070766012
16.1496201989
16.9528174624
17.8146666986
18.7316812145
19.6989037937
20.7099770661
21.7572678614
22.8320412708
23.9246779547
25.0249263214
26.1221796499
27.2057671137
28.2652470234
29.2906904851
30.2729440681
31.203860968
32.0764915144
32.8852256309
33.6258819361
34.2957404915
34.8935186367
35.4192918156
35.8743636593
36.2610917632
36.5826774736
36.8429294986
37.046012219
37.1961901483
37.2975800505
37.3539217756
37.3683779308
37.3433711226
37.2804657326
37.1802991287
37.0425649334
36.8660485986
36.6487131618
36.387830799
36.0801537393
35.7221163646
35.3100589522
34.8404625945
34.310184389
33.7166820426
33.0582175793
32.3340308505
31.5444749677
30.6911075519
29.7767337263
28.8053989879
27.7823323655
26.7138425131
25.6071714833
24.4703127959
23.3118019621
22.1404887861
20.9653014907
19.7950129644
18.6380192068
17.5021393593
16.394445592
15.3211296236
14.287410857
13.2974890947
12.3545426647
11.4607706244
10.6174756281
9.82518213864
9.08378302312
8.39270627004
7.75109266855
7.15797483242
6.61244795828
6.11382317606
5.66175525754
5.25633775341
4.89816026822
4.58832447952
4.32841757288
4.12044390073
3.96671778092
3.86972232982
3.83194098244
3.85566980499
3.94281978393
4.09471892893
4.3119242219
4.59405317014
4.9396439887
5.34605227679
5.80939051781
6.32451488992
6.88506180786
7.4835344206
8.1114370621
8.75945349617
9.4176628087
10.0757850723
10.7234475187
11.3504609653
11.9470957047
12.5043459937
13.014172692
13.4697144648
13.8654592535
14.1973693659
14.4629554824
14.6612970085
14.7930084595
14.8601538116
14.8661129161
14.815406043
14.7134843113
14.5664951054
14.3810325092
14.1638832728
13.9217788409
13.6611635272
13.3879880251
13.1075361606
12.8242911663
12.5418458755
12.2628591738
11.989058917
11.7212894084
11.4595995336
11.2033658653
10.951443548
10.7023366317
10.4543787807
10.2059149815
9.95547501219
9.70193001578
9.44462449729
9.18347740404
8.91904757334
8.65256066964
8.38589669311
8.1215391302
7.86248873954
7.6121467321
7.37417362937
7.15233129519
6.95031647927
6.77159464306
6.61924284205
6.49581001255
6.40320217612
6.34259887072
6.31440560131
6.31824534639
6.35299024329
6.41683259523
6.50739239101
6.62185669603
6.75714464917
6.91009046114
7.07763582065
7.25702252418
7.44597598211
7.64287052946
7.84686817242
8.05802350193
8.27734895464
8.50683633334
8.74943243598
9.00896869599
9.29004681324
9.59788435897
9.93812617862
10.3166290074
10.7392279827
11.211494624
11.7384963188
12.3245673682
12.9731012242
13.686372692
14.4653976249
15.3098360591
16.217942893
17.1865681855
18.2112070392
19.2860969199
20.4043582594
21.5581723671
22.7389891351
23.9377558096
25.1451572983
26.3518580942
27.5487359645
28.7270980502
29.8788709428
30.9967575868
32.0743554574
33.106232294
34.0879576494
35.0160905618
35.8881256548
36.7024018551
37.4579795757
38.1544935938
38.7919898713
39.3707551979
39.891148739
40.3534443453
40.7576918364
41.1036044418
41.3904782165
41.6171476145
41.7819795742
41.8829065372
41.9174968759
41.8830593334
41.7767763781
41.5958599127
41.3377216401
41.0001496049
40.5814820644
40.0807698885
39.4979191593
38.8338065094
38.0903609591
37.2706075396
36.3786697409
35.4197297203
34.399947167
33.32633964
32.2066289947
31.0490601042
29.8621993927
28.6547216543
27.4351942105
26.21186761
24.9924818053
23.7840960547
22.5929497309
21.4243598136
20.2826591718
19.1711778734
18.0922677909
17.0473687788
16.0371127897
15.0614605475
14.1198638942
13.211445743
12.3351887557
11.4901234586
10.6755065362
9.89098049672
9.13670676439
8.41346548948
7.72271690998
7.06662089151
6.44801322186
5.87033926018
5.33754754339
4.85394784192
4.42403984709
4.05232008489
3.74307572105
3.50017459984
3.3268611134
3.22556731599
3.19774808777
3.24374814111
3.36270729631
3.5525087932
3.80977352751
4.12990108931
4.5071564288
4.93479897295
5.40524915799
5.91028570972
6.44126567149
6.98935820648
7.54578263245
8.10204100578
8.65013586494
9.18276445554
9.69348185687
10.1768268624
10.6284061666
11.0449343013
11.424228757
11.7651617282
12.0675718478
12.3321410284
12.5602430383
12.7537716308
12.9149568687
13.0461787019
13.1497868513
13.2279356227
13.2824414525
13.3146697971
13.3254564935
13.3150669975
13.2831950328
13.2290002528
13.1511826066
13.0480893128
12.9178487505
12.7585242641
12.5682798954
12.3455494589
12.0892001854
11.7986823879
11.4741572384
11.1165957594
10.7278434779
10.3106467994
9.86863896835
9.40628539421
8.92879005361
8.44196654586
7.95207908115
7.46566014936
6.98931277767
6.52950608408
6.0923732326
5.6835208751
5.30785872318
4.96945705021
4.67143871653
4.4159107933
4.20393910151
4.0355670621
3.90987825811
3.82510013132
3.77874436414
3.7677778185
3.7888164937
3.83833388955
3.91287446966
4.00926264385
4.12479784257
4.25742683347
4.40588540465
4.56980286942
4.74976447088
4.94732861203
5.16499782213
5.40614440627
5.67489371914
5.97596986775
6.31451029708
6.69585707402
7.12533369834
7.60801688899
8.14851299476
8.75074845045
9.41778305653
10.1516538309
10.9532558142
11.8222645681
12.7571032623
13.7549552897
14.8118213595
15.922618099
17.081313414
18.2810923173
19.5145456792
20.7738734598
22.0510934729
23.338246635
24.627589967
25.91176933
27.1839649435
28.4380041184
29.6684372557
30.8705749564
32.0404859559
33.1749574702
34.2714213173
35.3278507818
36.3426345539
37.3144351216
38.2420396906
39.1242120135
39.9595534163
40.7463808217
41.4826287088
42.1657807598
42.7928354784
43.3603083968
43.8642716885
44.3004301672
44.6642308486
44.9510015846
45.1561128078
45.2751552293
45.3041254657
45.2396110723
45.0789663535
44.8204706158
44.4634612041
44.0084347015
43.4571110113
42.8124566335
42.0786652169
41.2610953298
40.3661672673
39.4012225182
38.3743511568
37.294193844
36.1697262467
35.0100344581
33.8240904055
32.6205362297
31.4074862251
30.1923541544
28.981712631
27.7811898489
26.5954072988
25.4279603083
24.2814413718
23.1575043721
22.0569660235
20.9799392666
19.9259919868
18.8943233743
17.8839495353
16.8938896359
15.92334392
14.9718553957
14.0394477912
13.126733525
12.2349868431
11.3661788954
10.522973278
9.70868237149
8.92718658796
8.18282030862
7.48022978423
6.82420951186
6.21952453957
5.67072674694
5.18197337732
4.75685595095
4.39824717555
4.1081726178
3.88771274802
3.73693957345
3.65489050055
3.63958038416
3.68805101028
3.79645559655
3.96017435615
4.17395582535
4.43207756314
4.72851903974
5.05713907474
5.41185008208
5.78678163084
6.17642642369
6.57576269821
6.98034822789
7.38638248172
7.79073503051
8.19093989207
8.58515711168
8.97210440515
9.3509630793
9.72126362462
10.082757295
10.4352806086
10.7786199936
11.1123837529
11.435888138
11.7480636151
12.0473864261
12.3318393206
12.598903936
12.845585787
13.0684712665
13.26381453
13.4276507016
13.5559305741
13.6446709252
13.690113798
13.6888876175
13.638162866
13.535795225
13.3804495907
13.1716991752
12.9100949675
12.5972021034
12.2356011222
11.8288536087
11.3814332565
10.8986248796
10.3863952768
9.8512410516
9.30001946002
8.7397690615
8.17752734316
7.62015257214
7.07415689296
6.54555714504
6.03974905383
5.56140938671
5.11442941086
4.70188160264
4.32602009908
3.98831391716
3.6895105625
3.4297263654
3.2085587774
3.02521498078
2.87865054546
2.76771153555
2.69127343408
2.64837051628
2.63830984473
2.66076485436
2.71584450484
2.80413515201
2.92671357501
3.08513093196
3.2813687426
3.51776925295
3.79694366687
4.12166268511
4.49473453094
4.91887613431
5.39658337278
5.93000622256
6.52083436146
7.17019820634
7.87858958927
8.64580531906
9.47091578318
10.3522595729
11.2874639163
12.2734895346
13.3066974535
14.3829343456
15.4976322053
16.6459175844
17.8227252791
19.0229112682
20.2413598499
21.4730803142
22.7132890888
23.9574740792
25.2014388525
26.4413253422
27.6736148269
28.89510801
30.1028860536
31.2942553393
32.4666795129
33.6177029737
34.7448703695
35.845646837
36.9173436841
37.9570539336
38.9616016748
39.9275085014
40.8509794996
41.7279103208
42.5539158732
43.3243801457
44.0345256806
44.6795002843
45.2544777499
45.7547687015
46.1759371798
46.5139183009
46.765132239
46.9265899171
46.9959861259
46.9717763108
46.8532339547
46.6404862909
46.3345269865
45.9372053858
45.451192861
44.8799277355
44.2275410903
43.49876649
42.698837248
41.8333752688
40.9082757364
39.9295919579
38.9034245291
37.8358186616
36.7326730299
35.5996628789
34.4421794136
33.2652867055
32.0736965316
30.8717607536
29.663480081
28.4525273733
27.2422830609
26.035879819
24.8362533285
23.646195826
22.4684091607
21.3055542605
20.1602942225
19.0353286923
17.9334177303
16.8573939783
15.8101625842
14.7946889954
13.8139753594
12.8710268392
11.9688096385
11.1102029139
10.2979470162
9.5345906316
8.82243939686
8.16350842842
7.55948095752
7.01167490805
6.5210188163
6.08803799445
5.71285131017
5.39517841961
5.13435677933
4.92936729894
4.77886710354
4.68122757227
4.63457562034
4.63683610445
4.68577325861
4.77902920529
4.91415782602
5.08865260245
5.29996743435
5.5455298836
5.82274675902
6.12900242031
6.46165061759
6.81800107084
7.19530231373
7.59072255984
8.00133048704
8.42407786859
8.85578590903
9.29313697069
9.73267311378
10.1708025333
10.6038145762
11.0279035848
11.4392013581
11.8338175773
12.2078871235
12.5576228526
12.8793720947
13.1696749338
13.4253222059
13.6434111354
13.82139661
13.957136271
14.0489278577
14.0955375751
14.096218642
14.050719594
13.959282351
13.8226304751
13.6419484419
13.4188530813
13.1553586223
12.8538369662
12.5169749157
12.1477301036
11.7492872804
11.32501646
10.8784341834
10.4131688591
9.93293080368
9.44148723752
8.94264213175
8.44022045448
7.93805606248
7.43998223618
6.94982368144
6.47138872863
6.00846045553
5.56478554568
5.14405986426
4.74990998056
4.38587017585
4.05535483106
3.76162647024
3.5077601207
3.29660501685
3.13074500027
3.01245923144
2.94368501344
2.9259846186
2.96051799857
3.04802314037
3.18880560982
3.3827385039
3.62927363033
3.92746426088
4.27599928872
4.67324808185
5.11731479255
5.60610038307
6.13737018697
6.70882446828
7.31816918692
7.9631840462
8.64178489626
9.35207770184
10.0924015513
10.8613585792
11.657829179
12.4809714824
13.3302047415
14.2051769503
15.1057177465
16.0317783096
16.9833605887
17.9604387205
18.9628759073
19.9903402997
21.0422235493
22.1175656531
23.2149895119
24.3326482601
25.4681879274
26.6187273636
27.7808566456
28.9506543971
30.1237236492
31.2952450638
32.4600455894
33.6126799471
34.7475217822
35.8588608976
36.941002731
37.9883661499
38.9955757405
39.9575450389
40.869547597
41.7272733606
42.5268685489
43.264958017
43.9386499323
44.5455234496
45.0836008981
45.5513067452
45.9474162533
46.2709972491
46.5213487667
46.6979404793
46.8003567951
46.8282492548
46.7813004447
46.6592020461
46.4616489032
46.1883501455
45.839057483
45.4136098455
44.9119926143
44.3344088268
43.6813589808
42.9537254545
42.1528571243
41.2806495349
40.3396159652
39.3329449486
38.2645402404
37.1390398646
35.9618116913
34.7389239594
33.4770902281
32.1835893669
30.8661623223
29.5328884888
28.1920454974
26.8519570809
25.5208343346
24.206616129
22.9168146268
21.6583717938
20.4375324689
19.2597389857
18.1295515334
17.0505974425
16.0255514257
15.056147534
14.1432222743
13.2867870165
12.4861265737
11.7399197023
11.0463763172
10.4033854709
9.80866765977
9.25992480544
8.75498134263
8.29191020813
7.86913817462
7.48552586778
7.14041891648
6.83366796321
6.56561665071
6.33705814121
6.14916215138
6.00337583679
5.90130307276
5.8445676983
5.83466706986
5.87282277435
5.9598355514
6.09595136234
6.28074511917
6.51302786856
6.79078224196
7.11112977669
7.47033233536
7.8638283629
8.28630318831
8.73179106892
9.19380525724
9.66549110864
10.1397961983
10.6096506292
11.0681502225
11.5087351166
11.9253564657
12.3126244201
12.6659313696
12.9815455015
13.2566710205
13.4894728427
13.6790651443
13.8254647447
13.9295118694
13.9927622851
14.0173560801
14.0058693978
13.9611561934
13.8861875138
13.7838958997
13.6570322534
13.5080419219
13.3389658402
13.1513713962
12.9463162748
12.724346974
12.4855320314
12.229528331
11.9556772509
11.6631259439
11.3509677726
11.0183949201
10.6648555079
10.2902072089
9.8948593714
9.47989606229
9.04717319139
8.59938395438
8.1400881905
7.67370283115
7.20545234952
6.74127993231
6.2877219015
5.85174963584
5.44058479997
5.06149501135
4.72157809979
4.42754379197
4.18550194914
4.00076638275
3.87768276987
3.81948830528
3.82820949526
3.90460296948
4.04814242606
4.25705290605
4.52839159984
4.85817240532
5.24152957401
5.67291407903
6.14631489382
6.65549624879
7.19424118502
7.756591386
8.33707335728
8.93090153979
9.53414986441
10.1438845475
10.7582525338
11.3765218476
11.9990721364
12.6273357936
13.2636921443
13.911319168
14.5740090433
15.2559553373
15.9615208692
16.6949960992
17.4603582892
18.2610416344
19.0997280841
19.9781676616
20.89703581
21.8558336815
22.8528354233
23.8850844789
24.9484388032
26.0376627815
27.1465616346
28.268152279
29.3948630641
30.5187536054
31.6317451169
32.7258512657
33.793399627
34.8272343233
35.8208913528
36.7687394111
37.6660806307
38.5092075294
39.2954144898
40.0229641927
40.691011509
41.2994893172
41.8489624713
42.3404576171
42.7752776757
43.1548105276
43.4803417108
43.7528807703
43.973010279
44.1407655065
44.255551304
44.31610104
44.3204804639
44.2661372622
44.1499949051
43.9685872641
43.7182284953
43.3952109347
42.9960223098
42.5175725104
41.9574195246
41.3139839779
40.5867420071
39.7763869675
38.8849516659
37.9158843914
36.8740739161
35.7658207665
34.5987543516
33.3816978489
32.1244850236
30.8377352628
29.5325949689
28.220454986
26.9126548572
25.6201853863
24.3534011629
23.1217543988
21.9335606293
20.7958055783
19.7140008317
18.6920939745
17.7324366058
16.8358112552
16.001515776
15.2275014005
14.5105584057
13.8465413566
13.2306242504
12.6575746529
12.1220351491
11.6188001624
11.1430764344
10.6907162034
10.2584133254
9.84385421363
9.44581744551
9.06421812377
8.70009548107
8.35554468054
8.03359618352
7.73804832412
7.4732607503
7.24391807606
7.05477436558
6.91038988294
6.81487185593
6.77163080554
6.78316329408
6.85087077472
6.97492263599
7.15416959555
7.38611139411
7.66692036889
7.99152005055
8.35371553476
8.74637013367
9.16162081245
9.59112324816
10.0263160855
10.4586931613
10.8800721619
11.2828483753
11.660222898
12.0063958187
12.316716478
12.5877848252
12.8175000743
13.0050552026
13.150878238
13.2565236349
13.3245192397
13.3581763007
13.3613715923
13.3383119354
13.2932921426
13.2304576716
13.1535830197
13.0658761443
12.9698179894
12.8670445772
12.7582771746
12.6433038356
12.5210132653
12.3894795447
12.2460939051
12.0877375592
11.9109876692
11.712346954
11.4884862796
11.2364888875
10.954084727
10.6398636917
10.2934573825
9.91568032055
9.50862323876
9.07569312711
8.62159700459
8.1522688364
7.67474150722
7.19696818778
6.72759968778
6.27572637368
5.85059485781
5.46131086244
5.11654037566
4.82422141143
4.59129835386
4.42349001717
4.32510122279
4.29888593903
4.34596792032
4.46582241221
4.65631995521
4.91383073394
5.23338538795
5.60888583561
6.03335756424
6.49923309742
6.99865504018
7.52378627984
8.06711462107
8.62173937059
9.1816281504
9.74183347611
10.2986603346
10.8497780609
11.3942721607
11.9326342469
12.4666908609
12.9994745004
13.5350425933
14.0782523109
14.6345009396
15.2094429249
15.808695631
16.4375462684
17.1006723189
17.8018871496
18.5439213653
19.3282488726
20.1549646736
21.0227191671
21.9287113011
22.8687404075
23.8373140505
24.8278068637
25.8326632168
26.8436347469
27.8520423814
28.8490515313
29.8259486803
30.7744076603
31.6867344729
32.5560805727
33.376616014
34.1436557159
34.8537342381
35.5046267849
36.0953165676
36.6259110447
37.0975118271
37.5120450739
37.872060934
38.1805119244
38.4405210262
38.6551506866
38.8271838153
38.9589272704
39.0520472634
39.1074446265
39.1251760409
39.1044252057
39.04352563
38.9400343489
38.7908535141
38.5923945862
38.3407778608
38.0320583842
37.6624680282
37.2286626551
36.7279629571
36.1585777057
35.5197987996
34.8121586272
34.0375418041
33.199245256
32.3019828016
31.3518327519
30.3561294942
29.3233024468
28.2626680633
27.184182627
26.0981653201
25.0150023986
23.9448441986
22.8973070987
21.8811924492
20.9042338565
19.9728831018
19.0921434315
18.2654570298
17.4946512809
16.7799460059
16.1200213593
15.5121435599
14.9523432514
14.4356391104
13.9562974587
13.5081171557
13.0847280178
12.6798904711
12.2877841209
11.9032734094
11.5221395158
11.141269089
10.7587922259
10.3741642463
9.98818817252
9.60297730591
9.22185978738
8.84922944173
8.49034942566
8.15111713848
7.83780043095
7.55675629591
7.31414389802
7.115643973
6.96619629325
6.86976607399
6.82914891894
6.8458222327
6.91984903207
7.04983785665
7.23296010482
7.46502370876
7.74059971095
8.05319611729
8.39547146842
8.7594789727
9.13693084827
9.51947177487
9.89895008883
10.267675575
10.6186534041
10.9457849021
11.2440273649
11.5095069816
11.7395810222
11.9328476804
12.0891042584
12.2092566171
12.2951849167
12.3495725325
12.3757065765
12.3772596252
12.3580629871
12.3218821233
12.2722046402
12.2120506226
12.1438139933
12.0691421236
11.9888591412
11.9029363689
11.8105111634
11.7099532102
11.5989751559
11.4747824305
11.3342553047
11.1741547315
10.9913423944
10.7830046828
10.5468700624
10.2814095237
9.98601045696
9.66111540376
9.30831860406
8.93041505758
8.53139884755
8.11640966271
7.69162869801
7.26412732131
6.84167396786
6.43250657539
6.04507942257
5.6877944124
5.36872760066
5.09536207308
4.8743381091
4.71123094137
4.6103653533
4.57467489608
4.60561171302
4.70311090685
4.8656111612
5.0901310246
5.37239797914
5.70702524441
6.0877292995
6.50757942642
6.95926925593
7.43539938799
7.92875970178
8.43259998331
8.94087798133
9.44847493525
9.95136996122
10.4467663799
10.93316505
11.4103819518
11.8795095568
12.3428238214
12.8036408701
13.2661294774
13.7350872554
14.2156899069
14.7132239771
15.2328141689
15.7791564591
16.3562679675
16.967263786
17.6141698187
18.2977791576
19.0175576877
19.7716025636
20.5566550071
21.3681666335
22.2004163289
23.0466726414
23.8993948247
24.7504641388
25.5914358429
26.4138015526
27.2092513076
27.9699248172
28.6886419119
29.3591032053
29.97605331
30.5354006115
31.0342894882
31.4711229213
31.8455355515
32.1583193378
32.4113059578
