103.536436854
103.536436898
103.536436942
103.536436985
103.536437029
103.536437072
103.536437116
103.536437159
103.536437203
103.536437246
103.536437289
103.536437333
103.536437376
103.536437419
103.536437462
103.536437505
103.536437548
103.536437591
103.536437634
103.536437677
103.536437719
103.536437762
103.536437805
103.536437847
103.53643789
103.536437932
103.536437975
103.536438017
103.53643806
103.536438102
103.536438144
103.536438186
103.536438228
103.53643827
103.536438312
103.536438354
103.536438396
103.536438438
103.53643848
103.536438522
103.536438564
103.536438605
103.536438647
103.536438688
103.53643873
103.536438771
103.536438813
103.536438854
103.536438895
103.536438937
103.536438978
103.536439019
103.53643906
103.536439101
103.536439142
103.536439183
103.536439224
103.536439265
103.536439305
103.536439346
103.536439387
103.536439427
103.536439468
103.536439509
103.536439549
103.536439589
103.53643963
103.53643967
103.53643971
103.536439751
103.536439791
103.536439831
103.536439871
103.536439911
103.536439951
103.536439991
103.53644003
103.53644007
103.53644011
103.53644015
103.536440189
103.536440229
103.536440268
103.536440308
103.536440347
103.536440387
103.536440426
103.536440465
103.536440504
103.536440544
103.536440583
103.536440622
103.536440661
103.5364407
103.536440738
103.536440777
103.536440816
103.536440855
103.536440894
103.536440932
103.536440971
103.536441009
103.536441048
103.536441086
103.536441125
103.536441163
103.536441201
103.536441239
103.536441277
103.536441316
103.536441354
103.536441392
103.53644143
103.536441467
103.536441505
103.536441543
103.536441581
103.536441619
103.536441656
103.536441694
103.536441731
103.536441769
103.536441806
103.536441844
103.536441881
103.536441918
103.536441955
103.536441993
103.53644203
103.536442067
103.536442104
103.536442141
103.536442178
103.536442214
103.536442251
103.536442288
103.536442325
103.536442361
103.536442398
103.536442434
103.536442471
103.536442507
103.536442544
103.53644258
103.536442616
103.536442653
103.536442689
103.536442725
103.536442761
103.536442797
103.536442833
103.536442869
103.536442905
103.536442941
103.536442976
103.536443012
103.536443048
103.536443083
103.536443119
103.536443154
103.53644319
103.536443225
103.53644326
103.536443296
103.536443331
103.536443366
103.536443401
103.536443436
103.536443471
103.536443506
103.536443541
103.536443576
103.536443611
103.536443646
103.53644368
103.536443715
103.53644375
103.536443784
103.536443819
103.536443853
103.536443888
103.536443922
103.536443956
103.53644399
103.536444025
103.536444059
103.536444093
103.536444127
103.536444161
103.536444195
103.536444229
103.536444263
103.536444296
103.53644433
103.536444364
103.536444397
103.536444431
103.536444464
103.536444498
103.536444531
103.536444565
103.536444598
103.536444631
103.536444664
103.536444697
103.536444731
103.536444764
103.536444797
103.53644483
103.536444862
103.536444895
103.536444928
103.536444961
103.536444993
103.536445026
103.536445059
103.536445091
103.536445124
103.536445156
103.536445188
103.536445221
103.536445253
103.536445285
103.536445317
103.536445349
103.536445381
103.536445413
103.536445445
103.536445477
103.536445509
103.536445541
103.536445573
103.536445604
103.536445636
103.536445667
103.536445699
103.53644573
103.536445762
103.536445793
103.536445825
103.536445856
103.536445887
103.536445918
103.536445949
103.53644598
103.536446011
103.536446042
103.536446073
103.536446104
103.536446135
103.536446166
103.536446196
103.536446227
103.536446257
103.536446288
103.536446318
103.536446349
103.536446379
103.53644641
103.53644644
103.53644647
103.5364465
103.53644653
103.53644656
103.53644659
103.53644662
103.53644665
103.53644668
103.53644671
103.53644674
103.536446769
103.536446799
103.536446829
103.536446858
103.536446888
103.536446917
103.536446946
103.536446976
103.536447005
103.536447034
103.536447063
103.536447092
103.536447122
103.536447151
103.53644718
103.536447208
103.536447237
103.536447266
103.536447295
103.536447324
103.536447352
103.536447381
103.536447409
103.536447438
103.536447466
103.536447495
103.536447523
103.536447551
103.536447579
103.536447608
103.536447636
103.536447664
103.536447692
103.53644772
103.536447748
103.536447776
103.536447803
103.536447831
103.536447859
103.536447887
103.536447914
103.536447942
103.536447969
103.536447997
103.536448024
103.536448051
103.536448079
103.536448106
103.536448133
103.53644816
103.536448187
103.536448214
103.536448241
103.536448268
103.536448295
103.536448322
103.536448349
103.536448375
103.536448402
103.536448429
103.536448455
103.536448482
103.536448508
103.536448535
103.536448561
103.536448587
103.536448613
103.53644864
103.536448666
103.536448692
103.536448718
103.536448744
103.53644877
103.536448796
103.536448822
103.536448847
103.536448873
103.536448899
103.536448924
103.53644895
103.536448975
103.536449001
103.536449026
103.536449052
103.536449077
103.536449102
103.536449127
103.536449153
103.536449178
103.536449203
103.536449228
103.536449253
103.536449277
103.536449302
103.536449327
103.536449352
103.536449376
103.536449401
103.536449426
103.53644945
103.536449475
103.536449499
103.536449523
103.536449548
103.536449572
103.536449596
103.53644962
103.536449644
103.536449669
103.536449693
103.536449716
103.53644974
103.536449764
103.536449788
103.536449812
103.536449835
103.536449859
103.536449883
103.536449906
103.53644993
103.536449953
103.536449976
103.53645
103.536450023
103.536450046
103.536450069
103.536450092
103.536450116
103.536450139
103.536450161
103.536450184
103.536450207
103.53645023
103.536450253
103.536450275
103.536450298
103.536450321
103.536450343
103.536450366
103.536450388
103.53645041
103.536450433
103.536450455
103.536450477
103.536450499
103.536450522
103.536450544
103.536450566
103.536450588
103.53645061
103.536450631
103.536450653
103.536450675
103.536450697
103.536450718
103.53645074
103.536450761
103.536450783
103.536450804
103.536450826
103.536450847
103.536450868
103.53645089
103.536450911
103.536450932
103.536450953
103.536450974
103.536450995
103.536451016
103.536451037
103.536451057
103.536451078
103.536451099
103.53645112
103.53645114
103.536451161
103.536451181
103.536451202
103.536451222
103.536451242
103.536451263
103.536451283
103.536451303
103.536451323
103.536451343
103.536451363
103.536451383
103.536451403
103.536451423
103.536451443
103.536451463
103.536451482
103.536451502
103.536451522
103.536451541
103.536451561
103.53645158
103.5364516
103.536451619
103.536451638
103.536451657
103.536451677
103.536451696
103.536451715
103.536451734
103.536451753
103.536451772
103.536451791
103.536451809
103.536451828
103.536451847
103.536451866
103.536451884
103.536451903
103.536451921
103.53645194
103.536451958
103.536451977
103.536451995
103.536452013
103.536452031
103.536452049
103.536452067
103.536452086
103.536452104
103.536452121
103.536452139
103.536452157
103.536452175
103.536452193
103.53645221
103.536452228
103.536452246
103.536452263
103.53645228
103.536452298
103.536452315
103.536452333
103.53645235
103.536452367
103.536452384
103.536452401
103.536452418
103.536452435
103.536452452
103.536452469
103.536452486
103.536452503
103.536452519
103.536452536
103.536452553
103.536452569
103.536452586
103.536452602
103.536452619
103.536452635
103.536452651
103.536452668
103.536452684
103.5364527
103.536452716
103.536452732
103.536452748
103.536452764
103.53645278
103.536452796
103.536452812
103.536452827
103.536452843
103.536452859
103.536452874
103.53645289
103.536452905
103.536452921
103.536452936
103.536452952
103.536452967
103.536452982
103.536452997
103.536453012
103.536453027
103.536453042
103.536453057
103.536453072
103.536453087
103.536453102
103.536453117
103.536453131
103.536453146
103.536453161
103.536453175
103.53645319
103.536453204
103.536453218
103.536453233
103.536453247
103.536453261
103.536453275
103.536453289
103.536453304
103.536453318
103.536453331
103.536453345
103.536453359
103.536453373
103.536453387
103.536453401
103.536453414
103.536453428
103.536453441
103.536453455
103.536453468
103.536453482
103.536453495
103.536453508
103.536453521
103.536453535
103.536453548
103.536453561
103.536453574
103.536453587
103.5364536
103.536453613
103.536453625
103.536453638
103.536453651
103.536453664
103.536453676
103.536453689
103.536453701
103.536453714
103.536453726
103.536453738
103.536453751
103.536453763
103.536453775
103.536453787
103.536453799
103.536453811
103.536453823
103.536453835
103.536453847
103.536453859
103.536453871
103.536453882
103.536453894
103.536453906
103.536453917
103.536453929
103.53645394
103.536453952
103.536453963
103.536453974
103.536453985
103.536453997
103.536454008
103.536454019
103.53645403
103.536454041
103.536454052
103.536454063
103.536454074
103.536454084
103.536454095
103.536454106
103.536454116
103.536454127
103.536454137
103.536454148
103.536454158
103.536454169
103.536454179
103.536454189
103.536454199
103.53645421
103.53645422
103.53645423
103.53645424
103.53645425
103.536454259
103.536454269
103.536454279
103.536454289
103.536454299
103.536454308
103.536454318
103.536454327
103.536454337
103.536454346
103.536454355
103.536454365
103.536454374
103.536454383
103.536454392
103.536454402
103.536454411
103.53645442
103.536454428
103.536454437
103.536454446
103.536454455
103.536454464
103.536454472
103.536454481
103.53645449
103.536454498
103.536454507
103.536454515
103.536454523
103.536454532
103.53645454
103.536454548
103.536454556
103.536454565
103.536454573
103.536454581
103.536454589
103.536454596
103.536454604
103.536454612
103.53645462
103.536454627
103.536454635
103.536454643
103.53645465
103.536454658
103.536454665
103.536454673
103.53645468
103.536454687
103.536454694
103.536454702
103.536454709
103.536454716
103.536454723
103.53645473
103.536454737
103.536454743
103.53645475
103.536454757
103.536454764
103.53645477
103.536454777
103.536454783
103.53645479
103.536454796
103.536454803
103.536454809
103.536454815
103.536454822
103.536454828
103.536454834
103.53645484
103.536454846
103.536454852
103.536454858
103.536454864
103.53645487
103.536454875
103.536454881
103.536454887
103.536454892
103.536454898
103.536454903
103.536454909
103.536454914
103.536454919
103.536454925
103.53645493
103.536454935
103.53645494
103.536454945
103.53645495
103.536454955
103.53645496
103.536454965
103.53645497
103.536454975
103.536454979
103.536454984
103.536454989
103.536454993
103.536454998
103.536455002
103.536455007
103.536455011
103.536455015
103.536455019
103.536455024
103.536455028
103.536455032
103.536455036
103.53645504
103.536455044
103.536455048
103.536455052
103.536455055
103.536455059
103.536455063
103.536455066
103.53645507
103.536455073
103.536455077
103.53645508
103.536455084
103.536455087
103.53645509
103.536455093
103.536455096
103.5364551
103.536455103
103.536455106
103.536455109
103.536455111
103.536455114
103.536455117
103.53645512
103.536455122
103.536455125
103.536455128
103.53645513
103.536455133
103.536455135
103.536455137
103.53645514
103.536455142
103.536455144
103.536455146
103.536455148
103.53645515
103.536455152
103.536455154
103.536455156
103.536455158
103.53645516
103.536455162
103.536455163
103.536455165
103.536455166
103.536455168
103.536455169
103.536455171
103.536455172
103.536455174
103.536455175
103.536455176
103.536455177
103.536455178
103.536455179
103.53645518
103.536455181
103.536455182
103.536455183
103.536455184
103.536455185
103.536455185
103.536455186
103.536455186
103.536455187
103.536455187
103.536455188
103.536455188
103.536455189
103.536455189
103.536455189
103.536455189
103.536455189
103.536455189
103.536455189
103.536455189
103.536455189
103.536455189
103.536455189
103.536455189
103.536455188
103.536455188
103.536455188
103.536455187
103.536455187
103.536455186
103.536455185
103.536455185
103.536455184
103.536455183
103.536455182
103.536455182
103.536455181
103.53645518
103.536455179
103.536455178
103.536455176
103.536455175
103.536455174
103.536455173
103.536455171
103.53645517
103.536455168
103.536455167
103.536455165
103.536455164
103.536455162
103.53645516
103.536455159
103.536455157
103.536455155
103.536455153
103.536455151
103.536455149
103.536455147
103.536455145
103.536455143
103.53645514
103.536455138
103.536455136
103.536455133
103.536455131
103.536455128
103.536455126
103.536455123
103.536455121
103.536455118
103.536455115
103.536455112
103.536455109
103.536455106
103.536455103
103.5364551
103.536455097
103.536455094
103.536455091
103.536455088
103.536455085
103.536455081
103.536455078
103.536455074
103.536455071
103.536455067
103.536455064
103.53645506
103.536455056
103.536455053
103.536455049
103.536455045
103.536455041
103.536455037
103.536455033
103.536455029
103.536455025
103.536455021
103.536455017
103.536455012
103.536455008
103.536455004
103.536454999
103.536454995
103.53645499
103.536454985
103.536454981
103.536454976
103.536454971
103.536454967
103.536454962
103.536454957
103.536454952
103.536454947
103.536454942
103.536454937
103.536454932
103.536454926
103.536454921
103.536454916
103.53645491
103.536454905
103.536454899
103.536454894
103.536454888
103.536454883
103.536454877
103.536454871
103.536454865
103.53645486
103.536454854
103.536454848
103.536454842
103.536454836
103.53645483
103.536454823
103.536454817
103.536454811
103.536454805
103.536454798
103.536454792
103.536454785
103.536454779
103.536454772
103.536454766
103.536454759
103.536454752
103.536454745
103.536454739
103.536454732
103.536454725
103.536454718
103.536454711
103.536454704
103.536454696
103.536454689
103.536454682
103.536454675
103.536454667
103.53645466
103.536454652
103.536454645
103.536454637
103.53645463
103.536454622
103.536454614
103.536454607
103.536454599
103.536454591
103.536454583
103.536454575
103.536454567
103.536454559
103.536454551
103.536454542
103.536454534
103.536454526
103.536454518
103.536454509
103.536454501
103.536454492
103.536454484
103.536454475
103.536454466
103.536454458
103.536454449
103.53645444
103.536454431
103.536454422
103.536454413
103.536454404
103.536454395
103.536454386
103.536454377
103.536454368
103.536454358
103.536454349
103.536454339
103.53645433
103.536454321
103.536454311
103.536454301
103.536454292
103.536454282
103.536454272
103.536454262
103.536454253
103.536454243
103.536454233
103.536454223
103.536454213
103.536454202
103.536454192
103.536454182
103.536454172
103.536454161
103.536454151
103.53645414
103.53645413
103.536454119
103.536454109
103.536454098
103.536454087
103.536454077
103.536454066
103.536454055
103.536454044
103.536454033
103.536454022
103.536454011
103.536454
103.536453989
103.536453978
103.536453966
103.536453955
103.536453944
103.536453932
103.536453921
103.536453909
103.536453897
103.536453886
103.536453874
103.536453862
103.536453851
103.536453839
103.536453827
103.536453815
103.536453803
103.536453791
103.536453779
103.536453766
103.536453754
103.536453742
103.53645373
103.536453717
103.536453705
103.536453692
103.53645368
103.536453667
103.536453655
103.536453642
103.536453629
103.536453616
103.536453604
103.536453591
103.536453578
103.536453565
103.536453552
103.536453539
103.536453525
103.536453512
103.536453499
103.536453486
103.536453472
103.536453459
103.536453445
103.536453432
103.536453418
103.536453405
103.536453391
103.536453377
103.536453363
103.536453349
103.536453336
103.536453322
103.536453308
103.536453294
103.536453279
103.536453265
103.536453251
103.536453237
103.536453223
103.536453208
103.536453194
103.536453179
103.536453165
103.53645315
103.536453136
103.536453121
103.536453106
103.536453091
103.536453077
103.536453062
103.536453047
103.536453032
103.536453017
103.536453002
103.536452986
103.536452971
103.536452956
103.536452941
103.536452925
103.53645291
103.536452894
103.536452879
103.536452863
103.536452848
103.536452832
103.536452816
103.536452801
103.536452785
103.536452769
103.536452753
103.536452737
103.536452721
103.536452705
103.536452689
103.536452672
103.536452656
103.53645264
103.536452624
103.536452607
103.536452591
103.536452574
103.536452558
103.536452541
103.536452524
103.536452508
103.536452491
103.536452474
103.536452457
103.53645244
103.536452423
103.536452406
103.536452389
103.536452372
103.536452355
103.536452338
103.53645232
103.536452303
103.536452286
103.536452268
103.536452251
103.536452233
103.536452216
103.536452198
103.53645218
103.536452162
103.536452145
103.536452127
103.536452109
103.536452091
103.536452073
103.536452055
103.536452037
103.536452018
103.536452
103.536451982
103.536451964
103.536451945
103.536451927
103.536451908
103.53645189
103.536451871
103.536451852
103.536451834
103.536451815
103.536451796
103.536451777
103.536451758
103.536451739
103.53645172
103.536451701
103.536451682
103.536451663
103.536451644
103.536451625
103.536451605
103.536451586
103.536451566
103.536451547
103.536451527
103.536451508
103.536451488
103.536451468
103.536451449
103.536451429
103.536451409
103.536451389
103.536451369
103.536451349
103.536451329
103.536451309
103.536451289
103.536451269
103.536451248
103.536451228
103.536451208
103.536451187
103.536451167
103.536451146
103.536451126
103.536451105
103.536451084
103.536451064
103.536451043
103.536451022
103.536451001
103.53645098
103.536450959
103.536450938
103.536450917
103.536450896
103.536450875
103.536450853
103.536450832
103.536450811
103.536450789
103.536450768
103.536450746
103.536450725
103.536450703
103.536450681
103.53645066
103.536450638
103.536450616
103.536450594
103.536450572
103.53645055
103.536450528
103.536450506
103.536450484
103.536450462
103.536450439
103.536450417
103.536450395
103.536450372
103.53645035
103.536450327
103.536450305
103.536450282
103.536450259
103.536450237
103.536450214
103.536450191
103.536450168
103.536450145
103.536450122
103.536450099
103.536450076
103.536450053
103.53645003
103.536450007
103.536449983
103.53644996
103.536449937
103.536449913
103.53644989
103.536449866
103.536449842
103.536449819
103.536449795
103.536449771
103.536449747
103.536449723
103.5364497
103.536449676
103.536449652
103.536449627
103.536449603
103.536449579
103.536449555
103.536449531
103.536449506
103.536449482
103.536449457
103.536449433
103.536449408
103.536449384
103.536449359
103.536449334
103.53644931
103.536449285
103.53644926
103.536449235
103.53644921
103.536449185
103.53644916
103.536449135
103.53644911
103.536449084
103.536449059
103.536449034
103.536449008
103.536448983
103.536448957
103.536448932
103.536448906
103.536448881
103.536448855
103.536448829
103.536448803
103.536448777
103.536448752
103.536448726
103.5364487
103.536448673
103.536448647
103.536448621
103.536448595
103.536448569
103.536448542
103.536448516
103.53644849
103.536448463
103.536448436
103.53644841
103.536448383
103.536448357
103.53644833
103.536448303
103.536448276
103.536448249
103.536448222
103.536448195
103.536448168
103.536448141
103.536448114
103.536448087
103.536448059
103.536448032
103.536448005
103.536447977
103.53644795
103.536447922
103.536447895
103.536447867
103.536447839
103.536447812
103.536447784
103.536447756
103.536447728
103.5364477
103.536447672
103.536447644
103.536447616
103.536447588
103.53644756
103.536447531
103.536447503
103.536447475
103.536447446
103.536447418
103.536447389
103.536447361
103.536447332
103.536447303
103.536447275
103.536447246
103.536447217
103.536447188
103.536447159
103.53644713
103.536447101
103.536447072
103.536447043
103.536447014
103.536446984
103.536446955
103.536446926
103.536446896
103.536446867
103.536446837
103.536446808
103.536446778
103.536446748
103.536446719
103.536446689
103.536446659
103.536446629
103.536446599
103.536446569
103.536446539
103.536446509
103.536446479
103.536446449
103.536446418
103.536446388
103.536446358
103.536446327
103.536446297
103.536446266
103.536446236
103.536446205
103.536446175
103.536446144
103.536446113
103.536446082
103.536446051
103.53644602
103.536445989
103.536445958
103.536445927
103.536445896
103.536445865
103.536445834
103.536445802
103.536445771
103.53644574
103.536445708
103.536445677
103.536445645
103.536445614
103.536445582
103.53644555
103.536445518
103.536445487
103.536445455
103.536445423
103.536445391
103.536445359
103.536445327
103.536445295
103.536445262
103.53644523
103.536445198
103.536445165
103.536445133
103.536445101
103.536445068
103.536445036
103.536445003
103.53644497
103.536444938
103.536444905
103.536444872
103.536444839
103.536444806
103.536444773
103.53644474
103.536444707
103.536444674
103.536444641
103.536444608
103.536444574
103.536444541
103.536444508
103.536444474
103.536444441
103.536444407
103.536444374
103.53644434
103.536444306
103.536444272
103.536444239
103.536444205
103.536444171
103.536444137
103.536444103
103.536444069
103.536444035
103.536444001
103.536443966
103.536443932
103.536443898
103.536443863
103.536443829
103.536443794
103.53644376
103.536443725
103.536443691
103.536443656
103.536443621
103.536443586
103.536443552
103.536443517
103.536443482
103.536443447
103.536443412
103.536443377
103.536443341
103.536443306
103.536443271
103.536443236
103.5364432
103.536443165
103.536443129
103.536443094
103.536443058
103.536443023
103.536442987
103.536442951
103.536442915
103.536442879
103.536442844
103.536442808
103.536442772
103.536442736
103.536442699
103.536442663
103.536442627
103.536442591
103.536442555
103.536442518
103.536442482
103.536442445
103.536442409
103.536442372
103.536442336
103.536442299
103.536442262
103.536442225
103.536442188
103.536442152
103.536442115
103.536442078
103.536442041
103.536442004
103.536441966
103.536441929
103.536441892
103.536441855
103.536441817
103.53644178
103.536441742
103.536441705
103.536441667
103.53644163
103.536441592
103.536441554
103.536441516
103.536441479
103.536441441
103.536441403
103.536441365
103.536441327
103.536441289
103.536441251
103.536441212
103.536441174
103.536441136
103.536441097
103.536441059
103.536441021
103.536440982
103.536440944
103.536440905
103.536440866
103.536440828
103.536440789
103.53644075
103.536440711
103.536440672
103.536440633
103.536440594
103.536440555
103.536440516
103.536440477
103.536440437
103.536440398
103.536440359
103.536440319
103.53644028
103.53644024
103.536440201
103.536440161
103.536440122
103.536440082
103.536440042
103.536440002
103.536439963
103.536439923
103.536439883
103.536439843
103.536439803
103.536439762
103.536439722
103.536439682
103.536439642
103.536439601
103.536439561
103.53643952
103.53643948
103.536439439
103.536439399
103.536439358
103.536439317
103.536439277
103.536439236
103.536439195
103.536439154
103.536439113
103.536439072
103.536439031
103.53643899
103.536438949
103.536438908
103.536438866
103.536438825
103.536438784
103.536438742
103.536438701
103.536438659
103.536438618
103.536438576
103.536438534
103.536438492
103.536438451
103.536438409
103.536438367
103.536438325
103.536438283
103.536438241
103.536438199
103.536438157
103.536438114
103.536438072
103.53643803
103.536437987
103.536437945
103.536437902
103.53643786
103.536437817
103.536437775
103.536437732
103.536437689
103.536437646
103.536437604
103.536437561
103.536437518
103.536437475
103.536437432
103.536437389
103.536437345
103.536437302
103.536437259
103.536437216
103.536437172
103.536437129
103.536437085
103.536437042
103.536436998
103.536436955
103.536436911
103.536436867
103.536436823
103.53643678
103.536436736
103.536436692
103.536436648
103.536436604
103.53643656
103.536436515
103.536436471
103.536436427
103.536436383
103.536436338
103.536436294
103.536436249
103.536436205
103.53643616
103.536436116
103.536436071
103.536436026
103.536435981
103.536435937
103.536435892
103.536435847
103.536435802
103.536435757
103.536435712
103.536435667
103.536435621
103.536435576
103.536435531
103.536435485
103.53643544
103.536435395
103.536435349
103.536435304
103.536435258
103.536435212
103.536435166
103.536435121
103.536435075
103.536435029
103.536434983
103.536434937
103.536434891
103.536434845
103.536434799
103.536434753
103.536434706
103.53643466
103.536434614
103.536434567
103.536434521
103.536434474
103.536434428
103.536434381
103.536434335
103.536434288
103.536434241
103.536434194
103.536434147
103.5364341
103.536434053
103.536434006
103.536433959
103.536433912
103.536433865
103.536433818
103.536433771
103.536433723
103.536433676
103.536433628
103.536433581
103.536433533
103.536433486
103.536433438
103.53643339
103.536433343
103.536433295
103.536433247
103.536433199
103.536433151
103.536433103
103.536433055
103.536433007
103.536432959
103.53643291
103.536432862
103.536432814
103.536432765
103.536432717
103.536432668
103.53643262
103.536432571
103.536432523
103.536432474
103.536432425
103.536432376
103.536432328
103.536432279
103.53643223
103.536432181
103.536432132
103.536432082
103.536432033
103.536431984
103.536431935
103.536431885
103.536431836
103.536431787
103.536431737
103.536431688
103.536431638
103.536431588
103.536431539
103.536431489
103.536431439
103.536431389
103.536431339
103.536431289
103.536431239
103.536431189
103.536431139
103.536431089
103.536431039
103.536430989
103.536430938
103.536430888
103.536430837
103.536430787
103.536430736
103.536430686
103.536430635
103.536430585
103.536430534
103.536430483
103.536430432
103.536430381
103.53643033
103.536430279
103.536430228
103.536430177
103.536430126
103.536430075
103.536430024
103.536429972
103.536429921
103.536429869
103.536429818
103.536429766
103.536429715
103.536429663
103.536429612
103.53642956
103.536429508
103.536429456
103.536429404
103.536429352
103.5364293
103.536429248
103.536429196
103.536429144
103.536429092
103.53642904
103.536428987
103.536428935
103.536428883
103.53642883
103.536428778
103.536428725
103.536428672
103.53642862
103.536428567
103.536428514
103.536428461
103.536428409
103.536428356
103.536428303
103.53642825
103.536428196
103.536428143
103.53642809
103.536428037
103.536427984
103.53642793
103.536427877
103.536427823
103.53642777
103.536427716
103.536427663
103.536427609
103.536427555
103.536427502
103.536427448
103.536427394
103.53642734
103.536427286
103.536427232
103.536427178
103.536427124
103.536427069
103.536427015
103.536426961
103.536426907
103.536426852
103.536426798
103.536426743
103.536426689
103.536426634
103.536426579
103.536426525
103.53642647
103.536426415
103.53642636
103.536426305
103.53642625
103.536426195
103.53642614
103.536426085
103.53642603
103.536425975
103.536425919
103.536425864
103.536425809
103.536425753
103.536425698
103.536425642
103.536425587
103.536425531
103.536425475
103.53642542
103.536425364
103.536425308
103.536425252
103.536425196
103.53642514
103.536425084
103.536425028
103.536424972
103.536424915
103.536424859
103.536424803
103.536424746
103.53642469
103.536424633
103.536424577
103.53642452
103.536424464
103.536424407
103.53642435
103.536424293
103.536424237
103.53642418
103.536424123
103.536424066
103.536424009
103.536423952
103.536423894
103.536423837
103.53642378
103.536423723
103.536423665
103.536423608
103.53642355
103.536423493
103.536423435
103.536423378
103.53642332
103.536423262
103.536423204
103.536423146
103.536423089
103.536423031
103.536422973
103.536422915
103.536422856
103.536422798
103.53642274
103.536422682
103.536422623
103.536422565
103.536422507
103.536422448
103.53642239
103.536422331
103.536422272
103.536422214
103.536422155
103.536422096
103.536422037
103.536421979
103.53642192
103.536421861
103.536421802
103.536421742
103.536421683
103.536421624
103.536421565
103.536421505
103.536421446
103.536421387
103.536421327
103.536421268
103.536421208
103.536421149
103.536421089
103.536421029
103.536420969
103.53642091
103.53642085
103.53642079
103.53642073
103.53642067
103.53642061
103.536420549
103.536420489
103.536420429
103.536420369
103.536420308
103.536420248
103.536420187
103.536420127
103.536420066
103.536420006
103.536419945
103.536419884
