151.857808827
151.857975474
151.858141929
151.858308193
151.858474265
151.858640147
151.858805837
151.858971336
151.859136644
151.85930176
151.859466685
151.859631419
151.859795961
151.859960313
151.860124473
151.860288441
151.860452219
151.860615806
151.860779201
151.860942405
151.861105418
151.861268239
151.861430869
151.861593309
151.861755556
151.861917613
151.862079479
151.862241153
151.862402636
151.862563928
151.862725028
151.862885938
151.863046656
151.863207183
151.863367519
151.863527664
151.863687618
151.86384738
151.864006952
151.864166332
151.864325521
151.864484519
151.864643325
151.864801941
151.864960365
151.865118598
151.865276641
151.865434491
151.865592151
151.86574962
151.865906898
151.866063985
151.866220879
151.866377584
151.866534097
151.866690419
151.86684655
151.86700249
151.867158239
151.867313796
151.867469163
151.867624339
151.867779323
151.867934117
151.868088719
151.86824313
151.86839735
151.868551379
151.868705217
151.868858864
151.869012321
151.869165585
151.869318659
151.869471542
151.869624234
151.869776734
151.869929044
151.870081163
151.870233091
151.870384827
151.870536373
151.870687727
151.870838891
151.870989864
151.871140645
151.871291236
151.871441635
151.871591844
151.871741861
151.871891688
151.872041323
151.872190768
151.872340022
151.872489084
151.872637957
151.872786637
151.872935127
151.873083426
151.873231533
151.873379451
151.873527176
151.873674712
151.873822056
151.873969208
151.874116171
151.874262942
151.874409523
151.874555912
151.874702111
151.874848118
151.874993935
151.875139561
151.875284996
151.87543024
151.875575292
151.875720155
151.875864826
151.876009306
151.876153596
151.876297695
151.876441602
151.876585319
151.876728845
151.876872181
151.877015325
151.877158278
151.877301041
151.877443612
151.877585993
151.877728184
151.877870183
151.878011991
151.878153608
151.878295035
151.87843627
151.878577316
151.87871817
151.878858833
151.878999306
151.879139588
151.879279678
151.879419579
151.879559288
151.879698806
151.879838134
151.879977271
151.880116217
151.880254973
151.880393537
151.880531911
151.880670094
151.880808086
151.880945887
151.881083498
151.881220918
151.881358148
151.881495187
151.881632034
151.881768691
151.881905157
151.882041433
151.882177517
151.882313412
151.882449114
151.882584627
151.882719949
151.88285508
151.88299002
151.88312477
151.883259329
151.883393697
151.883527875
151.883661862
151.883795658
151.883929264
151.884062678
151.884195902
151.884328935
151.884461778
151.884594431
151.884726892
151.884859163
151.884991243
151.885123133
151.885254831
151.88538634
151.885517657
151.885648784
151.88577972
151.885910466
151.886041021
151.886171385
151.886301559
151.886431542
151.886561334
151.886690936
151.886820347
151.886949568
151.887078598
151.887207438
151.887336086
151.887464545
151.887592812
151.887720889
151.887848776
151.887976472
151.888103977
151.888231292
151.888358416
151.88848535
151.888612093
151.888738645
151.888865008
151.888991179
151.889117159
151.88924295
151.889368549
151.889493959
151.889619177
151.889744205
151.889869043
151.88999369
151.890118147
151.890242413
151.890366489
151.890490373
151.890614069
151.890737573
151.890860886
151.89098401
151.891106942
151.891229683
151.891352235
151.891474596
151.891596768
151.891718747
151.891840537
151.891962137
151.892083545
151.892204764
151.892325792
151.892446629
151.892567276
151.892687733
151.892807999
151.892928074
151.89304796
151.893167655
151.893287159
151.893406473
151.893525596
151.89364453
151.893763272
151.893881825
151.894000187
151.894118358
151.89423634
151.89435413
151.89447173
151.89458914
151.89470636
151.894823389
151.894940228
151.895056876
151.895173335
151.895289602
151.895405679
151.895521567
151.895637264
151.89575277
151.895868086
151.895983211
151.896098147
151.896212892
151.896327446
151.89644181
151.896555984
151.896669968
151.896783761
151.896897365
151.897010777
151.897124
151.897237032
151.897349873
151.897462525
151.897574986
151.897687258
151.897799338
151.897911228
151.898022928
151.898134439
151.898245758
151.898356887
151.898467826
151.898578575
151.898689133
151.898799502
151.89890968
151.899019668
151.899129466
151.899239073
151.89934849
151.899457716
151.899566753
151.8996756
151.899784256
151.899892722
151.900000998
151.900109083
151.900216978
151.900324683
151.900432199
151.900539523
151.900646658
151.900753602
151.900860356
151.900966921
151.901073294
151.901179478
151.901285471
151.901391275
151.901496888
151.901602311
151.901707544
151.901812587
151.901917439
151.902022102
151.902126575
151.902230856
151.902334948
151.90243885
151.902542562
151.902646084
151.902749416
151.902852557
151.902955509
151.90305827
151.903160841
151.903263222
151.903365413
151.903467414
151.903569224
151.903670846
151.903772276
151.903873517
151.903974567
151.904075427
151.904176098
151.904276578
151.904376869
151.904476969
151.904576879
151.904676599
151.904776129
151.904875469
151.904974619
151.905073579
151.905172349
151.905270929
151.905369319
151.905467518
151.905565529
151.905663348
151.905760978
151.905858418
151.905955669
151.906052728
151.906149598
151.906246278
151.906342768
151.906439068
151.906535178
151.906631098
151.906726828
151.906822368
151.906917718
151.907012878
151.907107849
151.907202629
151.907297219
151.90739162
151.90748583
151.907579851
151.907673681
151.907767321
151.907860772
151.907954033
151.908047104
151.908139985
151.908232677
151.908325177
151.908417489
151.90850961
151.908601542
151.908693283
151.908784835
151.908876197
151.908967369
151.909058351
151.909149143
151.909239746
151.909330158
151.909420381
151.909510413
151.909600256
151.90968991
151.909779373
151.909868646
151.90995773
151.910046623
151.910135327
151.910223842
151.910312166
151.9104003
151.910488245
151.910576
151.910663565
151.91075094
151.910838126
151.910925121
151.911011927
151.911098543
151.911184969
151.911271206
151.911357252
151.911443109
151.911528777
151.911614254
151.911699542
151.911784639
151.911869548
151.911954266
151.912038795
151.912123134
151.912207283
151.912291243
151.912375012
151.912458592
151.912541982
151.912625183
151.912708194
151.912791015
151.912873646
151.912956088
151.91303834
151.913120402
151.913202275
151.913283958
151.913365451
151.913446755
151.913527869
151.913608793
151.913689528
151.913770072
151.913850427
151.913930593
151.914010569
151.914090356
151.914169952
151.914249359
151.914328577
151.914407604
151.914486442
151.91456509
151.914643549
151.914721819
151.914799899
151.914877788
151.914955489
151.915032999
151.91511032
151.915187452
151.915264394
151.915341146
151.91541771
151.915494082
151.915570266
151.91564626
151.915722065
151.915797679
151.915873105
151.915948341
151.916023387
151.916098244
151.916172911
151.916247389
151.916321676
151.916395775
151.916469684
151.916543404
151.916616933
151.916690274
151.916763425
151.916836387
151.916909158
151.91698174
151.917054134
151.917126337
151.917198351
151.917270175
151.91734181
151.917413256
151.917484512
151.917555578
151.917626455
151.917697143
151.917767641
151.91783795
151.917908069
151.917977998
151.918047739
151.91811729
151.918186651
151.918255823
151.918324805
151.918393598
151.918462202
151.918530617
151.918598841
151.918666877
151.918734723
151.91880238
151.918869847
151.918937124
151.919004213
151.919071112
151.919137822
151.919204342
151.919270673
151.919336814
151.919402767
151.919468529
151.919534103
151.919599487
151.919664682
151.919729686
151.919794503
151.91985913
151.919923567
151.919987815
151.920051873
151.920115743
151.920179423
151.920242914
151.920306215
151.920369327
151.92043225
151.920494984
151.920557528
151.920619882
151.920682048
151.920744024
151.920805812
151.920867409
151.920928818
151.920990037
151.921051067
151.921111907
151.921172558
151.921233021
151.921293294
151.921353377
151.921413272
151.921472977
151.921532493
151.92159182
151.921650957
151.921709905
151.921768664
151.921827234
151.921885615
151.921943806
151.922001808
151.922059621
151.922117244
151.922174679
151.922231924
151.92228898
151.922345847
151.922402525
151.922459014
151.922515313
151.922571424
151.922627345
151.922683077
151.92273862
151.922793973
151.922849137
151.922904113
151.922958899
151.923013497
151.923067904
151.923122123
151.923176153
151.923229993
151.923283645
151.923337107
151.923390381
151.923443465
151.92349636
151.923549066
151.923601583
151.923653911
151.923706049
151.923757999
151.92380976
151.92386133
151.923912713
151.923963906
151.924014911
151.924065726
151.924116352
151.924166789
151.924217037
151.924267096
151.924316966
151.924366647
151.924416139
151.924465442
151.924514556
151.92456348
151.924612217
151.924660763
151.924709121
151.924757289
151.92480527
151.924853061
151.924900662
151.924948075
151.924995299
151.925042334
151.92508918
151.925135836
151.925182305
151.925228584
151.925274674
151.925320575
151.925366286
151.92541181
151.925457144
151.92550229
151.925547247
151.925592014
151.925636592
151.925680982
151.925725183
151.925769194
151.925813017
151.925856651
151.925900097
151.925943353
151.92598642
151.926029298
151.926071988
151.926114488
151.9261568
151.926198923
151.926240857
151.926282602
151.926324158
151.926365526
151.926406704
151.926447694
151.926488495
151.926529107
151.92656953
151.926609764
151.92664981
151.926689667
151.926729334
151.926768813
151.926808104
151.926847205
151.926886118
151.926924841
151.926963376
151.927001723
151.92703988
151.927077849
151.927115628
151.92715322
151.927190622
151.927227835
151.92726486
151.927301696
151.927338344
151.927374802
151.927411072
151.927447153
151.927483045
151.927518748
151.927554263
151.92758959
151.927624727
151.927659675
151.927694435
151.927729006
151.927763389
151.927797582
151.927831588
151.927865404
151.927899032
151.927932471
151.92796572
151.927998782
151.928031656
151.92806434
151.928096836
151.928129142
151.92816126
151.92819319
151.928224931
151.928256483
151.928287847
151.928319022
151.928350008
151.928380806
151.928411415
151.928441835
151.928472067
151.928502111
151.928531965
151.928561631
151.928591109
151.928620398
151.928649498
151.928678409
151.928707132
151.928735667
151.928764012
151.92879217
151.928820139
151.928847918
151.928875511
151.928902913
151.928930128
151.928957154
151.928983991
151.92901064
151.9290371
151.929063372
151.929089455
151.92911535
151.929141056
151.929166574
151.929191903
151.929217044
151.929241996
151.929266759
151.929291334
151.929315721
151.929339919
151.929363928
151.92938775
151.929411382
151.929434827
151.929458082
151.929481149
151.929504029
151.929526719
151.929549221
151.929571534
151.929593659
151.929615596
151.929637344
151.929658904
151.929680274
151.929701457
151.929722452
151.929743258
151.929763875
151.929784304
151.929804545
151.929824598
151.929844461
151.929864137
151.929883624
151.929902923
151.929922033
151.929940955
151.929959689
151.929978234
151.929996591
151.93001476
151.93003274
151.930050531
151.930068135
151.93008555
151.930102776
151.930119816
151.930136666
151.930153328
151.930169801
151.930186086
151.930202183
151.930218092
151.930233812
151.930249344
151.930264687
151.930279843
151.93029481
151.930309589
151.930324179
151.930338582
151.930352796
151.930366821
151.930380658
151.930394308
151.930407768
151.930421041
151.930434126
151.930447022
151.93045973
151.930472249
151.930484581
151.930496724
151.930508679
151.930520446
151.930532024
151.930543415
151.930554617
151.930565631
151.930576456
151.930587094
151.930597543
151.930607804
151.930617877
151.930627762
151.930637458
151.930646967
151.930656287
151.930665419
151.930674363
151.930683119
151.930691687
151.930700066
151.930708258
151.930716261
151.930724076
151.930731703
151.930739141
151.930746392
151.930753455
151.93076033
151.930767016
151.930773514
151.930779824
151.930785946
151.930791881
151.930797626
151.930803184
151.930808554
151.930813736
151.930818729
151.930823535
151.930828152
151.930832581
151.930836823
151.930840876
151.930844741
151.930848418
151.930851908
151.930855209
151.930858322
151.930861247
151.930863984
151.930866534
151.930868894
151.930871068
151.930873053
151.930874849
151.930876458
151.93087788
151.930879112
151.930880158
151.930881014
151.930881683
151.930882165
151.930882458
151.930882564
151.93088248
151.93088221
151.930881751
151.930881105
151.93088027
151.930879247
151.930878038
151.930876639
151.930875052
151.930873279
151.930871316
151.930869167
151.930866829
151.930864303
151.930861589
151.930858687
151.930855598
151.930852321
151.930848855
151.930845203
151.930841361
151.930837332
151.930833115
151.930828711
151.930824118
151.930819338
151.93081437
151.930809214
151.930803871
151.930798339
151.930792619
151.930786712
151.930780617
151.930774334
151.930767862
151.930761204
151.930754358
151.930747323
151.930740101
151.930732692
151.930725094
151.930717309
151.930709336
151.930701175
151.930692826
151.93068429
151.930675565
151.930666654
151.930657554
151.930648266
151.930638791
151.930629128
151.930619277
151.930609238
151.930599012
151.930588599
151.930577997
151.930567208
151.930556231
151.930545065
151.930533713
151.930522173
151.930510445
151.930498529
151.930486426
151.930474135
151.930461656
151.930448991
151.930436137
151.930423095
151.930409866
151.930396448
151.930382844
151.930369052
151.930355072
151.930340904
151.93032655
151.930312006
151.930297276
151.930282358
151.930267252
151.930251959
151.930236478
151.930220809
151.930204953
151.93018891
151.930172678
151.930156259
151.930139653
151.930122859
151.930105878
151.930088708
151.930071351
151.930053807
151.930036075
151.930018156
151.930000049
151.929981754
151.929963272
151.929944603
151.929925745
151.9299067
151.929887468
151.929868049
151.929848442
151.929828647
151.929808665
151.929788494
151.929768137
151.929747592
151.92972686
151.92970594
151.929684833
151.929663539
151.929642057
151.929620386
151.92959853
151.929576485
151.929554253
151.929531834
151.929509226
151.929486432
151.92946345
151.929440281
151.929416924
151.92939338
151.929369649
151.92934573
151.929321623
151.92929733
151.929272849
151.929248181
151.929223324
151.929198281
151.92917305
151.929147632
151.929122026
151.929096234
151.929070253
151.929044086
151.929017731
151.928991188
151.928964459
151.928937542
151.928910438
151.928883146
151.928855667
151.928828001
151.928800146
151.928772106
151.928743877
151.928715461
151.928686858
151.928658068
151.92862909
151.928599926
151.928570574
151.928541035
151.928511307
151.928481393
151.928451292
151.928421004
151.928390528
151.928359864
151.928329014
151.928297977
151.928266752
151.92823534
151.92820374
151.928171954
151.92813998
151.928107819
151.92807547
151.928042935
151.928010212
151.927977303
151.927944206
151.927910921
151.92787745
151.927843791
151.927809945
151.927775912
151.927741692
151.927707285
151.92767269
151.927637909
151.927602939
151.927567783
151.92753244
151.92749691
151.927461192
151.927425288
151.927389196
151.927352917
151.927316451
151.927279798
151.927242957
151.92720593
151.927168716
151.927131313
151.927093725
151.927055949
151.927017986
151.926979836
151.9269415
151.926902975
151.926864264
151.926825365
151.92678628
151.926747008
151.926707548
151.926667902
151.926628068
151.926588048
151.92654784
151.926507445
151.926466864
151.926426095
151.926385139
151.926343996
151.926302667
151.92626115
151.926219446
151.926177555
151.926135478
151.926093212
151.926050761
151.926008122
151.925965297
151.925922283
151.925879083
151.925835698
151.925792124
151.925748363
151.925704416
151.925660281
151.92561596
151.925571451
151.925526756
151.925481874
151.925436805
151.925391549
151.925346106
151.925300476
151.925254659
151.925208655
151.925162465
151.925116087
151.925069523
151.925022772
151.924975834
151.924928709
151.924881397
151.924833898
151.924786213
151.92473834
151.924690281
151.924642035
151.924593602
151.924544982
151.924496174
151.924447182
151.924398001
151.924348634
151.92429908
151.924249339
151.924199411
151.924149297
151.924098996
151.924048508
151.923997833
151.923946972
151.923895923
151.923844688
151.923793266
151.923741658
151.923689862
151.92363788
151.923585711
151.923533355
151.923480812
151.923428083
151.923375168
151.923322065
151.923268775
151.923215299
151.923161636
151.923107787
151.923053751
151.922999527
151.922945118
151.922890522
151.922835738
151.922780769
151.922725612
151.922670269
151.922614739
151.922559023
151.92250312
151.922447029
151.922390753
151.92233429
151.92227764
151.922220804
151.922163781
151.922106571
151.922049175
151.921991591
151.921933822
151.921875866
151.921817723
151.921759394
151.921700877
151.921642176
151.921583285
151.92152421
151.921464948
151.921405498
151.921345863
151.921286041
151.921226032
151.921165837
151.921105455
151.921044886
151.920984131
151.92092319
151.920862063
151.920800747
151.920739246
151.920677559
151.920615685
151.920553624
151.920491377
151.920428943
151.920366323
151.920303516
151.920240523
151.920177344
151.920113977
151.920050425
151.919986686
151.91992276
151.919858648
151.919794349
151.919729864
151.919665193
151.919600335
151.919535291
151.91947006
151.919404642
151.919339039
151.919273249
151.919207272
151.919141109
151.91907476
151.919008224
151.918941502
151.918874593
151.918807498
151.918740217
151.918672749
151.918605095
151.918537254
151.918469227
151.918401014
151.918332614
151.918264028
151.918195257
151.918126297
151.918057153
151.917987821
151.917918303
151.917848599
151.917778709
151.917708632
151.917638369
151.91756792
151.917497284
151.917426462
151.917355454
151.917284259
151.917212878
151.917141311
151.917069558
151.916997618
151.916925492
151.91685318
151.916780681
151.916707996
151.916635125
151.916562068
151.916488825
151.916415395
151.916341778
151.916267976
151.916193988
151.916119813
151.916045452
151.915970905
151.915896172
151.915821252
151.915746146
151.915670854
151.915595376
151.915519712
151.915443862
151.915367824
151.915291601
151.915215192
151.915138597
151.915061816
151.914984848
151.914907694
151.914830355
151.914752829
151.914675117
151.914597218
151.914519134
151.914440864
151.914362407
151.914283764
151.914204935
151.91412592
151.914046719
151.913967332
151.913887759
151.913807999
151.913728054
151.913647922
151.913567604
151.913487101
151.913406411
151.913325536
151.913244474
151.913163226
151.913081792
151.913000172
151.912918366
151.912836374
151.912754196
151.912671831
151.912589281
151.912506545
151.912423623
151.912340515
151.912257221
151.91217374
151.912090074
151.912006222
151.911922184
151.91183796
151.91175355
151.911668954
151.911584172
151.911499204
151.91141405
151.91132871
151.911243184
151.911157472
151.911071575
151.910985491
151.910899222
151.910812766
151.910726124
151.910639298
151.910552284
151.910465085
151.9103777
151.910290129
151.910202373
151.91011443
151.910026301
151.909937987
151.909849486
151.9097608
151.909671928
151.909582871
151.909493626
151.909404197
151.909314582
151.90922478
151.909134793
151.90904462
151.908954261
151.908863717
151.908772986
151.90868207
151.908590968
151.90849968
151.908408206
151.908316547
151.908224702
151.908132671
151.908040454
151.907948051
151.907855463
151.907762689
151.90766973
151.907576583
151.907483251
151.907389735
151.907296032
151.907202144
151.90710807
151.90701381
151.906919364
151.906824732
151.906729915
151.906634911
151.906539722
151.906444349
151.906348789
151.906253043
151.906157111
151.906060994
151.905964692
151.905868203
151.905771529
151.905674669
151.905577624
151.905480393
151.905382976
151.905285374
151.905187586
151.905089612
151.904991453
151.904893108
151.904794578
151.904695862
151.90459696
151.904497872
151.904398599
151.904299141
151.904199497
151.904099667
151.903999652
151.903899451
151.903799064
151.903698492
151.903597735
151.903496792
151.903395663
151.903294349
151.903192849
151.903091163
151.902989292
151.902887236
151.902784994
151.902682566
151.902579954
151.902477155
151.902374171
151.902271001
151.902167647
151.902064106
151.90196038
151.901856468
151.901752372
151.901648089
151.901543621
151.901438968
151.901334129
151.901229104
151.901123895
151.901018499
151.900912919
151.900807153
151.900701201
151.900595064
151.900488742
151.900382234
151.900275541
151.900168662
151.900061599
151.899954349
151.899846914
151.899739294
151.899631488
151.899523497
151.899415321
151.899306959
151.899198412
151.89908968
151.898980762
151.898871659
151.89876237
151.898652896
151.898543237
151.898433392
151.898323363
151.898213148
151.898102747
151.897992161
151.89788139
151.897770433
151.897659292
151.897547964
151.897436452
151.897324755
151.897212872
151.897100803
151.89698855
151.896876112
151.896763487
151.896650678
151.896537684
151.896424504
151.896311139
151.896197589
151.896083853
151.895969933
151.895855827
151.895741536
151.895627059
151.895512397
151.895397551
151.895282518
151.895167302
151.895051899
151.894936312
151.894820539
151.894704581
151.894588438
151.89447211
151.894355596
151.894238898
151.894122014
151.894004945
151.893887691
151.893770252
151.893652627
151.893534818
151.893416824
151.893298644
151.893180279
151.893061729
151.892942994
151.892824073
151.892704969
151.892585678
151.892466203
151.892346543
151.892226697
151.892106666
151.891986451
151.891866049
151.891745464
151.891624693
151.891503737
151.891382596
151.89126127
151.891139759
151.891018063
151.890896181
151.890774116
151.890651864
151.890529428
151.890406807
151.890284001
151.89016101
151.890037834
151.889914472
151.889790926
151.889667195
151.889543279
151.889419178
151.889294893
151.889170421
151.889045765
151.888920924
151.888795899
151.888670688
151.888545292
151.888419711
151.888293946
151.888167995
151.88804186
151.88791554
151.887789035
151.887662344
151.887535469
151.88740841
151.887281165
151.887153735
151.88702612
151.886898321
151.886770337
151.886642168
151.886513814
151.886385275
151.886256551
151.886127642
151.885998549
151.88586927
151.885739808
151.88561016
151.885480327
151.88535031
151.885220107
151.885089721
151.884959148
151.884828391
151.88469745
151.884566324
151.884435013
151.884303517
151.884171836
151.884039971
151.883907921
151.883775686
151.883643266
151.883510662
151.883377872
151.883244899
151.88311174
151.882978397
151.882844869
151.882711156
151.882577259
151.882443177
151.882308909
151.882174458
151.882039822
151.881905
151.881769995
151.881634805
151.88149943
151.88136387
151.881228125
151.881092196
151.880956083
151.880819785
151.880683302
151.880546634
151.880409782
151.880272745
151.880135523
151.879998117
151.879860526
151.879722751
151.879584791
151.879446647
151.879308317
151.879169804
151.879031105
151.878892222
151.878753155
151.878613903
151.878474467
151.878334845
151.878195039
151.878055049
151.877914874
151.877774515
151.877633971
151.877493242
151.877352329
151.877211232
151.87706995
151.876928483
151.876786832
151.876644997
151.876502976
151.876360772
151.876218382
151.876075809
151.875933051
151.875790109
151.875646982
151.87550367
151.875360174
151.875216494
151.875072629
151.87492858
151.874784346
151.874639929
151.874495326
151.874350538
151.874205567
151.874060411
151.873915071
151.873769546
151.873623838
151.873477944
151.873331866
151.873185604
151.873039158
151.872892527
151.872745711
151.872598712
151.872451527
151.872304159
151.872156606
151.872008869
151.871860947
151.871712841
151.871564552
151.871416077
151.871267418
151.871118575
151.870969548
151.870820336
151.87067094
151.87052136
151.870371595
151.870221646
151.870071513
151.869921195
151.869770693
151.869620007
151.869469137
151.869318083
151.869166844
151.869015421
151.868863814
151.868712022
151.868560046
151.868407886
151.868255542
151.868103013
151.867950301
151.867797404
151.867644322
151.867491057
151.867337608
151.867183974
151.867030156
151.866876154
151.866721968
151.866567598
151.866413043
151.866258304
151.866103382
151.865948274
151.865792983
151.865637508
151.865481848
151.865326005
151.865169977
151.865013766
151.864857369
151.864700789
151.864544026
151.864387077
151.864229944
151.864072629
151.863915128
151.863757443
151.863599575
151.863441521
151.863283285
151.863124864
151.862966259
151.86280747
151.862648497
151.86248934
151.862329998
151.862170474
151.862010764
151.861850871
151.861690794
151.861530532
151.861370087
151.861209458
151.861048644
151.860887647
151.860726466
151.8605651
151.860403552
151.860241819
151.860079901
151.8599178
151.859755515
151.859593046
151.859430393
151.859267556
151.859104536
151.858941331
151.858777942
151.85861437
151.858450613
151.858286672
151.858122548
151.85795824
151.857793747
151.857629072
151.857464212
151.857299167
151.85713394
151.856968529
151.856802933
151.856637154
151.85647119
151.856305044
151.856138712
151.855972198
151.855805499
151.855638617
151.855471551
151.855304301
151.855136867
151.854969249
151.854801448
151.854633462
151.854465293
151.854296941
151.854128404
151.853959683
151.853790779
151.853621691
151.853452419
151.853282964
151.853113324
151.852943501
151.852773494
151.852603304
151.85243293
151.852262372
151.85209163
151.851920704
151.851749595
151.851578303
151.851406826
151.851235165
151.851063321
151.850891294
151.850719082
151.850546687
151.850374109
151.850201346
151.8500284
151.849855271
151.849681957
151.84950846
151.849334779
151.849160915
151.848986867
151.848812635
151.84863822
151.848463621
151.848288839
151.848113872
151.847938723
151.847763389
151.847587872
151.847412172
151.847236287
151.84706022
151.846883969
151.846707534
151.846530915
151.846354114
151.846177129
151.845999959
151.845822607
151.84564507
151.84546735
151.845289447
151.84511136
151.84493309
151.844754637
151.844575999
151.844397179
151.844218174
151.844038986
151.843859615
151.84368006
151.843500322
151.8433204
151.843140295
151.842960006
151.842779534
151.842598878
151.842418039
151.842237017
151.842055811
151.841874422
151.841692849
151.841511093
151.841329153
151.841147029
151.840964723
151.840782233
151.84059956
151.840416703
151.840233663
151.84005044
151.839867033
151.839683443
151.839499669
151.839315712
151.839131572
151.838947248
151.838762741
151.838578051
151.838393177
151.83820812
151.838022879
151.837837455
151.837651849
151.837466059
151.837280085
151.837093927
151.836907587
151.836721064
151.836534357
151.836347467
151.836160393
151.835973137
151.835785697
151.835598074
151.835410267
151.835222277
151.835034105
151.834845748
151.834657209
151.834468486
151.83427958
151.834090491
151.833901219
151.833711763
151.833522125
151.833332303
151.833142298
151.832952109
151.832761737
151.832571183
151.832380445
151.832189524
151.831998419
151.831807132
151.831615662
151.831424008
151.831232171
151.831040151
151.830847948
151.830655562
151.830462992
151.830270239
151.830077304
151.829884185
151.829690883
151.829497398
151.82930373
151.829109879
151.828915845
151.828721627
151.828527227
151.828332644
151.828137877
151.827942928
151.827747795
151.827552479
151.82735698
151.827161299
151.826965434
151.826769386
151.826573155
151.826376742
151.826180145
151.825983364
151.825786402
151.825589255
151.825391927
151.825194415
151.82499672
151.824798842
151.824600782
151.824402538
151.824204111
151.824005501
151.823806709
151.823607733
151.823408575
151.823209233
151.823009708
151.822810001
151.822610111
151.822410038
151.822209782
151.822009343
151.82180872
151.821607916
151.821406929
151.821205758
151.821004404
151.820802868
151.820601149
151.820399247
151.820197162
151.819994894
151.819792444
151.81958981
151.819386994
151.819183995
151.818980813
151.818777448
151.8185739
151.81837017
151.818166257
151.817962161
151.817757882
151.817553421
151.817348776
151.817143949
151.816938939
151.816733747
151.816528371
151.816322812
151.816117072
151.815911148
151.815705041
151.815498752
151.81529228
151.815085625
151.814878788
151.814671768
151.814464564
151.814257179
151.814049611
151.81384186
