436.368696719
436.369414135
436.370130846
436.370846851
436.371562151
436.372276746
436.372990636
436.373703821
436.3744163
436.375128074
436.375839143
436.376549507
436.377259165
436.377968118
436.378676366
436.379383908
436.380090745
436.380796877
436.381502304
436.382207025
436.382911041
436.383614351
436.384316957
436.385018857
436.385720051
436.386420541
436.387120325
436.387819403
436.388517777
436.389215445
436.389912407
436.390608665
436.391304216
436.391999063
436.392693204
436.39338664
436.39407937
436.394771395
436.395462715
436.396153329
436.396843238
436.397532442
436.39822094
436.398908732
436.399595819
436.400282201
436.400967878
436.401652848
436.402337114
436.403020674
436.403703529
436.404385678
436.405067122
436.40574786
436.406427893
436.40710722
436.407785842
436.408463758
436.409140969
436.409817475
436.410493275
436.411168369
436.411842758
436.412516442
436.41318942
436.413861692
436.414533259
436.415204121
436.415874277
436.416543727
436.417212472
436.417880511
436.418547845
436.419214473
436.419880396
436.420545613
436.421210125
436.421873931
436.422537032
436.423199427
436.423861116
436.4245221
436.425182378
436.425841951
436.426500818
436.427158979
436.427816435
436.428473186
436.42912923
436.42978457
436.430439203
436.431093131
436.431746353
436.43239887
436.433050681
436.433701786
436.434352186
436.43500188
436.435650869
436.436299151
436.436946729
436.4375936
436.438239766
436.438885226
436.439529981
436.44017403
436.440817373
436.441460011
436.442101942
436.442743169
436.443383689
436.444023504
436.444662613
436.445301016
436.445938714
436.446575706
436.447211993
436.447847573
436.448482448
436.449116617
436.44975008
436.450382838
436.45101489
436.451646236
436.452276877
436.452906812
436.453536041
436.454164564
436.454792381
436.455419493
436.456045899
436.456671599
436.457296594
436.457920882
436.458544465
436.459167342
436.459789514
436.460410979
436.461031739
436.461651793
436.462271141
436.462889783
436.46350772
436.464124951
436.464741475
436.465357295
436.465972408
436.466586815
436.467200517
436.467813513
436.468425803
436.469037387
436.469648265
436.470258438
436.470867904
436.471476665
436.47208472
436.472692069
436.473298712
436.473904649
436.474509881
436.475114406
436.475718226
436.47632134
436.476923748
436.47752545
436.478126446
436.478726736
436.479326321
436.479925199
436.480523372
436.481120838
436.481717599
436.482313654
436.482909003
436.483503646
436.484097583
436.484690814
436.485283339
436.485875159
436.486466272
436.487056679
436.487646381
436.488235376
436.488823666
436.48941125
436.489998127
436.490584299
436.491169765
436.491754525
436.492338579
436.492921927
436.493504568
436.494086504
436.494667734
436.495248258
436.495828076
436.496407188
436.496985594
436.497563294
436.498140288
436.498716576
436.499292158
436.499867034
436.500441204
436.501014668
436.501587426
436.502159478
436.502730824
436.503301464
436.503871398
436.504440626
436.505009148
436.505576963
436.506144073
436.506710477
436.507276174
436.507841166
436.508405452
436.508969031
436.509531904
436.510094072
436.510655533
436.511216288
436.511776338
436.512335681
436.512894318
436.513452249
436.514009473
436.514565992
436.515121805
436.515676912
436.516231312
436.516785007
436.517337995
436.517890277
436.518441853
436.518992723
436.519542887
436.520092345
436.520641097
436.521189142
436.521736482
436.522283115
436.522829042
436.523374263
436.523918778
436.524462587
436.52500569
436.525548086
436.526089777
436.526630761
436.527171039
436.527710611
436.528249477
436.528787637
436.52932509
436.529861838
436.530397879
436.530933214
436.531467843
436.532001765
436.532534982
436.533067492
436.533599296
436.534130394
436.534660786
436.535190472
436.535719451
436.536247725
436.536775292
436.537302152
436.537828307
436.538353756
436.538878498
436.539402534
436.539925864
436.540448488
436.540970405
436.541491616
436.542012121
436.54253192
436.543051013
436.543569399
436.544087079
436.544604053
436.545120321
436.545635882
436.546150737
436.546664886
436.547178329
436.547691066
436.548203096
436.54871442
436.549225038
436.549734949
436.550244154
436.550752653
436.551260446
436.551767533
436.552273913
436.552779587
436.553284554
436.553788816
436.554292371
436.55479522
436.555297363
436.555798799
436.556299529
436.556799553
436.55729887
436.557797481
436.558295386
436.558792585
436.559289077
436.559784863
436.560279943
436.560774317
436.561267984
436.561760945
436.562253199
436.562744747
436.563235589
436.563725725
436.564215154
436.564703877
436.565191894
436.565679204
436.566165808
436.566651706
436.567136897
436.567621383
436.568105161
436.568588234
436.5690706
436.56955226
436.570033213
436.57051346
436.570993001
436.571471835
436.571949963
436.572427385
436.5729041
436.573380109
436.573855412
436.574330008
436.574803898
436.575277082
436.575749559
436.57622133
436.576692394
436.577162753
436.577632404
436.57810135
436.578569589
436.579037122
436.579503948
436.579970068
436.580435481
436.580900189
436.581364189
436.581827484
436.582290072
436.582751954
436.583213129
436.583673598
436.58413336
436.584592416
436.585050766
436.58550841
436.585965346
436.586421577
436.586877101
436.587331919
436.58778603
436.588239435
436.588692134
436.589144126
436.589595412
436.590045991
436.590495864
436.59094503
436.59139349
436.591841244
436.592288291
436.592734632
436.593180267
436.593625195
436.594069416
436.594512931
436.59495574
436.595397842
436.595839238
436.596279927
436.59671991
436.597159187
436.597597757
436.598035621
436.598472778
436.598909229
436.599344973
436.599780011
436.600214343
436.600647968
436.601080886
436.601513099
436.601944604
436.602375404
436.602805496
436.603234883
436.603663563
436.604091536
436.604518803
436.604945364
436.605371218
436.605796365
436.606220807
436.606644541
436.60706757
436.607489891
436.607911507
436.608332415
436.608752618
436.609172114
436.609590903
436.610008986
436.610426363
436.610843033
436.611258996
436.611674253
436.612088804
436.612502648
436.612915786
436.613328217
436.613739942
436.61415096
436.614561271
436.614970877
436.615379776
436.615787968
436.616195453
436.616602233
436.617008306
436.617413672
436.617818332
436.618222285
436.618625532
436.619028072
436.619429906
436.619831033
436.620231454
436.620631169
436.621030177
436.621428478
436.621826073
436.622222961
436.622619143
436.623014618
436.623409387
436.62380345
436.624196805
436.624589455
436.624981398
436.625372634
436.625763164
436.626152987
436.626542104
436.626930514
436.627318218
436.627705215
436.628091506
436.62847709
436.628861968
436.629246139
436.629629604
436.630012362
436.630394413
436.630775758
436.631156397
436.631536329
436.631915555
436.632294074
436.632671886
436.633048992
436.633425392
436.633801085
436.634176071
436.634550351
436.634923924
436.635296791
436.635668952
436.636040405
436.636411153
436.636781193
436.637150528
436.637519155
436.637887076
436.638254291
436.638620799
436.638986601
436.639351696
436.639716084
436.640079766
436.640442741
436.64080501
436.641166573
436.641527428
436.641887578
436.642247021
436.642605757
436.642963786
436.643321109
436.643677726
436.644033636
436.64438884
436.644743337
436.645097127
436.645450211
436.645802588
436.646154259
436.646505223
436.646855481
436.647205032
436.647553877
436.647902015
436.648249447
436.648596172
436.64894219
436.649287502
436.649632107
436.649976006
436.650319198
436.650661684
436.651003463
436.651344536
436.651684902
436.652024562
436.652363515
436.652701761
436.653039301
436.653376135
436.653712262
436.654047682
436.654382396
436.654716403
436.655049703
436.655382298
436.655714185
436.656045366
436.656375841
436.656705609
436.65703467
436.657363025
436.657690673
436.658017615
436.65834385
436.658669379
436.658994201
436.659318316
436.659641725
436.659964428
436.660286424
436.660607713
436.660928296
436.661248172
436.661567342
436.661885805
436.662203561
436.662520612
436.662836955
436.663152592
436.663467523
436.663781746
436.664095264
436.664408075
436.664720179
436.665031577
436.665342268
436.665652252
436.66596153
436.666270102
436.666577967
436.666885125
436.667191577
436.667497322
436.667802361
436.668106693
436.668410319
436.668713238
436.669015451
436.669316957
436.669617757
436.66991785
436.670217236
436.670515916
436.670813889
436.671111156
436.671407716
436.67170357
436.671998717
436.672293158
436.672586892
436.67287992
436.673172241
436.673463855
436.673754763
436.674044965
436.674334459
436.674623248
436.674911329
436.675198705
436.675485373
436.675771336
436.676056591
436.67634114
436.676624983
436.676908119
436.677190549
436.677472272
436.677753288
436.678033598
436.678313201
436.678592098
436.678870289
436.679147772
436.67942455
436.67970062
436.679975985
436.680250642
436.680524593
436.680797838
436.681070376
436.681342208
436.681613333
436.681883751
436.682153463
436.682422469
436.682690768
436.68295836
436.683225246
436.683491426
436.683756899
436.684021665
436.684285725
436.684549078
436.684811725
436.685073665
436.685334899
436.685595426
436.685855247
436.686114361
436.686372769
436.68663047
436.686887465
436.687143753
436.687399335
436.68765421
436.687908379
436.688161841
436.688414597
436.688666646
436.688917988
436.689168625
436.689418554
436.689667777
436.689916294
436.690164104
436.690411208
436.690657605
436.690903296
436.69114828
436.691392557
436.691636129
436.691878993
436.692121152
436.692362603
436.692603349
436.692843387
436.69308272
436.693321345
436.693559264
436.693796477
436.694032984
436.694268783
436.694503877
436.694738264
436.694971944
436.695204918
436.695437185
436.695668746
436.695899601
436.696129749
436.69635919
436.696587925
436.696815954
436.697043276
436.697269892
436.697495801
436.697721003
436.6979455
436.698169289
436.698392373
436.69861475
436.69883642
436.699057384
436.699277641
436.699497193
436.699716037
436.699934175
436.700151607
436.700368332
436.700584351
436.700799663
436.701014269
436.701228168
436.701441361
436.701653848
436.701865628
436.702076702
436.702287069
436.70249673
436.702705684
436.702913932
436.703121473
436.703328308
436.703534437
436.703739859
436.703944575
436.704148584
436.704351887
436.704554484
436.704756374
436.704957557
436.705158034
436.705357805
436.70555687
436.705755228
436.705952879
436.706149824
436.706346063
436.706541595
436.706736421
436.706930541
436.707123954
436.70731666
436.707508661
436.707699955
436.707890542
436.708080423
436.708269598
436.708458066
436.708645828
436.708832884
436.709019233
436.709204875
436.709389812
436.709574042
436.709757565
436.709940383
436.710122493
436.710303898
436.710484596
436.710664588
436.710843873
436.711022452
436.711200325
436.711377491
436.711553951
436.711729704
436.711904751
436.712079092
436.712252727
436.712425655
436.712597876
436.712769392
436.712940201
436.713110303
436.7132797
436.71344839
436.713616373
436.713783651
436.713950222
436.714116086
436.714281245
436.714445696
436.714609442
436.714772481
436.714934814
436.715096441
436.715257361
436.715417575
436.715577083
436.715735884
436.715893979
436.716051368
436.71620805
436.716364027
436.716519296
436.71667386
436.716827717
436.716980868
436.717133313
436.717285051
436.717436083
436.717586408
436.717736028
436.717884941
436.718033148
436.718180648
436.718327443
436.71847353
436.718618912
436.718763588
436.718907557
436.71905082
436.719193376
436.719335227
436.719476371
436.719616808
436.71975654
436.719895565
436.720033884
436.720171497
436.720308403
436.720444604
436.720580098
436.720714886
436.720848967
436.720982342
436.721115011
436.721246974
436.721378231
436.721508781
436.721638625
436.721767763
436.721896195
436.72202392
436.722150939
436.722277252
436.722402859
436.72252776
436.722651954
436.722775442
436.722898224
436.7230203
436.723141669
436.723262333
436.72338229
436.723501541
436.723620085
436.723737924
436.723855056
436.723971483
436.724087203
436.724202216
436.724316524
436.724430126
436.724543021
436.72465521
436.724766693
436.72487747
436.72498754
436.725096905
436.725205563
436.725313515
436.725420761
436.725527301
436.725633135
436.725738262
436.725842684
436.725946399
436.726049408
436.726151711
436.726253308
436.726354199
436.726454384
436.726553862
436.726652635
436.726750701
436.726848061
436.726944715
436.727040663
436.727135905
436.727230441
436.72732427
436.727417394
436.727509811
436.727601523
436.727692528
436.727782827
436.72787242
436.727961307
436.728049488
436.728136963
436.728223732
436.728309794
436.728395151
436.728479801
436.728563746
436.728646984
436.728729517
436.728811343
436.728892463
436.728972878
436.729052586
436.729131588
436.729209884
436.729287474
436.729364358
436.729440536
436.729516008
436.729590774
436.729664834
436.729738188
436.729810836
436.729882778
436.729954014
436.730024544
436.730094368
436.730163485
436.730231897
436.730299603
436.730366603
436.730432897
436.730498485
436.730563367
436.730627543
436.730691013
436.730753777
436.730815835
436.730877187
436.730937833
436.730997773
436.731057007
436.731115536
436.731173358
436.731230474
436.731286885
436.731342589
436.731397588
436.73145188
436.731505467
436.731558348
436.731610523
436.731661991
436.731712754
436.731762812
436.731812163
436.731860808
436.731908747
436.731955981
436.732002508
436.73204833
436.732093446
436.732137855
436.732181559
436.732224558
436.73226685
436.732308436
436.732349317
436.732389491
436.73242896
436.732467723
436.73250578
436.732543131
436.732579776
436.732615716
436.732650949
436.732685477
436.732719299
436.732752415
436.732784825
436.73281653
436.732847529
436.732877821
436.732907408
436.73293629
436.732964465
436.732991934
436.733018698
436.733044756
436.733070108
436.733094755
436.733118695
436.73314193
436.733164459
436.733186282
436.7332074
436.733227811
436.733247517
436.733266518
436.733284812
436.733302401
436.733319284
436.733335461
436.733350932
436.733365698
436.733379758
436.733393112
436.73340576
436.733417703
436.73342894
436.733439471
436.733449297
436.733458417
436.733466831
436.733474539
436.733481542
436.733487839
436.733493431
436.733498316
436.733502496
436.733505971
436.733508739
436.733510802
436.73351216
436.733512811
436.733512757
436.733511998
436.733510532
436.733508361
436.733505485
436.733501902
436.733497614
436.733492621
436.733486922
436.733480517
436.733473406
436.73346559
436.733457069
436.733447841
436.733437908
436.73342727
436.733415926
436.733403876
436.733391121
436.73337766
436.733363494
436.733348622
436.733333044
436.733316761
436.733299772
436.733282078
436.733263678
436.733244573
436.733224762
436.733204245
436.733183023
436.733161095
436.733138462
436.733115124
436.73309108
436.73306633
436.733040875
436.733014714
436.732987848
436.732960276
436.732931999
436.732903016
436.732873328
436.732842934
436.732811835
436.73278003
436.73274752
436.732714304
436.732680383
436.732645757
436.732610425
436.732574387
436.732537644
436.732500196
436.732462042
436.732423183
436.732383618
436.732343348
436.732302373
436.732260692
436.732218305
436.732175213
436.732131416
436.732086914
436.732041706
436.731995792
436.731949174
436.731901849
436.73185382
436.731805085
436.731755645
436.731705499
436.731654648
436.731603092
436.73155083
436.731497863
436.731444191
436.731389813
436.73133473
436.731278941
436.731222448
436.731165249
436.731107344
436.731048734
436.730989419
436.730929399
436.730868674
436.730807243
436.730745107
436.730682265
436.730618718
436.730554466
436.730489509
436.730423846
436.730357479
436.730290406
436.730222627
436.730154144
436.730084955
436.730015061
436.729944461
436.729873157
436.729801147
436.729728432
436.729655012
436.729580887
436.729506056
436.72943052
436.729354279
436.729277333
436.729199682
436.729121325
436.729042263
436.728962497
436.728882024
436.728800847
436.728718965
436.728636377
436.728553085
436.728469087
436.728384384
436.728298976
436.728212862
436.728126044
436.728038521
436.727950292
436.727861358
436.72777172
436.727681376
436.727590327
436.727498573
436.727406113
436.727312949
436.72721908
436.727124505
436.727029226
436.726933241
436.726836552
436.726739157
436.726641058
436.726542253
436.726442743
436.726342528
436.726241609
436.726139984
436.726037654
436.725934619
436.725830879
436.725726434
436.725621285
436.72551543
436.72540887
436.725301605
436.725193635
436.725084961
436.724975581
436.724865496
436.724754707
436.724643212
436.724531013
436.724418108
436.724304499
436.724190185
436.724075165
436.723959441
436.723843012
436.723725878
436.72360804
436.723489496
436.723370247
436.723250294
436.723129635
436.723008272
436.722886204
436.722763431
436.722639953
436.72251577
436.722390883
436.72226529
436.722138993
436.722011991
436.721884284
436.721755872
436.721626756
436.721496935
436.721366409
436.721235178
436.721103242
436.720970601
436.720837256
436.720703206
436.720568451
436.720432991
436.720296827
436.720159958
436.720022384
436.719884105
436.719745122
436.719605434
436.719465041
436.719323944
436.719182141
436.719039634
436.718896423
436.718752506
436.718607885
436.718462559
436.718316529
436.718169794
436.718022354
436.71787421
436.71772536
436.717575807
436.717425548
436.717274585
436.717122917
436.716970545
436.716817468
436.716663686
436.7165092
436.716354009
436.716198114
436.716041514
436.715884209
436.7157262
436.715567486
436.715408068
436.715247945
436.715087117
436.714925585
436.714763349
436.714600407
436.714436762
436.714272412
436.714107357
436.713941598
436.713775134
436.713607965
436.713440093
436.713271515
436.713102233
436.712932247
436.712761556
436.712590161
436.712418061
436.712245257
436.712071748
436.711897535
436.711722618
436.711546996
436.711370669
436.711193638
436.711015903
436.710837463
436.710658319
436.71047847
436.710297917
436.71011666
436.709934698
436.709752032
436.709568662
436.709384587
436.709199808
436.709014324
436.708828136
436.708641244
436.708453647
436.708265346
436.708076341
436.707886631
436.707696218
436.707505099
436.707313277
436.70712075
436.706927519
436.706733584
436.706538944
436.7063436
436.706147552
436.705950799
436.705753342
436.705555181
436.705356316
436.705156747
436.704956473
436.704755495
436.704553813
436.704351427
436.704148336
436.703944542
436.703740043
436.70353484
436.703328932
436.703122321
436.702915005
436.702706985
436.702498261
436.702288833
436.702078701
436.701867865
436.701656324
436.70144408
436.701231131
436.701017478
436.700803121
436.70058806
436.700372295
436.700155826
436.699938652
436.699720775
436.699502194
436.699282908
436.699062919
436.698842225
436.698620827
436.698398726
436.69817592
436.69795241
436.697728197
436.697503279
436.697277657
436.697051332
436.696824302
436.696596568
436.696368131
436.696138989
436.695909143
436.695678594
436.69544734
436.695215383
436.694982722
436.694749356
436.694515287
436.694280514
436.694045037
436.693808856
436.693571971
436.693334383
436.69309609
436.692857094
436.692617393
436.692376989
436.692135881
436.691894069
436.691651553
436.691408334
436.691164411
436.690919783
436.690674452
436.690428418
436.690181679
436.689934236
436.68968609
436.68943724
436.689187687
436.688937429
436.688686468
436.688434803
436.688182434
436.687929361
436.687675585
436.687421105
436.687165922
436.686910034
436.686653443
436.686396148
436.68613815
436.685879448
436.685620042
436.685359932
436.685099119
436.684837602
436.684575382
436.684312457
436.68404883
436.683784498
436.683519463
436.683253725
436.682987282
436.682720136
436.682452287
436.682183734
436.681914477
436.681644517
436.681373854
436.681102486
436.680830415
436.680557641
436.680284163
436.680009982
436.679735097
436.679459508
436.679183216
436.678906221
436.678628522
436.678350119
436.678071013
436.677791204
436.677510691
436.677229474
436.676947555
436.676664931
436.676381605
436.676097574
436.675812841
436.675527404
436.675241264
436.67495442
436.674666873
436.674378622
436.674089668
436.673800011
436.67350965
436.673218586
436.672926819
436.672634348
436.672341174
436.672047297
436.671752716
436.671457432
436.671161444
436.670864754
436.67056736
436.670269263
436.669970462
436.669670958
436.669370751
436.669069841
436.668768228
436.668465911
436.668162891
436.667859168
436.667554741
436.667249612
436.666943779
436.666637243
436.666330004
436.666022061
436.665713416
436.665404067
436.665094015
436.66478326
436.664471802
436.66415964
436.663846776
436.663533209
436.663218938
436.662903964
436.662588287
436.662271907
436.661954824
436.661637038
436.661318549
436.660999356
436.660679461
436.660358863
436.660037561
436.659715557
436.65939285
436.659069439
436.658745326
436.658420509
436.65809499
436.657768767
436.657441842
436.657114214
436.656785882
436.656456848
436.656127111
436.655796671
436.655465528
436.655133681
436.654801133
436.654467881
436.654133926
436.653799268
436.653463908
436.653127845
436.652791078
436.652453609
436.652115437
436.651776563
436.651436985
436.651096704
436.650755721
436.650414035
436.650071646
436.649728555
436.64938476
436.649040263
436.648695063
436.64834916
436.648002555
436.647655246
436.647307235
436.646958521
436.646609105
436.646258986
436.645908164
436.645556639
436.645204412
436.644851482
436.644497849
436.644143514
436.643788476
436.643432735
436.643076292
436.642719146
436.642361298
436.642002747
436.641643493
436.641283536
436.640922877
436.640561516
436.640199452
436.639836685
436.639473216
436.639109044
436.638744169
436.638378593
436.638012313
436.637645331
436.637277647
436.63690926
436.63654017
436.636170378
436.635799884
436.635428687
436.635056787
436.634684186
436.634310881
436.633936874
436.633562165
436.633186754
436.63281064
436.632433823
436.632056304
436.631678083
436.63129916
436.630919534
436.630539205
436.630158175
436.629776442
436.629394006
436.629010869
436.628627029
436.628242486
436.627857242
436.627471295
436.627084645
436.626697294
436.62630924
436.625920484
436.625531026
436.625140865
436.624750002
436.624358437
436.62396617
436.623573201
436.623179529
436.622785155
436.622390079
436.621994301
436.62159782
436.621200638
436.620802753
436.620404166
436.620004877
436.619604886
436.619204193
436.618802797
436.6184007
436.6179979
436.617594399
436.617190195
436.616785289
436.616379681
436.615973371
436.615566359
436.615158645
436.614750229
436.614341111
436.613931291
436.613520769
436.613109545
436.612697619
436.612284991
436.611871661
436.611457629
436.611042895
436.61062746
436.610211322
436.609794482
436.609376941
436.608958697
436.608539752
436.608120105
436.607699755
436.607278704
436.606856952
436.606434497
436.60601134
436.605587482
436.605162922
436.60473766
436.604311696
436.60388503
436.603457663
436.603029594
436.602600823
436.60217135
436.601741175
436.601310299
436.600878721
436.600446441
436.60001346
436.599579777
436.599145392
436.598710306
436.598274517
436.597838028
436.597400836
436.596962943
436.596524348
436.596085052
436.595645053
436.595204354
436.594762952
436.594320849
436.593878045
436.593434539
436.592990331
436.592545422
436.592099811
436.591653499
436.591206485
436.59075877
436.590310353
436.589861234
436.589411414
436.588960893
436.58850967
436.588057745
436.58760512
436.587151792
436.586697764
436.586243033
436.585787602
436.585331469
436.584874634
436.584417099
436.583958861
436.583499923
436.583040283
436.582579941
436.582118899
436.581657155
436.581194709
436.580731562
436.580267714
436.579803165
436.579337914
436.578871963
436.578405309
436.577937955
436.577469899
436.577001142
436.576531684
436.576061525
436.575590664
436.575119102
436.574646839
436.574173875
436.573700209
436.573225843
436.572750775
436.572275006
436.571798536
436.571321364
436.570843492
436.570364918
436.569885644
436.569405668
436.568924991
436.568443613
436.567961534
436.567478754
436.566995273
436.566511091
436.566026208
436.565540624
436.565054339
436.564567352
436.564079665
436.563591277
436.563102188
436.562612398
436.562121907
436.561630715
436.561138822
436.560646228
436.560152933
436.559658937
436.559164241
436.558668843
436.558172745
436.557675945
436.557178445
436.556680244
436.556181343
436.55568174
436.555181436
436.554680432
436.554178727
436.553676321
436.553173215
436.552669407
436.552164899
436.55165969
436.55115378
436.55064717
436.550139859
436.549631847
436.549123134
436.548613721
436.548103607
436.547592792
436.547081277
436.546569061
436.546056145
436.545542527
436.545028209
436.544513191
436.543997472
436.543481052
436.542963932
436.542446111
436.54192759
436.541408368
436.540888445
436.540367822
436.539846499
436.539324475
436.53880175
436.538278325
436.537754199
436.537229373
436.536703847
436.53617762
436.535650692
436.535123064
436.534594736
436.534065707
436.533535978
436.533005549
436.532474419
436.531942589
436.531410058
436.530876827
436.530342896
436.529808264
436.529272932
436.5287369
436.528200167
436.527662734
436.527124601
436.526585767
436.526046234
436.525506
436.524965065
436.524423431
436.523881096
436.523338061
436.522794326
436.522249891
436.521704755
436.52115892
436.520612384
436.520065148
436.519517212
436.518968575
436.518419239
436.517869203
436.517318466
436.516767029
436.516214892
436.515662056
436.515108519
436.514554282
436.513999345
436.513443708
436.512887371
436.512330334
436.511772597
436.51121416
436.510655023
436.510095186
436.509534649
436.508973412
436.508411475
436.507848838
436.507285502
436.506721465
436.506156729
436.505591292
436.505025156
436.50445832
436.503890784
436.503322549
436.502753613
436.502183977
436.501613642
436.501042607
436.500470872
436.499898438
436.499325303
436.498751469
436.498176935
436.497601702
436.497025769
436.496449136
436.495871803
436.49529377
436.494715038
436.494135607
436.493555475
436.492974644
436.492393113
436.491810883
436.491227953
436.490644323
436.490059994
436.489474965
436.488889237
436.488302809
436.487715682
436.487127855
436.486539328
436.485950102
436.485360176
436.484769551
436.484178227
436.483586203
436.482993479
436.482400056
436.481805934
436.481211112
436.480615591
436.48001937
436.47942245
436.47882483
436.478226511
436.477627493
436.477027776
436.476427359
436.475826242
436.475224427
436.474621912
436.474018698
436.473414784
436.472810171
436.472204859
436.471598848
436.470992137
436.470384727
436.469776618
436.46916781
436.468558302
436.467948096
436.46733719
436.466725585
436.46611328
436.465500277
436.464886575
436.464272173
436.463657072
436.463041272
436.462424773
436.461807575
436.461189678
436.460571082
436.459951787
436.459331792
436.458711099
436.458089707
436.457467615
436.456844825
436.456221336
436.455597147
436.45497226
436.454346674
436.453720389
436.453093404
436.452465721
436.45183734
436.451208259
436.450578479
436.449948
436.449316823
436.448684947
436.448052372
436.447419097
436.446785125
436.446150453
436.445515083
436.444879014
436.444242246
436.443604779
436.442966613
436.442327749
436.441688186
436.441047925
436.440406964
436.439765305
436.439122947
436.438479891
436.437836136
436.437191682
436.43654653
436.435900679
436.435254129
436.434606881
436.433958934
436.433310289
436.432660945
436.432010903
436.431360162
436.430708722
436.430056584
436.429403747
436.428750212
436.428095979
436.427441046
436.426785416
436.426129087
436.425472059
436.424814334
436.424155909
436.423496787
436.422836966
436.422176446
436.421515228
436.420853312
436.420190698
436.419527385
436.418863373
436.418198664
436.417533256
436.41686715
436.416200345
436.415532843
436.414864642
436.414195743
436.413526145
436.41285585
436.412184856
436.411513164
436.410840773
436.410167685
436.409493898
436.408819414
436.408144231
436.40746835
436.406791771
436.406114494
436.405436518
436.404757845
436.404078473
436.403398404
436.402717636
436.402036171
436.401354007
436.400671146
436.399987586
436.399303328
436.398618373
436.397932719
436.397246368
436.396559318
436.395871571
436.395183125
436.394493982
436.393804141
436.393113602
