77.1962103586
77.1435889652
77.0908566655
77.0380204679
76.9850873206
76.9320641089
76.8789576524
76.8257747057
76.7725219532
76.7192060104
76.6658334204
76.6124106524
76.5589441001
76.5054400801
76.4519048303
76.3983445075
76.344765187
76.2911728601
76.2375734324
76.1839727231
76.130376463
76.0767902922
76.0232197607
75.9696703249
75.9161473473
75.8626560952
75.8092017385
75.7557893493
75.7024239001
75.6491102631
75.5958532081
75.5426574028
75.4895274101
75.4364676872
75.383482586
75.3305763508
75.2777531173
75.2250169122
75.1723716518
75.1198211412
75.0673690746
75.0150190318
74.9627744804
74.9106387733
74.8586151482
74.806706728
74.7549165182
74.7032474084
74.6517021703
74.6002834584
74.548993808
74.4978356361
74.4468112408
74.3959227999
74.3451723719
74.2945618951
74.2440931874
74.193767946
74.1435877477
74.0935540481
74.0436681821
73.9939313637
73.9443446856
73.8949091202
73.8456255183
73.7964946109
73.7475170075
73.6986931976
73.6500235508
73.6015083166
73.5531476252
73.5049414875
73.4568897951
73.4089923217
73.3612487233
73.3136585386
73.2662211887
73.2189359791
73.1718020996
73.1248186247
73.0779845151
73.0312986176
72.9847596665
72.9383662842
72.8921169813
72.8460101593
72.8000441097
72.7542170158
72.7085269534
72.6629718925
72.6175496976
72.5722581285
72.5270948429
72.4820573963
72.4371432431
72.3923497389
72.3476741411
72.3031136096
72.2586652094
72.2143259112
72.1700925931
72.1259620415
72.0819309531
72.0379959362
71.9941535122
71.9504001174
71.9067321039
71.8631457419
71.819637221
71.7762026524
71.732838069
71.6895394293
71.6463026177
71.6031234459
71.5599976568
71.5169209238
71.4738888541
71.4308969903
71.3879408122
71.345015738
71.3021171276
71.259240284
71.2163804542
71.1735328329
71.1306925633
71.0878547393
71.0450144084
71.0021665722
70.9593061902
70.9164281801
70.8735274217
70.8305987576
70.7876369959
70.7446369127
70.7015932535
70.6585007354
70.6153540502
70.5721478657
70.5288768281
70.4855355645
70.4421186849
70.398620784
70.3550364441
70.311360237
70.2675867265
70.2237104702
70.179726022
70.135627935
70.0914107618
70.0470690589
70.0025973882
69.9579903187
69.9132424297
69.8683483123
69.823302572
69.778099831
69.73273473
69.6872019312
69.64149612
69.5956120072
69.5495443317
69.5032878621
69.4568373997
69.4101877796
69.3633338743
69.3162705948
69.268992893
69.2214957643
69.1737742495
69.1258234366
69.0776384638
69.0292145205
68.9805468508
68.9316307539
68.8824615874
68.8330347697
68.7833457805
68.7333901644
68.683163532
68.6326615619
68.5818800035
68.5308146781
68.4794614809
68.4278163837
68.3758754359
68.323634767
68.2710905873
68.2182391917
68.1650769599
68.1116003588
68.0578059441
68.0036903618
67.949250351
67.8944827441
67.8393844689
67.7839525508
67.7281841145
67.6720763841
67.6156266866
67.5588324514
67.5016912135
67.4442006143
67.386358403
67.3281624371
67.269610686
67.21070123
67.1514322627
67.091802092
67.0318091417
66.9714519521
66.9107291813
66.8496396076
66.7881821271
66.7263557593
66.6641596449
66.6015930477
66.5386553559
66.4753460827
66.4116648671
66.3476114743
66.2831857981
66.2183878591
66.1532178079
66.0876759247
66.0217626185
65.9554784309
65.888824034
65.821800232
65.7544079615
65.6866482919
65.6185224257
65.5500316988
65.4811775817
65.4119616783
65.3423857271
65.2724516015
65.2021613092
65.1315169927
65.0605209298
64.9891755332
64.9174833507
64.8454470642
64.7730694915
64.7003535841
64.6273024287
64.5539192458
64.4802073902
64.4061703505
64.3318117481
64.2571353387
64.1821450089
64.1068447783
64.0312387982
63.9553313513
63.8791268501
63.8026298372
63.7258449845
63.6487770927
63.5714310894
63.4938120303
63.4159250969
63.3377755953
63.2593689575
63.180710737
63.1018066117
63.0226623801
62.9432839606
62.8636773925
62.783848832
62.703804553
62.6235509447
62.5430945119
62.4624418715
62.3815997535
62.3005749986
62.2193745555
62.1380054822
62.0564749431
61.9747902069
61.892958646
61.8109877351
61.7288850489
61.6466582609
61.5643151419
61.4818635577
61.399311468
61.3166669252
61.2339380707
61.1511331347
61.0682604347
60.985328372
60.9023454315
60.8193201788
60.7362612583
60.6531773917
60.5700773758
60.4869700807
60.4038644469
60.3207694846
60.2376942705
60.1546479464
60.0716397163
59.988678845
59.9057746557
59.822936528
59.740173895
59.6574962423
59.5749131039
59.4924340618
59.4100687429
59.3278268169
59.2457179933
59.1637520199
59.081938681
59.0002877923
58.9188092026
58.837512788
58.7564084511
58.6755061188
58.5948157384
58.5143472771
58.4341107181
58.3541160589
58.2743733085
58.1948924851
58.1156836146
58.0367567252
57.9581218485
57.8797890147
57.8017682516
57.7240695805
57.6467030155
57.569678559
57.4930062013
57.416695917
57.3407576621
57.2652013726
57.1900369618
57.115274317
57.0409232974
56.9669937326
56.8934954188
56.8204381169
56.7478315507
56.6756854031
56.6040093147
56.5328128809
56.46210565
56.3918971204
56.3221967381
56.2530138946
56.1843579247
56.1162381031
56.0486636435
55.9816436958
55.9151873432
55.8493036003
55.7840014114
55.7192896471
55.6551771029
55.5916724966
55.5287844667
55.4665215691
55.4048922759
55.3439049736
55.2835679589
55.2238894388
55.1648775284
55.1065402468
55.048885518
54.991921166
54.9356549153
54.8800943872
54.8252470988
54.7711204606
54.7177217752
54.6650582351
54.61313692
54.5619647973
54.5115487182
54.4618954166
54.4130115082
54.3649034878
54.3175777276
54.2710404771
54.2252978597
54.1803558721
54.136220383
54.0928971309
54.0503917234
54.008709635
53.9678562066
53.9278366439
53.8886560157
53.8503192532
53.812831148
53.7761963524
53.7404193763
53.7055045878
53.671456211
53.638278326
53.6059748666
53.5745496207
53.5440062282
53.5143481811
53.4855788222
53.4577013445
53.4307187899
53.4046340492
53.3794498613
53.3551688123
53.3317933346
53.3093257076
53.2877680557
53.2671223486
53.2473904014
53.2285738727
53.2106742658
53.1936929275
53.1776310485
53.1624896622
53.1482696456
53.1349717188
53.1225964443
53.1111442279
53.1006153182
53.0910098066
53.0823276279
53.0745685593
53.0677322221
53.0618180806
53.056825443
53.0527534615
53.0496011329
53.0473672987
53.0460506451
53.0456497048
53.0461628558
53.0475883236
53.0499241803
53.0531683462
53.0573185903
53.0623725307
53.0683276353
53.0751812233
53.0829304652
53.0915723842
53.1011038567
53.1115216135
53.1228222408
53.1350021813
53.1480577349
53.1619850602
53.1767801749
53.1924389585
53.2089571517
53.226330359
53.2445540492
53.2636235567
53.283534084
53.3042807012
53.3258583491
53.3482618401
53.3714858591
53.3955249659
53.4203735959
53.4460260627
53.4724765592
53.4997191589
53.5277478177
53.5565563765
53.586138562
53.6164879885
53.6475981602
53.6794624728
53.7120742152
53.7454265716
53.7795126235
53.8143253506
53.8498576354
53.8861022617
53.9230519193
53.9606992043
53.9990366226
54.0380565914
54.0777514406
54.118113416
54.1591346807
54.2008073177
54.2431233321
54.286074653
54.3296531353
54.3738505637
54.4186586528
54.4640690506
54.5100733404
54.5566630436
54.6038296213
54.6515644768
54.6998589587
54.7487043619
54.7980919316
54.8480128639
54.8984583099
54.9494193764
55.00088713
55.0528525987
55.1053067735
55.1582406123
55.2116450416
55.265510959
55.3198292356
55.3745907182
55.4297862326
55.4854065852
55.5414425655
55.5978849492
55.6547245003
55.7119519732
55.7695581156
55.8275336703
55.8858693791
55.9445559835
56.0035842278
56.0629448627
56.122628645
56.1826263434
56.2429287381
56.3035266245
56.3644108154
56.4255721438
56.4870014644
56.5486896563
56.6106276257
56.6728063085
56.735216671
56.7978497138
56.8606964747
56.923748028
56.9869954906
57.0504300211
57.1140428241
57.1778251504
57.2417683019
57.3058636317
57.3701025467
57.4344765101
57.498977043
57.5635957273
57.6283242071
57.6931541912
57.7580774544
57.8230858405
57.8881712636
57.9533257104
58.0185412418
58.0838099954
58.1491241868
58.2144761114
58.2798581468
58.3452627544
58.4106824807
58.4761099599
58.5415379147
58.6069591589
58.6723665978
58.7377532315
58.8031121547
58.86843656
58.9337197386
58.9989550809
59.0641360793
59.1292563295
59.1943095316
59.2592894905
59.3241901191
59.3890054386
59.453729579
59.518356782
59.5828814013
59.6472979024
59.7116008676
59.7757849922
59.8398450886
59.9037760873
59.9675730359
60.0312311026
60.0947455745
60.1581118603
60.2213254908
60.2843821186
60.34727752
60.4100075954
60.4725683696
60.5349559927
60.5971667408
60.6591970161
60.7210433471
60.782702391
60.8441709311
60.9054458796
60.9665242771
61.0274032925
61.0880802234
61.1485524977
61.2088176705
61.2688734283
61.3287175862
61.3883480885
61.4477630094
61.5069605531
61.5659390519
61.6246969681
61.6832328932
61.741545547
61.7996337788
61.8574965658
61.915133013
61.9725423532
62.0297239467
62.0866772807
62.1434019682
62.1998977483
62.2561644854
62.3122021686
62.3680109105
62.4235909476
62.478942639
62.5340664646
62.5889630271
62.6436330479
62.6980773682
62.7522969479
62.8062928643
62.8600663114
62.9136185976
62.966951147
63.0200654966
63.0729632956
63.1256463042
63.1781163925
63.2303755397
63.2824258316
63.3342694604
63.3859087232
63.4373460211
63.4885838559
63.5396248313
63.590471649
63.6411271093
63.6915941084
63.741875637
63.7919747786
63.8418947086
63.8916386922
63.9412100825
63.9906123193
64.0398489269
64.0889235131
64.1378397667
64.1866014559
64.2352124267
64.2836766013
64.3319979755
64.3801806171
64.4282286647
64.4761463248
64.5239378705
64.571607639
64.61916003
64.6665995041
64.7139305801
64.7611578329
64.808285892
64.8553194392
64.9022632059
64.9491219726
64.9959005649
65.0426038528
65.0892367479
65.1358042012
65.1823112011
65.2287627714
65.2751639691
65.3215198815
65.3678356252
65.4141163428
65.4603672012
65.5065933895
65.5528001163
65.5989926081
65.6451761063
65.6913558656
65.7375371515
65.7837252381
65.8299254053
65.8761429382
65.9223831229
65.9686512447
66.0149525871
66.0612924281
66.1076760385
66.1541086801
66.2005956025
66.2471420417
66.2937532176
66.3404343314
66.3871905643
66.4340270737
66.4809489933
66.5279614286
66.5750694563
66.6222781215
66.669592435
66.7170173725
66.7645578711
66.8122188282
66.8600050989
66.9079214935
66.9559727766
67.0041636635
67.0524988199
67.1009828578
67.1496203355
67.1984157542
67.2473735567
67.2964981251
67.345793779
67.395264774
67.4449152987
67.4947494737
67.5447713497
67.5949849055
67.6453940457
67.6960026001
67.7468143209
67.7978328811
67.8490618732
67.9005048069
67.9521651082
68.0040461173
68.056151087
68.1084831812
68.1610454734
68.2138409451
68.2668724842
68.3201428834
68.3736548399
68.4274109523
68.4814137207
68.535665544
68.5901687199
68.6449254426
68.6999378026
68.7552077842
68.8107372655
68.8665280166
68.9225816986
68.9788998628
69.0354839497
69.0923352873
69.1494550908
69.2068444614
69.2645043857
69.3224357346
69.3806392624
69.4391156062
69.4978652853
69.5568887
69.6161861315
69.6757577408
69.7356035681
69.7957235335
69.8561174346
69.9167849466
69.9777256234
70.0389388943
70.1004240666
70.1621803235
70.2242067243
70.2865022043
70.3490655743
70.4118955211
70.474990606
70.5383492661
70.6019698147
70.6658504388
70.7299892015
70.7943840414
70.8590327725
70.9239330842
70.9890825426
71.0544785889
71.1201185414
71.1859995951
71.2521188216
71.3184731707
71.3850594692
71.4518744237
71.5189146183
71.5861765178
71.6536564659
71.7213506876
71.7892552897
71.8573662604
71.9256794708
71.9941906762
72.0628955159
72.1317895145
72.2008680825
72.2701265188
72.3395600091
72.4091636286
72.4789323428
72.5488610083
72.6189443743
72.6891770833
72.759553672
72.8300685742
72.9007161197
72.9714905374
73.0423859557
73.1133964039
73.1845158145
73.2557380234
73.3270567714
73.3984657068
73.4699583862
73.5415282758
73.6131687533
73.6848731095
73.75663455
73.8284461962
73.9003010881
73.9721921849
74.0441123673
74.11605444
74.1880111317
74.2599750981
74.3319389238
74.4038951236
74.4758361452
74.5477543697
74.6196421152
74.6914916376
74.763295133
74.8350447399
74.9067325402
74.9783505624
75.0498907838
75.1213451309
75.1927054838
75.2639636757
75.3351114973
75.4061406977
75.4770429872
75.5478100385
75.6184334902
75.6889049483
75.7592159873
75.829358155
75.8993229727
75.9691019374
76.0386865256
76.1080681935
76.1772383814
76.2461885141
76.3149100047
76.383394255
76.4516326604
76.51961661
76.5873374892
76.6547866833
76.7219555783
76.7888355644
76.8554180377
76.9216944017
76.9876560713
77.053294474
77.1186010528
77.1835672675
77.2481845983
77.312444547
77.3763386402
77.4398584305
77.5029955002
77.5657414621
77.628087963
77.6900266852
77.751549349
77.8126477145
77.873313585
77.9335388076
77.9933152769
78.0526349364
78.1114897808
78.1698718582
78.2277732723
78.2851861848
78.3421028164
78.3985154509
78.4544164352
78.5097981831
78.5646531758
78.6189739656
78.6727531765
78.7259835062
78.7786577303
78.8307687014
78.8823093522
78.9332726977
78.9836518375
79.0334399562
79.0826303263
79.1312163103
79.1791913613
79.2265490259
79.2732829456
79.3193868584
79.3648546005
79.409680108
79.4538574189
79.4973806741
79.5402441192
79.5824421063
79.6239690956
79.6648196562
79.7049884685
79.7444703243
79.78326013
79.821352907
79.858743792
79.8954280405
79.9314010264
79.9666582437
80.0011953081
80.0350079576
80.0680920537
80.100443583
80.1320586577
80.1629335172
80.1930645282
80.2224481868
80.2510811179
80.278960078
80.3060819543
80.3324437668
80.358042668
80.3828759444
80.4069410166
80.430235441
80.4527569089
80.4745032482
80.4954724237
80.5156625372
80.5350718285
80.5536986752
80.5715415939
80.5885992401
80.6048704078
80.6203540313
80.6350491838
80.6489550787
80.6620710699
80.6743966504
80.6859314538
80.6966752539
80.7066279643
80.7157896392
80.7241604725
80.7317407973
80.7385310873
80.7445319556
80.7497441533
80.7541685716
80.7578062395
80.7606583245
80.7627261315
80.7640111028
80.7645148172
80.7642389905
80.7631854728
80.7613562502
80.758753443
80.7553793048
80.7512362223
80.7463267146
80.7406534319
80.7342191546
80.727026793
80.7190793863
80.7103801012
80.7009322312
80.6907391954
80.6798045374
80.6681319246
80.6557251468
80.6425881152
80.6287248605
80.6141395324
80.5988363985
80.5828198423
80.5660943619
80.5486645692
80.5305351886
80.5117110539
80.4921971097
80.4719984072
80.451120104
80.4295674627
80.4073458482
80.3844607275
80.3609176668
80.3367223308
80.3118804806
80.2863979713
80.2602807522
80.2335348619
80.2061664303
80.1781816735
80.1495868934
80.1203884762
80.0905928896
80.0602066811
80.0292364764
79.9976889776
79.9655709602
79.9328892719
79.8996508306
79.8658626222
79.8315316985
79.7966651752
79.7612702292
79.7253540978
79.6889240751
79.6519875112
79.6145518089
79.5766244219
79.5382128538
79.4993246537
79.4599674148
79.4201487741
79.3798764075
79.3391580284
79.2980013867
79.2564142644
79.2144044752
79.1719798615
79.1291482918
79.0859176586
79.0422958767
78.9982908805
78.9539106208
78.9091630642
78.8640561902
78.818597987
78.7727964534
78.7266595913
78.6801954082
78.6334119113
78.5863171073
78.5389189993
78.4912255846
78.443244853
78.3949847829
78.346453341
78.2976584788
78.2486081306
78.1993102117
78.1497726155
78.1000032112
78.0500098426
77.9998003246
77.949382442
77.8987639464
77.8479525547
77.7969559471
77.7457817642
77.694437605
77.6429310257
77.5912695358
77.5394605984
77.4875116259
77.4354299791
77.3832229647
77.3308978344
77.2784617809
77.2259219375
77.1732853757
77.1205591029
77.0677500614
77.0148651252
76.9619110986
76.908894716
76.8558226372
76.8027014476
76.7495376562
76.6963376927
76.6431079075
76.5898545684
76.53658386
76.4833018817
76.4300146463
76.3767280775
76.3234480096
76.2701801855
76.2169302547
76.1637037727
76.1105061994
76.0573428964
76.0042191277
75.9511400574
75.8981107473
75.8451361576
75.7922211449
75.7393704602
75.6865887484
75.6338805478
75.581250288
75.5287022893
75.4762407613
75.4238698028
75.3715933996
75.3194154245
75.2673396365
75.2153696792
75.1635090807
75.1117612524
75.0601294887
75.0086169654
74.9572267404
74.9059617524
74.8548248198
74.8038186412
74.7529457946
74.7022087356
74.6516097996
74.6011511993
74.5508350247
74.5006632438
74.4506377012
74.4007601193
74.3510320955
74.3014551056
74.2520305008
74.202759509
74.1536432348
74.1046826586
74.0558786384
74.0072319077
73.9587430773
73.9104126353
73.8622409463
73.8142282531
73.7663746754
73.7186802119
73.6711447394
73.6237680138
73.5765496702
73.529489224
73.4825860708
73.4358394872
73.3892486319
73.3428125455
73.2965301519
73.2504002589
73.2044215587
73.1585926287
73.1129119332
73.0673778229
73.0219885369
72.9767422037
72.9316368413
72.8866703589
72.8418405583
72.797145134
72.752581675
72.7081476661
72.663840489
72.6196574233
72.5755956477
72.5316522419
72.4878241874
72.4441083695
72.4005015776
72.3570005078
72.313601764
72.2703018589
72.2270972165
72.1839841727
72.1409589775
72.0980177965
72.0551567125
72.0123717268
71.9696587617
71.927013662
71.8844321962
71.841910059
71.7994428723
71.7570261881
71.7146554895
71.6723261927
71.6300336495
71.5877731487
71.5455399182
71.5033291264
71.4611358855
71.4189552523
71.3767822307
71.3346117742
71.2924387867
71.2502581261
71.2080646055
71.1658529952
71.1236180256
71.0813543885
71.0390567401
70.9967197022
70.9543378653
70.9119057907
70.8694180116
70.8268690371
70.7842533529
70.7415654245
70.6987996989
70.6559506072
70.6130125667
70.5699799828
70.5268472528
70.4836087658
70.4402589073
70.3967920597
70.3532026055
70.30948493
70.2656334227
70.2216424797
70.1775065068
70.1332199211
70.088777153
70.0441726497
69.9994008766
69.9544563191
69.9093334864
69.8640269128
69.8185311596
69.7728408182
69.7269505122
69.6808548993
69.6345486737
69.588026569
69.541283359
69.4943138612
69.4471129388
69.3996755019
69.351996511
69.3040709793
69.2558939726
69.2074606139
69.1587660848
69.1098056274
69.0605745461
69.0110682105
68.9612820566
68.9112115897
68.8608523852
68.8102000925
68.7592504347
68.7079992126
68.6564423057
68.6045756734
68.5523953581
68.4998974874
68.4470782737
68.3939340193
68.3404611147
68.2866560436
68.2325153819
68.1780358015
68.1232140708
68.0680470568
68.0125317268
67.9566651497
67.9004444975
67.8438670477
67.7869301835
67.7296313967
67.6719682878
67.613938569
67.5555400634
67.4967707087
67.4376285568
67.3781117762
67.3182186528
67.2579475905
67.1972971133
67.1362658665
67.0748526167
67.013056255
66.9508757954
66.8883103776
66.8253592673
66.7620218578
66.6982976699
66.6341863528
66.569687687
66.5048015816
66.4395280784
66.3738673495
66.307819701
66.2413855715
66.1745655331
66.1073602933
66.0397706931
65.9717977095
65.9034424548
65.8347061781
65.7655902641
65.6960962341
65.6262257472
65.5559805994
65.4853627232
65.4143741894
65.3430172063
65.2712941195
65.1992074129
65.1267597071
65.0539537608
64.9807924701
64.907278868
64.8334161247
64.7592075472
64.6846565793
64.6097668006
64.534541926
64.4589858075
64.3831024301
64.3068959147
64.2303705153
64.1535306198
64.0763807485
63.9989255537
63.9211698198
63.8431184608
63.7647765216
63.6861491757
63.6072417241
63.5280595964
63.4486083475
63.3688936589
63.2889213353
63.2086973051
63.1282276194
63.0475184496
62.9665760881
62.885406945
62.8040175484
62.7224145429
62.6406046876
62.5585948549
62.4763920297
62.394003308
62.3114358946
62.2286971022
62.1457943506
62.0627351626
61.9795271659
61.8961780883
61.8126957586
61.729088103
61.6453631445
61.561529001
61.4775938824
61.3935660907
61.309454017
61.2252661389
61.1410110213
61.0566973104
60.9723337361
60.8879291064
60.803492308
60.7190323027
60.6345581257
60.5500788842
60.4656037544
60.3811419798
60.2967028689
60.2122957933
60.1279301855
60.0436155356
59.9593613916
59.8751773537
59.7910730754
59.7070582587
59.623142653
59.5393360529
59.455648295
59.372089256
59.2886688507
59.2053970293
59.1222837749
59.0393391008
58.9565730492
58.8739956872
58.7916171058
58.7094474163
58.6274967489
58.5457752492
58.4642930764
58.3830604008
58.3020874002
58.2213842596
58.1409611665
58.06082831
57.9809958765
57.9014740494
57.8222730051
57.7434029103
57.6648739207
57.5866961774
57.508879805
57.4314349085
57.3543715722
57.2776998543
57.2014297876
57.1255713755
57.0501345889
56.9751293653
56.9005656048
56.8264531687
56.7528018764
56.6796215032
56.6069217777
56.5347123792
56.4630029363
56.3918030231
56.3211221571
56.2509697979
56.181355343
56.1122881277
56.0437774207
55.9758324225
55.9084622636
55.8416760016
55.7754826189
55.7098910205
55.6449100326
55.580548399
55.5168147793
55.4537177476
55.3912657895
55.3294672998
55.2683305815
55.2078638421
55.148075193
55.0889726464
55.0305641141
54.9728574049
54.915860223
54.8595801658
54.8040247225
54.7492012712
54.6951170779
54.6417792948
54.5891949581
54.5373709861
54.4863141777
54.4360312107
54.3865286404
54.3378128973
54.289890286
54.2427669835
54.1964490376
54.1509423662
54.1062527535
54.0623858516
54.0193471773
53.9771421107
53.935775895
53.895253634
53.8555802913
53.8167606894
53.7787995083
53.7417012841
53.7054704084
53.6701111269
53.6356275383
53.6020235933
53.5693030945
53.5374696943
53.5065268946
53.4764780463
53.4473263478
53.4190748448
53.3917264295
53.3652838398
53.3397496587
53.315126314
53.2914160776
53.2686210644
53.2467432332
53.2257843851
53.2057461637
53.1866300545
53.1684373849
53.1511693238
53.1348268817
53.1194109097
53.1049221005
53.0913609877
53.0787279457
53.0670231903
53.0562467782
53.0463986069
53.0374784161
53.0294857864
53.0224201404
53.0162807426
53.0110667003
53.006776963
53.0034103239
53.0009654191
52.9994407296
52.9988345803
52.9991451421
53.0003704307
53.0025083091
53.0055564872
53.0095125226
53.0143738218
53.0201376407
53.026801086
53.0343611149
53.0428145373
53.0521580163
53.0623880688
53.0735010676
53.0854932413
53.098360676
53.1120993167
53.1267049685
53.142173297
53.1584998305
53.175679961
53.1937089458
53.2125819081
53.2322938398
53.2528396011
53.2742139239
53.2964114122
53.3194265439
53.3432536722
53.3678870279
53.3933207201
53.4195487391
53.4465649566
53.474363129
53.502936898
53.5322797928
53.5623852322
53.5932465267
53.624856879
53.657209388
53.6902970484
53.724112755
53.7586493034
53.7938993917
53.8298556235
53.8665105097
53.9038564702
53.9418858361
53.9805908528
54.0199636805
54.0599963977
54.1006810035
54.1420094177
54.1839734865
54.2265649818
54.269775605
54.3135969885
54.3580206984
54.4030382376
54.4486410461
54.4948205053
54.5415679398
54.5888746191
54.6367317608
54.6851305328
54.7340620553
54.7835174042
54.833487612
54.8839636717
54.9349365384
54.9863971322
55.0383363404
55.0907450197
55.1436139997
55.1969340838
55.2506960531
55.3048906682
55.3595086714
55.4145407908
55.4699777402
55.525810223
55.5820289355
55.6386245679
55.6955878069
55.7529093401
55.8105798552
55.8685900453
55.9269306101
55.9855922586
56.044565711
56.1038417023
56.1634109837
56.2232643255
56.2833925192
56.3437863801
56.4044367494
56.4653344976
56.5264705253
56.5878357666
56.649421191
56.7112178061
56.7732166597
56.8354088415
56.8977854867
56.9603377774
57.023056944
57.0859342696
57.1489610899
57.2121287966
57.2754288401
57.3388527301
57.4023920385
57.4660384018
57.5297835229
57.5936191729
57.6575371929
57.7215294979
57.7855880754
57.8497049905
57.913872386
57.9780824848
58.0423275922
58.1066000968
58.1708924734
58.2351972833
58.2995071779
58.3638148991
58.4281132813
58.4923952526
58.5566538383
58.6208821596
58.6850734376
58.7492209938
58.8133182511
58.8773587363
58.9413360812
59.0052440234
59.0690764084
59.1328271908
59.1964904349
59.2600603169
59.3235311253
59.3868972629
59.4501532471
59.5132937117
59.5763134071
59.6392072019
59.7019700847
59.7645971633
59.8270836664
59.8894249457
59.9516164741
60.013653849
60.0755327918
60.1372491481
60.1987988905
60.2601781169
60.3213830521
60.3824100483
60.4432555855
60.5039162725
60.5643888465
60.6246701736
60.6847572503
60.7446472016
60.8043372836
60.8638248821
60.9231075143
60.9821828268
61.0410485972
61.0997027345
61.1581432776
61.2163683967
61.2743763927
61.3321656967
61.3897348703
61.4470826055
61.5042077237
61.5611091771
61.6177860461
61.674237541
61.7304630003
61.786461891
61.8422338071
61.897778471
61.9530957304
62.0081855601
62.0630480597
62.1176834543
62.172092092
62.2262744448
62.280231107
62.3339627947
62.3874703449
62.4407547142
62.4938169781
62.5466583304
62.5992800816
62.6516836584
62.7038706017
62.7558425665
62.8076013206
62.8591487425
62.9104868216
62.9616176554
63.012543449
63.0632665145
63.1137892681
63.16411423
63.2142440218
63.2641813665
63.3139290855
63.3634900982
63.4128674197
63.46206416
63.5110835217
63.5599287986
63.6086033741
63.6571107197
63.7054543927
63.7536380351
63.8016653712
63.8495402065
63.8972664254
63.9448479893
63.9922889353
64.0395933736
64.0867654862
64.1338095246
64.1807298076
64.2275307199
64.2742167105
64.3207922892
64.3672620254
64.4136305468
64.459902536
64.5060827292
64.5521759139
64.5981869271
64.6441206524
64.6899820189
64.7357759977
64.7815076014
64.8271818802
64.8728039217
64.9183788463
64.9639118069
65.0094079858
65.0548725928
65.1003108629
65.1457280537
65.1911294438
65.2365203299
65.281906025
65.3272918562
65.3726831615
65.4180852889
65.4635035934
65.5089434345
65.5544101743
65.5999091751
65.645445797
65.6910253965
65.7366533226
65.7823349158
65.8280755059
65.8738804085
65.919754924
65.9657043351
66.0117339042
66.0578488713
66.1040544517
66.1503558341
66.196758178
66.2432666121
66.2898862309
66.3366220939
66.3834792229
66.4304625993
66.4775771631
66.5248278095
66.5722193876
66.6197566986
66.6674444927
66.7152874673
66.7632902662
66.8114574756
66.8597936239
66.9083031782
66.9569905433
67.0058600597
67.0549160012
67.1041625732
67.1536039109
67.2032440774
67.253087062
67.3031367779
67.3533970611
67.4038716679
67.4545642738
67.5054784714
67.5566177687
67.6079855879
67.6595852632
67.7114200393
67.7634930704
67.8158074175
67.8683660481
67.9211718343
67.9742275509
68.0275358745
68.0810993816
68.1349205482
68.1890017471
68.2433452478
68.2979532145
68.3528277054
68.4079706711
68.4633839533
68.5190692843
68.5750282859
68.6312624673
68.6877732251
68.7445618418
68.8016294854
68.8589772078
68.9166059446
68.9745165136
69.0327096143
69.0911858276
69.1499456141
69.2089893142
69.268317147
69.3279292107
69.3878254804
69.4480058084
69.5084699241
69.5692174327
69.6302478158
69.69156043
69.7531545071
69.815029154
69.8771833518
69.9396159566
70.0023256977
70.0653111791
70.1285708792
70.1921031492
70.2559062153
70.3199781769
70.3843170079
70.4489205556
70.5137865422
70.5789125642
70.6442960927
70.7099344736
70.7758249285
70.8419645537
70.9083503229
70.9749790852
71.0418475665
71.1089523706
71.1762899787
71.2438567514
71.3116489275
71.3796626264
71.4478938471
71.5163384709
71.5849922606
71.6538508613
71.7229098027
71.7921644993
71.8616102503
71.9312422418
72.0010555468
72.0710451283
72.1412058372
72.2115324162
72.2820194998
72.352661615
72.4234531836
72.4943885226
72.565461846
72.6366672655
72.7079987933
72.7794503416
72.8510157248
72.9226886616
72.9944627751
73.066331596
73.1382885625
73.2103270231
73.2824402376
73.3546213789
73.4268635344
73.499159708
73.5715028214
73.6438857172
73.7163011586
73.7887418324
73.8612003507
73.9336692527
74.0061410066
74.0786080114
74.1510625989
74.2234970354
74.2959035239
74.3682742063
74.4406011643
74.5128764238
74.585091954
74.6572396713
74.7293114411
74.8012990795
74.8731943557
74.9449889943
75.0166746773
75.0882430455
75.1596857017
75.2309942133
75.3021601127
75.3731749013
75.4440300507
75.5147170053
75.5852271847
75.6555519852
75.7256827834
75.7956109368
75.8653277881
75.9348246658
76.0040928864
76.073123759
76.1419085846
76.2104386605
76.2787052814
76.3466997434
76.4144133441
76.481837386
76.5489631796
76.6157820444
76.6822853117
76.7484643278
76.8143104542
76.8798150727
76.9449695855
77.009765418
77.0741940222
77.1382468775
77.2019154939
77.2651914145
77.3280662167
77.3905315155
77.4525789655
77.5142002623
77.5753871466
77.6361314046
77.6964248708
77.756259431
77.8156270237
77.8745196415
77.9329293356
77.9908482159
78.0482684534
78.1051822831
78.161582006
78.2174599904
78.2728086743
78.3276205686
78.381888257
78.4356043997
78.4887617349
78.5413530803
78.5933713359
78.6448094856
78.6956605983
78.7459178306
78.795574429
78.8446237309
78.8930591665
