12.8259973854
12.5830107632
12.3447565549
12.1112891223
11.8826612606
11.6589241369
11.440127229
11.2263182649
11.0175431625
10.8138459695
10.6152688046
10.421851799
10.2336330381
10.0506485054
9.87293202561
9.70051521018
9.53342740316
9.37169562843
9.21534453817
9.06439636263
8.91887086139
8.77878527602
8.64415428445
8.51498995691
8.39130171372
8.27309628483
8.16037767138
8.05314710922
7.95140303451
7.85514105153
7.76435390272
7.67903144105
7.59916060479
7.52472539479
7.4557068543
7.39208305135
7.33382906394
7.28091696789
7.23331582755
7.1909916894
7.15390757858
7.1220234984
7.09529643295
7.07368035273
7.05712622349
7.04558201825
7.0389927325
7.03730040268
7.04044412803
7.04836009556
7.06098160862
7.07823911862
7.10006026023
7.12636988995
7.15709012803
7.19214040386
7.23143750467
7.27489562767
7.32242643555
7.37393911529
7.42934044036
7.48853483619
7.55142444891
7.61790921736
7.68788694822
7.76125339438
7.83790233635
7.91772566667
8.00061347741
8.08645415044
8.17513445068
8.26653962195
8.36055348567
8.45705854205
8.55593607377
8.65706625213
8.7603282455
8.86560032993
8.97276000187
9.08168409291
9.19224888635
9.30433023551
9.41780368367
9.53254458554
9.64842823
9.76532996413
9.88312531832
10.0016901323
10.120900682
10.240633807
10.3607670385
10.4811787277
10.6017481744
10.7223557554
10.842883053
10.9632129832
11.0832299235
11.2028198397
11.3218704127
11.4402711635
11.5579135778
11.6746912289
11.7904998994
11.9052377014
12.0188051944
12.1311055022
12.2420444271
12.3515305616
12.4594753988
12.5657934389
12.6704022941
12.7732227905
12.8741790658
12.9731986658
13.0702126361
13.1651556112
13.2579658994
13.3485855647
13.4369605043
13.5230405227
13.6067794011
13.6881349634
13.7670691372
13.8435480111
13.9175418865
13.9890253263
14.0579771975
14.1243807102
14.1882234508
14.249497411
14.3081990118
14.3643291221
14.4178930726
14.4689006646
14.5173661733
14.5633083464
14.6067503974
14.6477199935
14.6862492382
14.7223746495
14.7561371316
14.7875819428
14.8167586571
14.8437211212
14.8685274067
14.8912397562
14.9119245256
14.9306521208
14.9474969294
14.962537248
14.9758552044
14.9875366756
14.9976712005
15.0063518891
15.0136753263
15.0197414725
15.024653559
15.0285179805
15.0314441828
15.0335445472
15.0349342714
15.0357312467
15.036055932
15.0360312244
15.0357823277
15.0354366168
15.0351235005
15.0349742814
15.0351220135
15.035701358
15.0368484363
15.0387006829
15.0413966948
15.0450760813
15.0498793112
15.0559475604
15.0634225574
15.0724464293
15.0831615472
15.0957103708
15.1102352939
15.1268784897
15.1457817567
15.1670863653
15.1909329047
15.217461132
15.2468098214
15.2791166155
15.3145178779
15.3531485481
15.3951419976
15.4406298892
15.4897420381
15.5426062754
15.5993483148
15.6600916222
15.7249572877
15.7940639018
15.8675274345
15.9454611174
16.0279753309
16.1151774936
16.207171957
16.3040599036
16.4059392492
16.5129045498
16.625046913
16.7424539134
16.8652095134
16.9933939879
17.1270838548
17.2663518093
17.411266664
17.5618932933
17.7182925837
17.8805213885
18.0486324876
18.2226745533
18.40269212
18.5887255606
18.7808110665
18.9789806343
19.1832620563
19.3936789177
19.6102505971
19.8329922741
20.0619149403
20.2970254161
20.5383263726
20.7858163581
21.0394898293
21.2993371874
21.5653448192
21.8374951424
22.1157666553
22.400133991
22.6905679761
22.9870356934
23.2895005483
23.5979223395
23.9122573336
24.2324583427
24.5584748061
24.890252875
25.2277355007
25.5708625257
25.9195707771
26.273794164
26.6334637763
26.9985079864
27.368852553
27.7444207269
28.1251333591
28.5109090097
28.9016640593
29.2973128212
29.6977676547
30.1029390797
30.5127358921
30.9270652792
31.3458329367
31.7689431846
32.1962990844
32.6278025554
33.0633544913
33.5028548759
33.9462028985
34.3932970684
34.8440353287
35.2983151684
35.7560337344
36.2170879405
36.6813745767
37.1487904148
37.6192323142
38.0925973239
38.5687827836
39.0476864222
39.5292064538
40.0132416714
40.4996915378
40.9884562741
41.4794369454
41.972535543
42.4676550647
42.964699591
43.4635743587
43.9641858315
44.4664417665
44.9702512786
45.4755249001
45.9821746384
46.4901140288
46.9992581849
47.5095238452
48.0208294156
48.5330950094
49.0462424826
49.5601954671
50.0748793987
50.590221543
51.1061510171
51.6225988079
52.1394977874
52.6567827239
53.1743902904
53.6922590699
54.2103295566
54.7285441549
55.2468471747
55.7651848239
56.283505198
56.8017582664
57.3198958567
57.8378716356
58.3556410877
58.8731614911
59.3903918917
59.9072930742
60.4238275313
60.9399594311
61.455654582
61.9708803962
62.4856058513
62.9998014502
63.5134391798
64.0264924678
64.5389361391
65.0507463704
65.5619006437
66.0723776997
66.5821574898
67.0912211275
67.5995508399
68.1071299178
68.6139426668
69.1199743571
69.625211174
70.1296401682
70.6332492064
71.1360269223
71.6379626678
72.139046465
72.6392689587
73.1386213694
73.6370954477
74.1346834292
74.6313779904
75.1271722058
75.6220595066
76.1160336395
76.6090886283
77.1012187358
77.5924184273
78.0826823362
78.5720052307
79.060381982
79.5478075345
80.0342768775
80.5197850186
81.004326959
81.4878976703
81.9704920734
82.452105019
82.9327312701
83.4123654858
83.8910022075
84.3686358469
84.845260675
85.3208708136
85.7954602285
86.2690227238
86.7415519386
87.2130413451
87.6834842477
88.1528737844
88.6212029295
89.0884644974
89.554651148
90.0197553937
90.4837696069
90.9466860291
91.4084967815
91.8691938756
92.3287692258
92.7872146619
93.2445219431
93.7006827724
94.1556888113
94.6095316954
95.0622030503
95.5136945076
95.9639977215
96.4131043848
96.8610062462
97.3076951257
97.7531629317
98.1974016766
98.6404034922
99.0821606453
99.5226655518
99.961910791
100.399889119
100.836593479
101.272017018
101.70615309
102.138995271
102.570537364
103.00077341
103.429697687
103.857304721
104.283589285
104.708546401
105.13217134
105.554459621
105.975407005
106.395009492
106.813263313
107.230164921
107.645710979
108.059898352
108.472724086
108.884185398
109.294279651
109.70300434
110.110357066
110.516335515
110.920937427
111.324160573
111.726002723
112.126461616
112.525534922
112.923220214
113.319514924
113.714416309
114.107921408
114.500027003
114.890729572
115.280025247
115.667909765
116.054378424
116.439426033
116.823046858
117.205234579
117.585982231
117.965282155
118.343125944
118.71950439
119.094407425
119.467824073
119.839742389
120.210149408
120.579031085
120.946372244
121.312156522
121.676366313
122.038982714
122.399985473
122.759352936
123.117061993
123.473088031
123.82740488
124.179984768
124.530798273
124.879814279
125.22699993
125.572320589
125.915739802
126.257219254
126.596718739
126.934196126
127.269607327
127.602906271
127.934044876
128.262973033
128.589638578
128.913987286
129.235962848
129.55550687
129.872558862
130.187056235
130.498934305
130.808126294
131.114563341
131.418174512
131.718886816
132.016625227
132.311312702
132.602870215
132.891216787
133.176269516
133.457943626
133.736152503
134.010807748
134.281819224
134.54909512
134.812542002
135.072064884
135.327567293
135.578951343
135.82611781
136.068966214
136.3073949
136.541301128
136.770581167
136.995130384
137.214843347
137.429613927
137.639335402
137.843900567
138.043201845
138.237131403
138.42558127
138.608443454
138.78561007
138.956973464
139.122426339
139.281861886
139.435173919
139.582257005
139.723006601
139.857319192
139.985092427
140.106225261
140.220618094
140.328172914
140.428793433
140.522385238
140.608855924
140.688115242
140.76007524
140.8246504
140.881757786
140.931317175
140.973251205
141.007485504
141.03394883
141.052573206
141.06329405
141.066050304
141.060784565
141.047443207
141.025976507
140.996338761
140.9584884
140.912388107
140.858004923
140.795310353
140.724280471
140.644896012
140.557142473
140.461010195
140.356494453
140.243595534
140.122318812
139.992674817
139.854679303
139.708353306
139.553723198
139.390820736
139.219683108
139.040352965
138.85287846
138.657313268
138.453716608
138.242153259
138.022693565
137.79541344
137.56039436
137.317723356
137.067492995
136.809801359
136.544752014
136.272453976
135.99302167
135.706574879
135.413238695
135.113143457
134.806424681
134.493222996
134.173684059
133.847958475
133.516201705
133.178573975
132.835240168
132.486369726
132.132136532
131.772718797
131.408298935
131.039063439
130.665202748
130.28691111
129.904386443
129.517830189
129.127447163
128.733445404
128.336036016
127.935433005
127.531853119
127.125515681
126.716642414
126.305457277
125.892186282
125.47705732
125.060299982
124.642145377
124.222825949
123.802575292
123.381627966
122.96021931
122.538585256
122.116962141
121.695586518
121.27469497
120.854523925
120.435309465
120.017287143
119.600691799
119.185757372
118.772716724
118.361801455
117.953241728
117.547266089
117.144101297
116.743972152
116.347101324
115.95370919
115.564013674
115.178230083
114.796570958
114.419245917
114.046461514
113.678421091
113.315324644
112.957368684
112.604746113
112.257646097
111.916253943
111.580750994
111.251314509
110.92811757
110.611328973
110.301113145
109.997630051
109.701035117
109.411479149
109.12910827
108.854063855
108.586482469
108.326495822
108.07423072
107.829809028
107.593347637
107.364958435
107.14474829
106.932819033
106.729267452
106.534185287
106.347659238
106.16977097
106.000597136
105.840209392
105.688674427
105.546054
105.412404975
105.287779368
105.172224396
105.065782534
104.968491577
104.880384703
104.801490546
104.731833274
104.671432666
104.6203042
104.578459142
104.54590464
104.522643825
104.508675906
104.503996285
104.50859666
104.522465141
104.545586366
104.577941616
104.619508945
104.670263298
104.73017664
104.799218085
104.877354031
104.964548287
105.060762211
105.165954848
105.280083065
105.403101687
105.534963643
105.6756201
105.825020604
105.983113223
106.149844683
106.325160514
106.509005182
106.701322234
106.902054434
107.111143897
107.328532231
107.554160666
107.787970188
108.029901672
108.279896007
108.537894227
108.803837633
109.077667916
109.359327275
109.648758535
109.94590526
110.250711864
110.563123718
110.883087255
111.210550067
111.545461008
111.88777028
112.23742953
112.594391931
112.958612261
113.330046988
113.708654337
114.094394361
114.487229008
114.887122176
115.294039774
115.707949773
116.12882225
116.556629433
116.991345739
117.432947804
117.881414519
118.336727047
118.798868846
119.267825683
119.743585648
120.226139155
120.715478947
121.211600092
121.714499978
122.224178295
122.74063703
123.263880434
123.793915009
124.330749474
124.874394731
125.424863835
125.982171948
126.546336298
127.117376129
127.695312655
128.280168998
128.871970138
129.470742845
130.076515619
130.689318623
131.30918361
131.936143851
132.570234063
133.211490327
133.859950008
134.515651676
135.178635018
135.848940755
136.526610548
137.211686915
137.904213134
138.604233155
139.311791501
140.026933177
140.749703572
141.480148363
142.218313415
142.964244687
143.71798813
144.479589591
145.24909471
146.026548828
146.81199688
147.605483304
148.407051937
149.216745922
150.034607609
150.860678458
151.694998946
152.53760847
153.388545257
154.247846268
155.115547113
155.991681956
156.876283429
157.769382547
158.671008624
159.581189186
160.499949896
161.42731447
162.363304602
163.307939889
164.261237758
165.223213395
166.193879676
167.173247102
168.161323734
169.15811513
170.163624289
171.177851593
172.200794749
173.232448744
174.272805789
175.321855276
176.379583731
177.445974773
178.521009077
179.604664332
180.696915213
181.797733341
182.907087261
184.024942411
185.151261099
186.28600248
187.429122535
188.580574057
189.740306633
190.908266632
192.084397195
193.268638225
194.460926384
195.661195085
196.869374493
198.085391522
199.309169842
200.540629877
201.779688814
203.02626061
204.280256
205.541582511
206.810144471
208.085843024
209.368576148
210.658238669
211.95472228
213.257915562
214.567704003
215.883970022
217.206592991
218.535449259
219.870412178
221.211352131
222.558136553
223.910629967
225.268694004
226.632187442
228.000966228
229.37488351
230.753789672
232.137532362
233.525956527
234.91890444
236.31621574
237.717727459
239.123274061
240.532687469
241.945797106
243.362429923
244.782410438
246.205560765
247.631700655
249.060647524
250.492216492
251.926220415
253.36246992
254.800773442
256.240937255
257.682765507
259.126060258
260.57062151
262.016247245
263.462733457
264.909874188
266.357461561
267.805285818
269.253135348
270.70079673
272.148054759
273.594692489
275.04049126
276.48523074
277.928688954
279.370642324
280.810865703
282.24913241
283.685214266
285.118881632
286.549903445
287.978047254
289.40307926
290.824764353
292.242866149
293.657147031
295.06736819
296.473289662
297.874670372
299.271268174
300.662839896
302.049141382
303.429927536
304.804952366
306.173969036
307.536729905
308.892986583
310.242489974
311.584990332
312.920237309
314.247980009
315.567967041
316.879946578
318.183666408
319.478873999
320.765316551
322.042741062
323.310894389
324.569523311
325.818374595
327.057195062
328.285731655
329.503731508
330.710942021
331.907110927
333.091986372
334.265316987
335.426851966
336.576341147
337.713535089
338.838185158
339.950043607
341.048863664
342.134399617
343.206406902
344.264642191
345.308863487
346.338830212
347.354303302
348.355045302
349.340820463
350.311394838
351.266536378
352.206015038
353.129602871
354.037074134
354.928205386
355.802775597
356.660566246
357.501361431
358.324947972
359.131115515
359.919656642
360.690366976
361.443045288
362.177493606
362.893517317
363.590925284
364.269529941
364.929147413
365.569597613
366.190704351
366.792295444
367.374202815
367.936262604
368.478315265
369.000205676
369.501783233
369.982901959
370.443420596
370.883202707
371.302116772
371.700036281
372.076839828
372.432411205
372.766639486
373.079419117
373.370650002
373.640237583
373.888092922
374.114132777
374.318279679
374.500462003
374.660614036
374.798676047
374.914594346
375.008321347
375.079815623
375.129041959
375.155971407
375.160581323
375.14285542
375.102783798
375.040362984
374.955595964
374.848492206
374.719067686
374.567344909
374.393352917
374.197127308
373.978710236
373.738150416
373.475503121
373.190830174
372.884199939
372.555687304
372.205373657
371.833346869
371.439701257
371.024537553
370.587962865
370.130090636
369.651040591
369.150938689
368.629917064
368.088113963
367.525673682
366.942746494
366.339488573
365.716061916
365.072634259
364.409378987
363.726475046
363.02410684
362.302464137
361.561741958
360.802140473
360.023864885
359.227125318
358.412136689
357.579118592
356.728295168
355.859894972
354.974150842
354.071299762
353.151582718
352.215244559
351.262533849
350.29370272
349.309006718
348.308704652
347.293058439
346.262332943
345.216795819
344.156717348
343.082370276
341.994029649
340.891972647
339.776478418
338.647827907
337.506303692
336.35218981
335.18577159
334.00733548
332.81716888
331.615559972
330.402797545
329.179170832
327.944969337
326.700482666
325.446000363
324.181811743
322.908205725
321.62547067
320.33389422
319.033763136
317.725363142
316.408978769
315.084893197
313.753388111
312.414743548
311.069237749
309.717147022
308.358745597
306.994305492
305.62409638
304.248385456
302.867437315
301.481513824
300.090874011
298.695773941
297.296466615
295.893201857
294.486226213
293.075782855
291.662111489
290.24544826
288.826025678
287.404072529
285.979813809
284.553470647
283.125260246
281.695395822
280.264086548
278.831537506
277.397949644
275.963519731
274.528440331
273.092899767
271.657082104
270.221167124
268.785330315
267.349742864
265.914571653
264.479979261
263.046123969
261.613159775
260.181236408
258.750499354
257.321089877
255.893145055
254.466797813
253.042176968
251.619407268
250.198609448
248.77990028
247.363392632
245.949195533
244.537414234
243.128150285
241.721501605
240.317562558
238.916424041
237.51817356
236.122895325
234.730670337
233.341576481
231.955688627
230.573078724
229.193815904
227.817966587
226.445594584
225.076761207
223.711525377
222.349943736
220.99207076
219.637958873
218.287658557
216.941218477
215.598685587
214.260105255
212.925521373
211.594976481
210.26851188
208.946167747
207.627983258
206.313996697
205.004245574
203.69876674
202.397596498
201.100770715
199.808324931
198.520294469
197.236714544
195.957620359
194.683047217
193.413030615
192.147606344
190.886810582
189.630679989
188.379251794
187.132563883
185.890654878
184.653564223
183.421332256
182.194000283
180.971610646
179.754206793
178.541833332
177.334536096
176.132362192
174.935360055
173.743579487
172.557071706
171.375889377
170.200086645
169.02971917
167.864844142
166.705520305
165.551807972
164.403769035
163.261466971
162.124966844
160.9943353
159.869640563
158.75095242
157.638342207
156.531882788
155.431648528
154.337715268
153.250160285
152.169062262
151.094501241
150.026558578
148.965316894
147.910860023
146.863272949
145.822641754
144.789053544
143.762596386
142.743359237
141.731431867
140.726904783
139.729869147
138.740416693
137.758639642
136.78463061
135.818482523
134.860288515
133.910141843
132.968135778
132.034363518
131.108918076
130.191892187
129.2833782
128.383467974
127.492252772
126.609823159
125.73626889
124.871678807
124.016140729
123.169741348
122.332566117
121.504699149
120.686223107
119.877219098
119.077766572
118.287943215
117.507824846
116.73748532
115.976996423
115.226427779
114.48584675
113.755318344
113.034905124
112.324667114
111.624661718
110.934943631
110.255564759
109.586574138
108.928017863
108.279939009
107.642377565
107.015370367
106.398951036
105.793149918
105.197994027
104.613506997
104.039709029
103.476616852
102.924243681
102.382599177
101.851689421
101.331516885
100.822080403
100.323375161
99.8353926706
99.3581207688
98.8915436041
98.4356416375
97.9903916436
97.5557667172
97.1317362838
96.7182661145
96.3153183449
95.9228514989
95.5408205159
95.1691767823
94.8078681675
94.4568390634
94.1160304281
93.7853798335
93.4648215165
93.154286434
92.8537023216
92.562993756
92.2820822202
92.0108861725
91.7493211189
91.4972996881
91.2547317096
91.0215242949
90.7975819209
90.5828065168
90.3770975524
90.1803521292
89.9924650736
89.8133290324
89.6428345697
89.4808702655
89.3273228162
89.1820771367
89.0450164628
88.9160224555
88.7949753061
88.6817538417
88.5762356319
88.4782970951
88.3878136057
88.3046596017
88.2287086911
88.1598337591
88.0979070748
88.0428003968
87.9943850789
87.9525321743
87.9171125391
87.8879969348
87.8650561292
87.8481609962
87.8371826137
87.83199236
87.8324620086
87.8384638201
87.8498706337
87.8665559544
87.8883940398
87.915259983
87.9470297941
87.9835804781
88.024790111
88.0705379119
88.1207043135
88.1751710288
88.2338211149
88.2965390335
88.3632107088
88.4337235815
88.5079666602
88.5858305683
88.6672075892
88.7519917064
88.8400786416
88.9313658885
89.0257527432
89.1231403319
89.2234316339
89.3265315026
89.4323466818
89.5407858195
89.6517594777
89.7651801394
89.8809622119
89.9990220271
90.1192778383
90.2416498142
90.3660600296
90.4924324531
90.6206929321
90.7507691744
90.8825907275
91.0160889554
91.1511970116
91.2878498114
91.4259840002
91.5655379203
91.7064515754
91.8486665928
91.9921261839
92.1367751027
92.2825596025
92.4294273912
92.5773275846
92.7262106593
92.8760284032
93.0267338658
93.1782813071
93.3306261457
93.4837249062
93.6375351661
93.7920155021
93.9471254361
94.1028253813
94.2590765877
94.415841088
94.573081644
94.7307616925
94.8888452923
95.0472970718
95.2060821766
95.3651662187
95.5245152264
95.6840955945
95.843874037
96.0038175396
96.1638933147
96.3240687572
96.4843114016
96.6445888818
96.8048688912
96.9651191458
97.125307348
97.2854011538
97.4453681402
97.6051757763
97.7647913952
97.9241821691
98.0833150859
98.242156928
98.4006742541
98.5588333824
98.7166003766
98.8739410343
99.0308208771
99.187205144
99.3430587862
99.4983464652
99.6530325519
99.8070811293
99.9604559967
100.113120677
100.265038423
100.416172234
100.566484861
100.715938829
100.864496452
101.012119848
101.158770967
101.304411609
101.449003449
101.592508066
101.734886967
101.876101619
102.016113478
102.154884022
102.292374784
102.428547385
102.563363571
102.696785246
102.828774514
102.959293711
103.088305447
103.215772641
103.341658564
103.465926873
103.588541657
103.709467467
103.828669362
103.946112947
104.061764407
104.175590549
104.287558837
104.397637427
104.505795208
104.612001831
104.716227743
104.818444225
104.918623414
105.016738341
105.112762954
105.206672147
105.298441784
105.388048721
105.475470831
105.560687019
105.643677243
105.724422525
105.802904968
105.879107766
105.953015211
106.024612702
106.093886746
106.160824959
106.225416071
106.287649915
106.347517426
106.405010628
106.460122631
106.512847606
106.563180779
106.611118408
106.656657761
106.699797092
106.740535617
106.778873487
106.814811748
106.848352318
106.879497945
106.908252169
106.934619283
106.958604292
106.980212864
106.999451285
107.016326412
107.03084562
107.043016752
107.052848061
107.060348159
107.065525959
107.068390611
107.068951451
107.067217935
107.063199576
107.056905885
107.048346307
107.037530156
107.024466547
107.009164339
106.991632064
106.971877862
106.949909422
106.925733907
106.899357901
106.870787335
106.840027432
106.807082638
106.771956567
106.734651934
106.695170502
106.65351302
106.609679169
106.563667509
106.515475423
106.465099068
106.412533329
106.357771768
106.300806585
106.241628573
106.180227082
106.11658998
106.050703624
105.982552824
105.912120824
105.83938927
105.764338193
105.686945993
105.607189423
105.525043578
105.440481892
105.353476129
105.263996388
105.172011108
105.077487073
104.980389423
104.880681675
104.778325739
104.673281941
104.565509054
104.454964326
104.341603516
104.225380936
104.106249491
103.984160728
103.859064885
103.730910947
103.599646706
103.465218817
103.327572871
103.186653459
103.042404247
102.89476805
102.743686914
102.589102195
102.430954646
102.269184506
102.103731588
101.934535378
101.761535125
101.584669946
101.40387892
101.219101199
101.030276105
100.837343243
100.640242604
100.438914681
100.233300574
100.023342107
99.8089819364
99.5901636688
99.3668319732
99.1389326964
98.9064129774
98.6692213619
98.4273079177
98.1806243476
97.9291241037
97.6727624994
97.411496821
97.1452864382
96.8740929125
96.597880105
96.3166142809
96.0302642136
95.7388012853
95.4421995857
95.1404360086
94.8334903444
94.521345371
94.2039869409
93.8814040648
93.5535889925
93.2205372889
92.8822479078
92.5387232604
92.1899692802
91.8359954837
91.4768150269
91.1124447567
90.7429052583
90.3682208973
89.9884198579
89.6035341745
89.2135997602
88.8186564286
88.4187479115
88.0139218705
87.6042299038
87.1897275475
86.7704742713
86.3465334692
85.9179724439
85.4848623869
85.0472783519
84.6052992233
84.1590076796
83.7084901502
83.2538367682
82.7951413165
82.3325011694
81.8660172285
81.3957938537
80.9219387889
80.4445630823
79.9637810023
79.4797099482
78.9924703564
78.5021856015
78.0089818932
77.5129881689
77.0143359819
76.5131593854
76.0095948129
75.5037809541
74.9958586286
74.4859706542
73.9742617138
73.4608782179
72.9459681651
72.4296809994
71.9121674649
71.393579459
70.8740698827
70.3537924895
69.8329017326
69.3115526101
68.7899005104
68.268101055
67.7463099418
67.2246827871
66.7033749679
66.1825414636
65.6623366982
65.1429143832
64.6244273602
64.1070274454
63.5908652747
63.0760901501
62.5628498877
62.0512906675
61.5415568852
61.0337910063
60.5281334223
60.0247223097
59.5236934922
59.0251803051
58.5293134638
58.0362209351
57.5460278123
57.0588561943
56.5748250681
56.094050196
55.616644007
55.142715492
54.6723701041
54.205709664
53.7428322692
53.283832209
52.8287998843
52.3778217325
51.9309801578
51.4883534668
51.0500158094
50.6160371256
50.1864830976
49.7614151076
49.340890201
48.9249610558
48.5136759575
48.1070787796
47.7052089699
47.308101543
46.9157870778
46.5282917213
46.1456371981
45.7678408246
45.3949155306
45.0268698844
44.6637081251
44.3054301991
43.952031803
43.6035044304
43.2598354251
42.9210080387
42.5870014932
42.2577910486
41.9333480746
41.6136401277
41.2986310321
40.9882809645
40.6825465443
40.3813809262
40.0847338974
39.7925519785
39.5047785274
39.2213538462
38.9422152924
38.6672973911
38.3965319518
38.1298481859
37.867172828
37.6084302582
37.3535426269
37.1024299808
36.855010391
36.6112000814
36.3709135593
36.1340637459
35.9005621079
35.6703187895
35.4432427444
35.2192418683
34.9982231304
34.7800927054
34.5647561047
34.3521183059
34.142083883
33.9345571339
33.7294422075
33.5266432286
33.3260644221
33.1276102338
32.9311854509
32.7366953187
32.544045656
32.3531429675
32.1638945539
31.9762086184
31.7899943715
31.6051621314
31.421623422
31.2392910677
31.0580792843
30.8779037666
30.6986817722
30.5203322021
30.3427756773
30.1659346109
29.9897332775
29.8140978778
29.6389565992
29.4642396728
29.289879426
29.1158103313
28.9419690501
28.768294474
28.59472776
28.4212123633
28.2476940652
28.0741209966
27.9004436581
27.7266149357
27.5525901131
27.3783268787
27.2037853305
27.028927976
26.8537197287
26.6781279009
26.5021221931
26.3256746796
26.1487597912
25.9713542941
25.7934372657
25.6149900676
25.4359963153
25.2564418456
25.0763146802
24.8956049881
24.7143050443
24.532409187
24.3499137719
24.1668171252
23.9831194939
23.798822995
23.6139315626
23.4284508935
23.2423883918
23.0557531121
22.8685557013
22.6808083402
22.4925246839
22.3037198012
22.1144101146
21.9246133388
21.7343484197
21.5436354733
21.3524957244
21.1609514459
20.9690258978
20.7767432679
20.5841286117
20.391207794
20.198007431
20.0045548334
19.8108779509
19.6170053174
19.4229659976
19.2287895354
19.0345059037
18.8401454552
18.6457388754
18.4513171377
18.2569114591
18.0625532591
17.86827412
17.6741057489
17.4800799423
17.2862285524
17.0925834561
16.899176525
16.7060395994
16.5132044624
16.3207028184
16.1285662718
15.9368263096
15.7455142852
15.5546614048
15.3642987161
15.174457099
14.9851672585
14.7964597199
14.6083648258
14.4209127354
14.2341334257
14.0480566947
13.8627121662
13.6781292971
13.4943373856
13.3113655819
13.1292428998
12.9479982302
12.7676603562
12.5882579691
12.4098196862
12.232374069
12.0559496435
11.8805749209
11.7062784186
11.5330886834
11.361034314
11.1901439849
11.0204464704
10.8519706689
10.684745628
10.5188005687
10.3541649105
10.1908682962
10.0289406162
9.86841203301
9.70931300472
9.55167430845
9.39552706298
9.24090275064
9.08783323839
8.93635079805
8.78648812532
8.63827835795
8.49175509241
8.34695239949
8.20390483844
8.06264746961
7.92321586565
7.78564612102
7.64997485991
7.51623924229
7.38447696832
7.25472628081
7.1270259658
7.0014153512
6.87793430345
6.75662322216
6.63752303268
6.52067517664
6.40612160032
6.29390474104
6.18406751131
6.07665328092
5.97170585697
5.86926946171
5.76938870835
5.67210857475
5.57747437515
5.48553172982
5.39632653279
5.30990491754
5.22631322098
5.14559794545
5.06780571896
4.99298325382
4.92117730351
4.85243461802
4.78680189767
4.72432574556
4.66505261864
4.60902877753
4.55630023522
4.50691270466
4.46091154546
4.41834170967
4.37924768685
4.34367344847
4.31166239179
4.28325728331
4.25850020195
4.23743248198
4.22009465593
4.20652639753
4.19676646484
4.19085264361
4.18882169112
4.19070928054
4.1965499459
4.20637702788
4.22022262047
4.23811751868
4.26009116735
4.2861716112
4.31638544629
4.35075777293
4.38931215018
4.43207055205
4.4790533255
4.53027915037
4.58576500127
4.6455261116
4.70957593977
4.7779261377
4.85058652163
4.92756504548
5.00886777661
5.09449887429
5.18446057072
5.27875315484
5.37737495891
5.48032234782
5.58758971143
5.69916945964
5.81505202056
5.93522584154
6.0596773932
6.18839117654
6.32134973297
6.45853365744
6.59992161451
6.7454903575
6.89521475058
7.04906779387
7.20702065146
7.36904268236
7.53510147429
7.70516288038
7.87919105852
8.05714851357
8.23899614215
8.42469328001
8.61419775197
8.80746592427
9.00445275927
9.20511187242
9.40939559141
9.61725501743
9.82864008828
10.0434996434
10.2617814909
10.4834324757
10.7083985495
10.9366248422
11.1680557348
11.4026349324
11.6403055397
11.881010136
12.1246908519
12.3712894462
12.6207473829
12.8730059093
13.1280061337
