305.360445064
305.360447974
305.360450882
305.360453788
305.360456691
305.360459591
305.360462489
305.360465384
305.360468276
305.360471166
305.360474053
305.360476937
305.360479819
305.360482699
305.360485575
305.360488449
305.360491321
305.36049419
305.360497056
305.36049992
305.360502781
305.360505639
305.360508495
305.360511348
305.360514198
305.360517046
305.360519892
305.360522734
305.360525574
305.360528412
305.360531247
305.360534079
305.360536909
305.360539736
305.36054256
305.360545382
305.360548201
305.360551018
305.360553832
305.360556643
305.360559452
305.360562258
305.360565061
305.360567862
305.36057066
305.360573456
305.360576249
305.360579039
305.360581827
305.360584612
305.360587395
305.360590175
305.360592952
305.360595727
305.360598499
305.360601269
305.360604035
305.3606068
305.360609561
305.36061232
305.360615077
305.360617831
305.360620582
305.360623331
305.360626076
305.36062882
305.360631561
305.360634299
305.360637034
305.360639767
305.360642497
305.360645225
305.36064795
305.360650673
305.360653392
305.36065611
305.360658824
305.360661536
305.360664246
305.360666952
305.360669657
305.360672358
305.360675057
305.360677753
305.360680447
305.360683138
305.360685827
305.360688512
305.360691196
305.360693876
305.360696554
305.36069923
305.360701903
305.360704573
305.36070724
305.360709905
305.360712568
305.360715227
305.360717884
305.360720539
305.360723191
305.36072584
305.360728487
305.360731131
305.360733772
305.360736411
305.360739047
305.360741681
305.360744312
305.36074694
305.360749566
305.360752189
305.360754809
305.360757427
305.360760042
305.360762655
305.360765265
305.360767873
305.360770477
305.36077308
305.360775679
305.360778276
305.360780871
305.360783462
305.360786052
305.360788638
305.360791222
305.360793803
305.360796382
305.360798958
305.360801531
305.360804102
305.360806671
305.360809236
305.360811799
305.36081436
305.360816917
305.360819472
305.360822025
305.360824575
305.360827122
305.360829667
305.360832209
305.360834749
305.360837285
305.36083982
305.360842351
305.36084488
305.360847407
305.360849931
305.360852452
305.36085497
305.360857486
305.36086
305.36086251
305.360865018
305.360867524
305.360870027
305.360872527
305.360875025
305.36087752
305.360880012
305.360882502
305.360884989
305.360887474
305.360889956
305.360892435
305.360894912
305.360897386
305.360899858
305.360902327
305.360904793
305.360907257
305.360909718
305.360912176
305.360914632
305.360917085
305.360919536
305.360921984
305.360924429
305.360926872
305.360929312
305.36093175
305.360934185
305.360936617
305.360939047
305.360941474
305.360943898
305.36094632
305.360948739
305.360951156
305.36095357
305.360955981
305.36095839
305.360960796
305.3609632
305.360965601
305.360967999
305.360970395
305.360972788
305.360975179
305.360977566
305.360979952
305.360982334
305.360984714
305.360987092
305.360989467
305.360991839
305.360994209
305.360996576
305.36099894
305.361001302
305.361003661
305.361006017
305.361008371
305.361010723
305.361013071
305.361015417
305.361017761
305.361020102
305.36102244
305.361024776
305.361027109
305.361029439
305.361031767
305.361034092
305.361036414
305.361038734
305.361041052
305.361043366
305.361045679
305.361047988
305.361050295
305.361052599
305.361054901
305.3610572
305.361059496
305.36106179
305.361064081
305.36106637
305.361068656
305.361070939
305.36107322
305.361075498
305.361077774
305.361080047
305.361082317
305.361084585
305.36108685
305.361089112
305.361091372
305.361093629
305.361095884
305.361098136
305.361100385
305.361102632
305.361104876
305.361107118
305.361109357
305.361111593
305.361113827
305.361116058
305.361118286
305.361120512
305.361122735
305.361124956
305.361127174
305.361129389
305.361131602
305.361133812
305.36113602
305.361138225
305.361140427
305.361142627
305.361144824
305.361147019
305.361149211
305.3611514
305.361153587
305.361155771
305.361157952
305.361160131
305.361162307
305.361164481
305.361166652
305.36116882
305.361170986
305.361173149
305.36117531
305.361177468
305.361179623
305.361181776
305.361183926
305.361186073
305.361188218
305.36119036
305.3611925
305.361194637
305.361196771
305.361198903
305.361201032
305.361203159
305.361205283
305.361207404
305.361209523
305.361211639
305.361213753
305.361215864
305.361217972
305.361220077
305.361222181
305.361224281
305.361226379
305.361228474
305.361230567
305.361232657
305.361234744
305.361236829
305.361238911
305.361240991
305.361243067
305.361245142
305.361247213
305.361249283
305.361251349
305.361253413
305.361255474
305.361257533
305.361259589
305.361261642
305.361263693
305.361265741
305.361267787
305.36126983
305.36127187
305.361273908
305.361275943
305.361277976
305.361280005
305.361282033
305.361284057
305.36128608
305.361288099
305.361290116
305.36129213
305.361294142
305.361296151
305.361298157
305.361300161
305.361302162
305.361304161
305.361306156
305.36130815
305.361310141
305.361312129
305.361314114
305.361316097
305.361318077
305.361320055
305.36132203
305.361324002
305.361325972
305.361327939
305.361329904
305.361331866
305.361333825
305.361335782
305.361337736
305.361339688
305.361341637
305.361343583
305.361345527
305.361347468
305.361349406
305.361351342
305.361353275
305.361355206
305.361357134
305.361359059
305.361360982
305.361362902
305.36136482
305.361366735
305.361368647
305.361370557
305.361372464
305.361374368
305.36137627
305.36137817
305.361380066
305.36138196
305.361383852
305.361385741
305.361387627
305.36138951
305.361391391
305.36139327
305.361395145
305.361397019
305.361398889
305.361400757
305.361402622
305.361404485
305.361406345
305.361408203
305.361410058
305.36141191
305.361413759
305.361415606
305.361417451
305.361419293
305.361421132
305.361422968
305.361424802
305.361426634
305.361428462
305.361430289
305.361432112
305.361433933
305.361435751
305.361437567
305.36143938
305.36144119
305.361442998
305.361444804
305.361446606
305.361448406
305.361450204
305.361451998
305.361453791
305.36145558
305.361457367
305.361459151
305.361460933
305.361462712
305.361464489
305.361466263
305.361468034
305.361469802
305.361471569
305.361473332
305.361475093
305.361476851
305.361478607
305.36148036
305.36148211
305.361483858
305.361485603
305.361487345
305.361489085
305.361490823
305.361492557
305.361494289
305.361496019
305.361497746
305.36149947
305.361501192
305.361502911
305.361504627
305.361506341
305.361508052
305.361509761
305.361511467
305.36151317
305.361514871
305.361516569
305.361518264
305.361519957
305.361521648
305.361523335
305.36152502
305.361526703
305.361528383
305.36153006
305.361531734
305.361533406
305.361535076
305.361536743
305.361538407
305.361540068
305.361541727
305.361543384
305.361545037
305.361546689
305.361548337
305.361549983
305.361551626
305.361553267
305.361554905
305.36155654
305.361558173
305.361559803
305.361561431
305.361563056
305.361564678
305.361566298
305.361567915
305.36156953
305.361571142
305.361572751
305.361574358
305.361575962
305.361577563
305.361579162
305.361580759
305.361582352
305.361583943
305.361585532
305.361587117
305.361588701
305.361590281
305.361591859
305.361593435
305.361595007
305.361596578
305.361598145
305.36159971
305.361601272
305.361602832
305.361604389
305.361605944
305.361607495
305.361609045
305.361610591
305.361612135
305.361613677
305.361615216
305.361616752
305.361618285
305.361619816
305.361621345
305.36162287
305.361624393
305.361625914
305.361627432
305.361628947
305.36163046
305.36163197
305.361633477
305.361634982
305.361636485
305.361637984
305.361639481
305.361640976
305.361642467
305.361643957
305.361645443
305.361646927
305.361648408
305.361649887
305.361651363
305.361652837
305.361654308
305.361655776
305.361657242
305.361658705
305.361660165
305.361661623
305.361663078
305.361664531
305.361665981
305.361667428
305.361668873
305.361670315
305.361671755
305.361673192
305.361674626
305.361676058
305.361677487
305.361678913
305.361680337
305.361681759
305.361683177
305.361684593
305.361686007
305.361687418
305.361688826
305.361690231
305.361691634
305.361693035
305.361694433
305.361695828
305.36169722
305.36169861
305.361699998
305.361701382
305.361702764
305.361704144
305.361705521
305.361706895
305.361708267
305.361709636
305.361711002
305.361712366
305.361713727
305.361715086
305.361716442
305.361717795
305.361719146
305.361720494
305.36172184
305.361723183
305.361724523
305.361725861
305.361727196
305.361728528
305.361729858
305.361731185
305.36173251
305.361733832
305.361735151
305.361736468
305.361737782
305.361739094
305.361740403
305.361741709
305.361743013
305.361744314
305.361745613
305.361746909
305.361748202
305.361749493
305.361750781
305.361752066
305.361753349
305.36175463
305.361755907
305.361757182
305.361758455
305.361759725
305.361760992
305.361762256
305.361763518
305.361764778
305.361766034
305.361767289
305.36176854
305.361769789
305.361771035
305.361772279
305.36177352
305.361774759
305.361775995
305.361777228
305.361778458
305.361779686
305.361780912
305.361782135
305.361783355
305.361784573
305.361785788
305.361787
305.36178821
305.361789417
305.361790621
305.361791823
305.361793023
305.361794219
305.361795413
305.361796605
305.361797794
305.36179898
305.361800164
305.361801345
305.361802523
305.361803699
305.361804872
305.361806043
305.361807211
305.361808376
305.361809539
305.361810699
305.361811857
305.361813011
305.361814164
305.361815313
305.361816461
305.361817605
305.361818747
305.361819886
305.361821023
305.361822157
305.361823288
305.361824417
305.361825543
305.361826667
305.361827788
305.361828906
305.361830022
305.361831135
305.361832246
305.361833354
305.361834459
305.361835562
305.361836662
305.361837759
305.361838854
305.361839946
305.361841036
305.361842123
305.361843208
305.361844289
305.361845369
305.361846445
305.361847519
305.361848591
305.361849659
305.361850725
305.361851789
305.36185285
305.361853908
305.361854964
305.361856017
305.361857068
305.361858115
305.361859161
305.361860203
305.361861243
305.361862281
305.361863316
305.361864348
305.361865378
305.361866405
305.361867429
305.361868451
305.36186947
305.361870486
305.3618715
305.361872512
305.36187352
305.361874527
305.36187553
305.361876531
305.361877529
305.361878525
305.361879518
305.361880508
305.361881496
305.361882481
305.361883464
305.361884444
305.361885421
305.361886396
305.361887368
305.361888338
305.361889305
305.361890269
305.361891231
305.36189219
305.361893147
305.3618941
305.361895052
305.361896
305.361896946
305.36189789
305.361898831
305.361899769
305.361900705
305.361901638
305.361902568
305.361903496
305.361904421
305.361905344
305.361906263
305.361907181
305.361908096
305.361909008
305.361909917
305.361910824
305.361911728
305.36191263
305.361913529
305.361914426
305.361915319
305.361916211
305.361917099
305.361917985
305.361918869
305.36191975
305.361920628
305.361921503
305.361922376
305.361923247
305.361924114
305.36192498
305.361925842
305.361926702
305.361927559
305.361928414
305.361929266
305.361930116
305.361930962
305.361931807
305.361932648
305.361933487
305.361934324
305.361935158
305.361935989
305.361936817
305.361937643
305.361938467
305.361939288
305.361940106
305.361940921
305.361941734
305.361942544
305.361943352
305.361944157
305.36194496
305.36194576
305.361946557
305.361947352
305.361948144
305.361948933
305.36194972
305.361950504
305.361951286
305.361952065
305.361952841
305.361953615
305.361954386
305.361955155
305.36195592
305.361956684
305.361957445
305.361958203
305.361958958
305.361959711
305.361960461
305.361961209
305.361961954
305.361962697
305.361963436
305.361964174
305.361964908
305.36196564
305.36196637
305.361967096
305.361967821
305.361968542
305.361969261
305.361969977
305.361970691
305.361971402
305.361972111
305.361972817
305.36197352
305.361974221
305.361974919
305.361975614
305.361976307
305.361976997
305.361977685
305.36197837
305.361979052
305.361979732
305.361980409
305.361981084
305.361981756
305.361982425
305.361983092
305.361983756
305.361984418
305.361985077
305.361985733
305.361986387
305.361987038
305.361987686
305.361988332
305.361988976
305.361989616
305.361990254
305.36199089
305.361991523
305.361992153
305.36199278
305.361993405
305.361994028
305.361994648
305.361995265
305.361995879
305.361996491
305.361997101
305.361997707
305.361998311
305.361998913
305.361999512
305.362000108
305.362000702
305.362001293
305.362001881
305.362002467
305.36200305
305.362003631
305.362004209
305.362004784
305.362005357
305.362005927
305.362006495
305.36200706
305.362007622
305.362008182
305.362008739
305.362009294
305.362009846
305.362010395
305.362010942
305.362011486
305.362012027
305.362012566
305.362013102
305.362013636
305.362014167
305.362014695
305.362015221
305.362015744
305.362016265
305.362016783
305.362017298
305.362017811
305.362018321
305.362018829
305.362019334
305.362019836
305.362020336
305.362020833
305.362021328
305.362021819
305.362022309
305.362022795
305.36202328
305.362023761
305.36202424
305.362024716
305.36202519
305.362025661
305.362026129
305.362026595
305.362027058
305.362027519
305.362027977
305.362028432
305.362028885
305.362029335
305.362029782
305.362030227
305.36203067
305.362031109
305.362031546
305.362031981
305.362032413
305.362032842
305.362033269
305.362033693
305.362034114
305.362034533
305.362034949
305.362035363
305.362035774
305.362036182
305.362036588
305.362036991
305.362037392
305.36203779
305.362038185
305.362038578
305.362038968
305.362039355
305.36203974
305.362040123
305.362040502
305.362040879
305.362041254
305.362041626
305.362041995
305.362042361
305.362042726
305.362043087
305.362043446
305.362043802
305.362044156
305.362044507
305.362044855
305.362045201
305.362045544
305.362045884
305.362046222
305.362046558
305.36204689
305.36204722
305.362047548
305.362047873
305.362048195
305.362048515
305.362048832
305.362049146
305.362049458
305.362049767
305.362050074
305.362050378
305.362050679
305.362050978
305.362051274
305.362051568
305.362051859
305.362052147
305.362052433
305.362052716
305.362052997
305.362053274
305.36205355
305.362053822
305.362054093
305.36205436
305.362054625
305.362054887
305.362055147
305.362055404
305.362055658
305.36205591
305.362056159
305.362056406
305.36205665
305.362056891
305.36205713
305.362057366
305.3620576
305.362057831
305.362058059
305.362058285
305.362058508
305.362058728
305.362058946
305.362059162
305.362059374
305.362059584
305.362059792
305.362059997
305.362060199
305.362060399
305.362060596
305.36206079
305.362060982
305.362061171
305.362061358
305.362061542
305.362061723
305.362061902
305.362062078
305.362062252
305.362062422
305.362062591
305.362062756
305.36206292
305.36206308
305.362063238
305.362063393
305.362063546
305.362063696
305.362063843
305.362063988
305.362064131
305.36206427
305.362064407
305.362064542
305.362064673
305.362064803
305.362064929
305.362065053
305.362065175
305.362065293
305.362065409
305.362065523
305.362065634
305.362065742
305.362065848
305.362065951
305.362066052
305.362066149
305.362066245
305.362066337
305.362066427
305.362066515
305.3620666
305.362066682
305.362066762
305.362066839
305.362066913
305.362066985
305.362067054
305.362067121
305.362067185
305.362067246
305.362067305
305.362067361
305.362067414
305.362067465
305.362067514
305.362067559
305.362067602
305.362067643
305.362067681
305.362067716
305.362067749
305.362067779
305.362067806
305.362067831
305.362067853
305.362067873
305.36206789
305.362067904
305.362067916
305.362067925
305.362067932
305.362067936
305.362067937
305.362067936
305.362067932
305.362067926
305.362067917
305.362067905
305.362067891
305.362067874
305.362067854
305.362067832
305.362067807
305.36206778
305.36206775
305.362067717
305.362067682
305.362067645
305.362067604
305.362067561
305.362067516
305.362067467
305.362067417
305.362067363
305.362067307
305.362067248
305.362067187
305.362067123
305.362067057
305.362066988
305.362066916
305.362066842
305.362066765
305.362066685
305.362066603
305.362066519
305.362066431
305.362066341
305.362066249
305.362066154
305.362066056
305.362065955
305.362065852
305.362065747
305.362065639
305.362065528
305.362065414
305.362065298
305.36206518
305.362065058
305.362064935
305.362064808
305.362064679
305.362064547
305.362064413
305.362064276
305.362064137
305.362063995
305.36206385
305.362063703
305.362063553
305.3620634
305.362063245
305.362063087
305.362062927
305.362062764
305.362062598
305.36206243
305.362062259
305.362062086
305.36206191
305.362061731
305.36206155
305.362061366
305.36206118
305.36206099
305.362060799
305.362060605
305.362060408
305.362060208
305.362060006
305.362059801
305.362059594
305.362059384
305.362059171
305.362058956
305.362058739
305.362058518
305.362058295
305.36205807
305.362057841
305.362057611
305.362057377
305.362057141
305.362056903
305.362056661
305.362056418
305.362056171
305.362055922
305.36205567
305.362055416
305.362055159
305.3620549
305.362054638
305.362054373
305.362054106
305.362053836
305.362053563
305.362053288
305.36205301
305.36205273
305.362052447
305.362052161
305.362051873
305.362051582
305.362051289
305.362050993
305.362050694
305.362050393
305.362050089
305.362049783
305.362049474
305.362049162
305.362048848
305.362048531
305.362048212
305.36204789
305.362047565
305.362047238
305.362046908
305.362046575
305.36204624
305.362045902
305.362045562
305.362045219
305.362044873
305.362044525
305.362044174
305.362043821
305.362043465
305.362043106
305.362042745
305.362042381
305.362042015
305.362041646
305.362041274
305.3620409
305.362040523
305.362040144
305.362039762
305.362039377
305.36203899
305.3620386
305.362038207
305.362037812
305.362037414
305.362037014
305.362036611
305.362036206
305.362035798
305.362035387
305.362034973
305.362034557
305.362034139
305.362033718
305.362033294
305.362032867
305.362032438
305.362032007
305.362031573
305.362031136
305.362030696
305.362030254
305.36202981
305.362029362
305.362028912
305.36202846
305.362028005
305.362027547
305.362027087
305.362026624
305.362026158
305.36202569
305.36202522
305.362024746
305.36202427
305.362023792
305.36202331
305.362022827
305.36202234
305.362021851
305.36202136
305.362020865
305.362020369
305.362019869
305.362019367
305.362018863
305.362018355
305.362017845
305.362017333
305.362016818
305.3620163
305.36201578
305.362015257
305.362014732
305.362014203
305.362013673
305.362013139
305.362012603
305.362012065
305.362011524
305.36201098
305.362010434
305.362009885
305.362009333
305.362008779
305.362008222
305.362007663
305.362007101
305.362006536
305.362005969
305.362005399
305.362004827
305.362004252
305.362003674
305.362003094
305.362002511
305.362001925
305.362001337
305.362000746
305.362000153
305.361999557
305.361998959
305.361998358
305.361997754
305.361997148
305.361996539
305.361995927
305.361995313
305.361994696
305.361994077
305.361993455
305.36199283
305.361992203
305.361991573
305.361990941
305.361990306
305.361989668
305.361989028
305.361988385
305.36198774
305.361987091
305.361986441
305.361985788
305.361985132
305.361984473
305.361983812
305.361983148
305.361982482
305.361981813
305.361981142
305.361980467
305.361979791
305.361979111
305.361978429
305.361977745
305.361977058
305.361976368
305.361975676
305.361974981
305.361974283
305.361973583
305.36197288
305.361972174
305.361971466
305.361970756
305.361970043
305.361969327
305.361968608
305.361967887
305.361967164
305.361966437
305.361965708
305.361964977
305.361964243
305.361963506
305.361962767
305.361962025
305.36196128
305.361960533
305.361959783
305.361959031
305.361958276
305.361957518
305.361956758
305.361955996
305.36195523
305.361954462
305.361953692
305.361952918
305.361952142
305.361951364
305.361950583
305.361949799
305.361949013
305.361948224
305.361947433
305.361946639
305.361945842
305.361945043
305.361944241
305.361943436
305.361942629
305.36194182
305.361941007
305.361940192
305.361939375
305.361938555
305.361937732
305.361936907
305.361936079
305.361935248
305.361934415
305.361933579
305.361932741
305.3619319
305.361931056
305.36193021
305.361929361
305.36192851
305.361927656
305.361926799
305.36192594
305.361925078
305.361924213
305.361923346
305.361922477
305.361921604
305.361920729
305.361919852
305.361918972
305.361918089
305.361917204
305.361916316
305.361915425
305.361914532
305.361913636
305.361912738
305.361911837
305.361910934
305.361910027
305.361909119
305.361908207
305.361907293
305.361906377
305.361905457
305.361904536
305.361903611
305.361902684
305.361901755
305.361900822
305.361899887
305.36189895
305.36189801
305.361897067
305.361896122
305.361895174
305.361894224
305.361893271
305.361892315
305.361891356
305.361890396
305.361889432
305.361888466
305.361887497
305.361886526
305.361885552
305.361884575
305.361883596
305.361882614
305.36188163
305.361880643
305.361879653
305.361878661
305.361877666
305.361876669
305.361875669
305.361874666
305.361873661
305.361872653
305.361871643
305.36187063
305.361869614
305.361868596
305.361867575
305.361866551
305.361865525
305.361864497
305.361863465
305.361862432
305.361861395
305.361860356
305.361859314
305.36185827
305.361857223
305.361856173
305.361855121
305.361854066
305.361853009
305.361851949
305.361850886
305.361849821
305.361848753
305.361847683
305.36184661
305.361845534
305.361844456
305.361843375
305.361842292
305.361841206
305.361840117
305.361839026
305.361837932
305.361836836
305.361835737
305.361834635
305.361833531
305.361832424
305.361831314
305.361830202
305.361829087
305.36182797
305.36182685
305.361825728
305.361824603
305.361823475
305.361822344
305.361821211
305.361820076
305.361818938
305.361817797
305.361816654
305.361815508
305.361814359
305.361813208
305.361812054
305.361810898
305.361809739
305.361808577
305.361807413
305.361806246
305.361805076
305.361803904
305.36180273
305.361801552
305.361800373
305.36179919
305.361798005
305.361796817
305.361795627
305.361794434
305.361793239
305.36179204
305.36179084
305.361789636
305.36178843
305.361787222
305.361786011
305.361784797
305.361783581
305.361782362
305.36178114
305.361779916
305.361778689
305.36177746
305.361776228
305.361774993
305.361773756
305.361772516
305.361771274
305.361770029
305.361768781
305.361767531
305.361766278
305.361765022
305.361763764
305.361762504
305.36176124
305.361759974
305.361758706
305.361757435
305.361756161
305.361754885
305.361753606
305.361752324
305.36175104
305.361749754
305.361748464
305.361747172
305.361745878
305.361744581
305.361743281
305.361741978
305.361740674
305.361739366
305.361738056
305.361736743
305.361735428
305.36173411
305.361732789
305.361731466
305.36173014
305.361728811
305.36172748
305.361726147
305.361724811
305.361723472
305.36172213
305.361720786
305.361719439
305.36171809
305.361716738
305.361715384
305.361714027
305.361712667
305.361711305
305.36170994
305.361708572
305.361707202
305.361705829
305.361704454
305.361703076
305.361701696
305.361700312
305.361698927
305.361697538
305.361696147
305.361694754
305.361693358
305.361691959
305.361690557
305.361689153
305.361687747
305.361686337
305.361684926
305.361683511
305.361682094
305.361680675
305.361679252
305.361677827
305.3616764
305.36167497
305.361673537
305.361672102
305.361670664
305.361669224
305.361667781
305.361666335
305.361664886
305.361663436
305.361661982
305.361660526
305.361659067
305.361657606
305.361656142
305.361654675
305.361653206
305.361651734
305.36165026
305.361648783
305.361647304
305.361645821
305.361644337
305.361642849
305.361641359
305.361639867
305.361638371
305.361636874
305.361635373
305.36163387
305.361632364
305.361630856
305.361629345
305.361627832
305.361626316
305.361624797
305.361623276
305.361621752
305.361620226
305.361618697
305.361617165
305.361615631
305.361614094
305.361612554
305.361611012
305.361609467
305.36160792
305.36160637
305.361604817
305.361603262
305.361601705
305.361600144
305.361598581
305.361597016
305.361595448
305.361593877
305.361592303
305.361590727
305.361589149
305.361587568
305.361585984
305.361584397
305.361582808
305.361581217
305.361579623
305.361578026
305.361576426
305.361574824
305.36157322
305.361571612
305.361570002
305.36156839
305.361566775
305.361565157
305.361563537
305.361561914
305.361560289
305.36155866
305.36155703
305.361555396
305.361553761
305.361552122
305.361550481
305.361548837
305.361547191
305.361545542
305.36154389
305.361542236
305.361540579
305.36153892
305.361537258
305.361535594
305.361533926
305.361532257
305.361530584
305.361528909
305.361527232
305.361525551
305.361523869
305.361522183
305.361520495
305.361518804
305.361517111
305.361515415
305.361513717
305.361512016
305.361510312
305.361508606
305.361506897
305.361505186
305.361503472
305.361501755
305.361500036
305.361498314
305.361496589
305.361494862
305.361493132
305.3614914
305.361489665
305.361487928
305.361486187
305.361484445
305.361482699
305.361480951
305.361479201
305.361477448
305.361475692
305.361473934
305.361472173
305.361470409
305.361468643
305.361466874
305.361465103
305.361463329
305.361461552
305.361459773
305.361457991
305.361456207
305.36145442
305.36145263
305.361450838
305.361449043
305.361447245
305.361445445
305.361443643
305.361441838
305.36144003
305.361438219
305.361436406
305.36143459
305.361432772
305.361430951
305.361429128
305.361427302
305.361425473
305.361423642
305.361421808
305.361419971
305.361418132
305.36141629
305.361414446
305.361412599
305.361410749
305.361408897
305.361407043
305.361405185
305.361403325
305.361401463
305.361399598
305.36139773
305.361395859
305.361393986
305.361392111
305.361390233
305.361388352
305.361386468
305.361384582
305.361382694
305.361380802
305.361378909
305.361377012
305.361375113
305.361373211
305.361371307
305.3613694
305.361367491
305.361365579
305.361363664
305.361361747
305.361359827
305.361357905
305.361355979
305.361354052
305.361352121
305.361350189
305.361348253
305.361346315
305.361344374
305.361342431
305.361340485
305.361338536
305.361336585
305.361334631
305.361332675
305.361330716
305.361328755
305.36132679
305.361324824
305.361322854
305.361320882
305.361318908
305.361316931
305.361314951
305.361312968
305.361310983
305.361308996
305.361307006
305.361305013
305.361303017
305.361301019
305.361299019
305.361297015
305.36129501
305.361293001
305.36129099
305.361288976
305.36128696
305.361284941
305.36128292
305.361280896
305.361278869
305.36127684
305.361274808
305.361272773
305.361270736
305.361268697
305.361266654
305.361264609
305.361262562
305.361260512
305.361258459
305.361256404
305.361254346
305.361252285
305.361250222
305.361248156
305.361246088
305.361244017
305.361241943
305.361239867
305.361237788
305.361235707
305.361233623
305.361231537
305.361229447
305.361227356
305.361225261
305.361223164
305.361221065
305.361218962
305.361216858
305.36121475
305.36121264
305.361210527
305.361208412
305.361206294
305.361204174
305.361202051
305.361199925
305.361197797
305.361195666
305.361193533
305.361191397
305.361189258
305.361187117
305.361184973
305.361182826
305.361180677
305.361178525
305.361176371
305.361174214
305.361172055
305.361169893
305.361167728
305.361165561
305.361163391
305.361161218
305.361159043
305.361156865
305.361154685
305.361152502
305.361150316
305.361148128
305.361145937
305.361143744
305.361141548
305.361139349
305.361137148
305.361134945
305.361132738
305.361130529
305.361128318
305.361126103
305.361123886
305.361121667
305.361119445
305.36111722
305.361114993
305.361112763
305.361110531
305.361108296
305.361106058
305.361103818
305.361101575
305.36109933
305.361097082
305.361094831
305.361092578
305.361090322
305.361088063
305.361085802
305.361083539
305.361081272
305.361079003
305.361076732
305.361074458
305.361072181
305.361069902
305.36106762
305.361065335
305.361063048
305.361060759
305.361058466
305.361056171
305.361053874
305.361051574
305.361049271
305.361046965
