9.15117712835
9.16851156606
9.18510830409
9.2009654184
9.21608162441
9.23045627611
9.24408936457
9.25698151556
9.26913398662
9.28054866336
9.29122805503
9.30117528942
9.31039410715
9.31888885513
9.32666447948
9.33372651773
9.34008109039
9.34573489187
9.35069518079
9.35496976965
9.35856701392
9.36149580055
9.36376553587
9.36538613297
9.36636799851
9.36672201904
9.36645954677
9.36559238488
9.36413277232
9.36209336823
9.3594872358
9.35632782585
9.35262895993
9.34840481305
9.3436698961
9.33843903786
9.33272736682
9.32655029253
9.3199234869
9.31286286504
9.30538456603
9.29750493346
9.2892404957
9.28060794614
9.27162412327
9.26230599056
9.25267061639
9.24273515387
9.23251682056
9.2220328783
9.21130061297
9.20033731431
9.18916025581
9.17778667467
9.16623375188
9.15451859243
9.14265820571
9.13066948597
9.11856919318
9.1063739339
9.09410014257
9.08176406295
9.06938172996
9.0569689517
9.04454129193
9.03211405282
9.01970225812
9.00732063671
8.99498360655
8.98270525908
8.97049934409
8.95837925499
8.94635801463
8.93444826163
8.92266223715
8.91101177228
8.89950827596
8.88816272338
8.87698564511
8.86598711667
8.85517674879
8.84456367827
8.83415655943
8.82396355622
8.81399233499
8.80425005787
8.79474337686
8.78547842852
8.7764608294
8.76769567212
8.75918752209
8.75094041505
8.74295785511
8.73524281364
8.72779772879
8.72062450569
8.71372451738
8.70709860641
8.70074708714
8.69466974873
8.6888658588
8.6833341678
8.67807291402
8.67307982929
8.66835214536
8.66388660092
8.65967944921
8.65572646641
8.65202296051
8.64856378088
8.64534332843
8.64235556637
8.63959403157
8.63705184641
8.63472173129
8.63259601765
8.63066666144
8.62892525722
8.62736305267
8.62597096361
8.62473958946
8.62365922916
8.62271989748
8.62191134182
8.62122305922
8.62064431396
8.62016415528
8.61977143559
8.61945482888
8.61920284944
8.61900387084
8.61884614514
8.61871782229
8.61860696974
8.6185015922
8.61838965156
8.61825908688
8.61809783452
8.6178938483
8.61763511975
8.61730969831
8.61690571159
8.61641138556
8.6158150647
8.61510523207
8.61427052927
8.61329977627
8.61218199112
8.61090640942
8.60946250365
8.60784000226
8.6060289085
8.60401951896
8.60180244188
8.59936861508
8.59670932359
8.59381621689
8.5906813258
8.58729707892
8.58365631871
8.57975231705
8.57557879039
8.57112991441
8.56640033814
8.56138519759
8.55608012882
8.55048128048
8.54458532575
8.5383894737
8.53189148003
8.52508965721
8.51798288397
8.51057061417
8.50285288493
8.49483032422
8.48650415762
8.47787621448
8.46894893336
8.45972536671
8.4502091849
8.44040467943
8.43031676551
8.41995098379
8.40931350145
8.39841111242
8.38725123694
8.37584192035
8.36419183104
8.35231025776
8.34020710606
8.32789289407
8.31537874743
8.3026763935
8.28979815486
8.27675694202
8.26356624535
8.25024012638
8.23679320825
8.22324066552
8.20959821323
8.1958820953
8.18210907212
8.16829640761
8.1544618555
8.14062364496
8.12680046566
8.11301145208
8.09927616727
8.08561458604
8.07204707746
8.0585943869
8.0452776174
8.03211821063
8.01913792723
8.0063588267
7.9938032468
7.9814937825
7.96945326448
7.95770473722
7.94627143672
7.93517676778
7.92444428103
7.91409764953
7.90416064517
7.89465711471
7.88561095561
7.87704609163
7.86898644823
7.86145592774
7.85447838447
7.84807759964
7.84227725616
7.83710091349
7.83257198226
7.82871369903
7.82554910098
7.8231010006
7.82139196057
7.82044426856
7.82027991228
7.82092055456
7.82238750873
7.82470171404
7.82788371141
7.83195361938
7.83693111034
7.84283538708
7.84968515959
7.85749862231
7.86629343165
7.87608668403
7.88689489417
7.89873397403
7.91161921203
7.92556525288
7.9405860779
7.95669498585
7.97390457431
7.99222672171
8.01167256989
8.03225250726
8.05397615272
8.07685234007
8.10088910324
8.12609366211
8.1524724091
8.18003089648
8.20877382436
8.23870502953
8.26982747496
8.30214324019
8.33565351243
8.3703585785
8.40625781759
8.44334969482
8.48163175564
8.52110062112
8.56175198401
8.6035806057
8.64658031404
8.69074400204
8.73606362738
8.78253021285
8.83013384767
8.87886368961
8.92870796808
8.97965398802
9.0316881347
9.0847958794
9.13896178592
9.19416951798
9.25040184747
9.30764066355
9.36586698259
9.42506095896
9.48520189666
9.5462682617
9.60823769538
9.67108702831
9.73479229521
9.79932875056
9.86467088485
9.93079244179
9.99766643603
10.0652651718
10.1335602619
10.2025226481
10.2721226212
10.3423298423
10.4131133651
10.4844416579
10.5562826265
10.6286036384
10.7013715462
10.7745527128
10.8481130361
10.9220179748
10.9962325746
11.0707214943
11.1454490328
11.2203791565
11.2954755267
11.3707015275
11.4460202938
11.5213947404
11.5967875897
11.6721614014
11.7474786013
11.8227015105
11.8977923747
11.9727133937
12.0474267513
12.1218946441
12.1960793119
12.2699430667
12.3434483225
12.4165576246
12.4892336793
12.5614393828
12.6331378502
12.7042924449
12.7748668067
12.8448248807
12.9141309453
12.98274964
13.0506459933
13.1177854496
13.1841338961
13.2496576896
13.314323682
13.3780992465
13.4409523023
13.5028513394
13.5637654425
13.6236643151
13.6825183019
13.7402984117
13.7969763387
13.8525244845
13.9069159777
13.9601246945
14.0121252776
14.0628931549
14.1124045568
14.1606365339
14.2075669728
14.2531746118
14.2974390558
14.3403407898
14.3818611927
14.4219825491
14.4606880608
14.4979618581
14.5337890088
14.5681555276
14.6010483842
14.6324555103
14.6623658063
14.6907691466
14.7176563838
14.7430193531
14.7668508748
14.789144756
14.8098957919
14.8290997659
14.8467534487
14.862854597
14.8774019506
14.8903952292
14.901835128
14.9117233129
14.920062414
14.9268560191
14.932108666
14.9358258336
14.938013933
14.9386802971
14.9378331696
14.9354816933
14.9316358976
14.9263066849
14.9195058171
14.9112459001
14.901540369
14.8904034713
14.8778502505
14.8638965283
14.8485588864
14.8318546476
14.8138018568
14.7944192605
14.7737262865
14.751743023
14.7284901963
14.7039891495
14.6782618193
14.6513307134
14.6232188868
14.5939499179
14.5635478847
14.5320373395
14.4994432849
14.4657911478
14.4311067544
14.3954163045
14.3587463454
14.3211237458
14.2825756697
14.2431295499
14.2028130614
14.1616540951
14.1196807306
14.0769212101
14.0334039114
13.9891573215
13.9442100095
13.8985906007
13.8523277496
13.8054501144
13.7579863299
13.7099649823
13.6614145833
13.6123635444
13.5628401521
13.5128725424
13.4624886768
13.4117163176
13.360583004
13.3091160287
13.2573424148
13.205288893
13.1529818792
13.1004474531
13.0477113367
12.9947988731
12.9417350072
12.8885442652
12.8352507358
12.7818780515
12.7284493709
12.6749873614
12.6215141821
12.5680514682
12.5146203157
12.4612412663
12.4079342937
12.3547187903
12.3016135548
12.2486367797
12.1958060412
12.143138288
12.0906498319
12.0383563392
11.9862728225
11.9344136332
11.882792455
11.8314222985
11.7803154958
11.7294836962
11.6789378636
11.6286882727
11.5787445081
11.5291154629
11.4798093384
11.4308336444
11.382195201
11.3339001403
11.285953909
11.2383612725
11.1911263189
11.144252464
11.0977424572
11.051598388
11.0058216934
10.9604131655
10.9153729605
10.8707006075
10.8263950193
10.782454502
10.7388767671
10.695658943
10.6527975876
10.6102887014
10.5681277409
10.5263096333
10.4848287908
10.4436791262
10.4028540683
10.3623465787
10.3221491678
10.2822539126
10.242652474
10.2033361145
10.1642957172
10.1255218038
10.0870045538
10.0487338244
10.0106991691
9.97288985855
9.93529489991
9.89790305764
9.8607028738
9.82368268877
9.78683066208
9.75013479331
9.7135829431
9.6771628543
9.64086217303
9.60466846989
9.56856926104
9.53255202938
9.49660424554
9.46071338891
9.42486696851
9.38905254371
9.35325774486
9.3174702937
9.28167802359
9.24586889953
9.21003103793
9.17415272608
9.13822244143
9.10222887045
9.06616092722
9.03000777171
8.99375882756
8.95740379965
8.9209326911
8.88433581994
8.84760383531
8.81072773318
8.7736988716
8.73650898551
8.6991502009
8.66161504862
8.6238964775
8.58598786698
8.5478830392
8.50957627043
8.47106230198
8.43233635046
8.39339411743
8.35423179849
8.31484609159
8.2752342049
8.23539386382
8.1953233175
8.1550213446
8.11448725846
8.07372091148
8.03272269898
7.99149356223
7.95003499093
7.90834902492
7.86643825521
7.82430582444
7.78195542648
7.7393913055
7.69661825432
7.65364161205
7.61046726111
7.56710162355
7.52355165675
7.47982484845
7.43592921114
7.39187327578
7.34766608496
7.30331718542
7.25883661989
7.21423491845
7.16952308925
7.12471260861
7.07981541067
7.03484387637
6.98981082202
6.94472948724
6.89961352248
6.85447697603
6.80933428051
6.76420023902
6.71909001071
6.67401909608
6.62900332175
6.58405882494
6.53920203755
6.49444966988
6.44981869412
6.40532632739
6.36099001464
6.3168274112
6.27285636515
6.22909489943
6.18556119377
6.14227356646
6.09925045593
6.0565104023
6.01407202866
5.97195402242
5.93017511654
5.88875407069
5.84770965243
5.80706061844
5.76682569564
5.72702356257
5.68767283061
5.64879202551
5.6103995689
5.57251375998
5.53515275743
5.4983345614
5.46207699579
5.42639769073
5.39131406532
5.35684331061
5.32300237289
5.28980793731
5.2572764118
5.22542391135
5.19426624263
5.16381888907
5.13409699627
5.10511535782
5.07688840169
5.04943017686
5.02275434065
4.99687414632
4.97180243138
4.94755160621
4.92413364337
4.90156006736
4.87984194497
4.85898987617
4.83901398559
4.81992391459
4.80172881391
4.78443733693
4.76805763353
4.75259734462
4.73806359718
4.7244630001
4.71180164047
4.70008508067
4.689318356
4.67950597301
4.67065190844
4.66275960886
4.65583199091
4.64987144221
4.64487982297
4.64085846811
4.63780819022
4.63572928294
4.63462152522
4.63448418596
4.6353160295
4.63711532157
4.63987983597
4.64360686174
4.64829321102
4.6539352275
4.66052879533
4.66806934875
4.6765518822
4.68597096092
4.6963207322
4.70759493707
4.7197869225
4.7328896541
4.74689572927
4.7617973909
4.77758654134
4.79425475697
4.81179330308
4.83019314913
4.84944498446
4.86953923426
4.89046607595
4.9122154558
4.93477710589
4.95814056138
4.98229517789
5.00723014928
5.03293452555
5.05939723088
5.08660708197
5.11455280639
5.14322306112
5.17260645119
5.20269154835
5.23346690981
5.26492109706
5.2970426946
5.32982032873
5.36324268627
5.39729853322
5.43197673332
5.46726626649
5.50315624722
5.53963594267
5.5766947907
5.61432241765
5.6525086559
5.69124356117
5.7305174296
5.77032081452
5.81064454283
5.85147973119
5.89281780173
5.93465049744
5.97696989722
6.01976843037
6.0630388908
6.10677445071
6.15096867379
6.19561552799
6.24070939775
6.28624509566
6.33221787371
6.37862343384
6.42545793805
6.47271801783
6.52040078302
6.56850383012
6.61702524991
6.66596363444
6.71531808341
6.76508820988
6.81527414529
6.86587654389
6.91689658635
6.96833598281
7.02019697518
7.07248233872
7.12519538298
7.17833995192
7.23192042346
7.28594170817
7.34040924734
7.3953290103
7.450707491
7.50655170388
7.56286917908
7.61966795682
7.67695658118
7.73474409308
7.79304002264
7.85185438079
7.91119765015
7.97108077534
8.03151515251
8.09251261822
8.1540854377
8.21624629243
8.27900826707
8.34238483581
8.40638984802
8.47103751343
8.53634238657
8.60231935076
8.66898360149
8.73635062923
8.80443620178
8.87325634608
8.94282732948
9.01316564066
9.08428796995
9.15621118933
9.22895233196
9.30252857135
9.3769572001
9.45225560838
9.52844126199
9.60553168014
9.68354441304
9.76249701906
9.84240704178
9.92329198682
10.0051692984
10.0880563358
10.1719703498
10.2569284586
10.3429476242
10.4300446282
10.5182360482
10.6075382333
10.6979672804
10.7895390103
10.8822689434
10.9761722766
11.071263859
11.1675581685
11.2650692888
11.3638108857
11.4637961845
11.5650379471
11.6675484498
11.7713394607
11.8764222186
11.9828074107
12.0905051521
12.1995249649
12.3098757576
12.4215658058
12.5346027325
12.6489934889
12.7647443365
12.8818608291
13.0003477952
13.1202093216
13.2414487367
13.3640685957
13.488070665
13.6134559082
13.7402244726
13.8683756759
13.9979079942
14.1288190505
14.2611056038
14.394763539
14.5297878577
14.6661726695
14.8039111845
14.9429957061
15.083417625
15.2251674136
15.3682346217
15.5126078728
15.6582748611
15.8052223496
15.9534361686
16.1029012159
16.253601457
16.4055199264
16.5586387302
16.7129390488
16.8684011412
17.0250043497
17.1827271056
17.3415469358
17.5014404701
17.6623834498
17.8243507363
17.9873163214
18.1512533381
18.316134072
18.4819299739
18.6486116731
18.8161489912
18.9845109571
19.1536658226
19.3235810788
19.4942234732
19.6655590274
19.8375530559
20.0101701854
20.1833743745
20.3571289348
20.5313965518
20.7061393071
20.8813187008
21.0568956749
21.2328306369
21.409083484
21.5856136281
21.7623800212
21.9393411811
22.116455218
22.2936798607
22.4709724844
22.6482901381
22.8255895724
23.0028272677
23.1799594633
23.356942186
23.5337312793
23.7102824327
23.8865512117
24.0624930875
24.2380634666
24.4132177215
24.5879112207
24.7620993588
24.9357375873
25.1087814445
25.2811865861
25.4529088157
25.6239041147
25.7941286727
25.9635389177
26.1320915457
26.2997435505
26.4664522534
26.6321753326
26.7968708519
26.9604972895
27.1230135668
27.2843790762
27.444553709
27.6034978827
27.7611725679
27.917539315
28.07256028
28.2261982502
28.3784166692
28.5291796616
28.6784520565
28.8261994113
28.9723880343
29.1169850069
29.2599582051
29.4012763203
29.5409088794
29.6788262645
29.8149997314
29.9494014279
30.0820044107
30.2127826622
30.341711106
30.468765622
30.5939230606
30.7171612556
30.8384590372
30.9577962429
31.0751537293
31.1905133811
31.3038581204
31.4151719151
31.5244397861
31.6316478135
31.7367831422
31.8398339866
31.9407896343
32.0396404486
32.1363778709
32.2309944212
32.3234836987
32.4138403803
32.5020602195
32.5881400438
32.6720777505
32.7538723031
32.8335237257
32.9110330967
32.9864025421
33.0596352274
33.1307353488
33.1997081241
33.2665597817
33.3312975498
33.3939296442
33.4544652555
33.5129145356
33.5692885832
33.6235994289
33.6758600191
33.7260841997
33.7742866988
33.8204831086
33.8646898669
33.9069242379
33.9472042925
33.9855488874
34.0219776447
34.0565109295
34.0891698286
34.1199761273
34.1489522865
34.1761214189
34.2015072652
34.2251341694
34.2470270543
34.2672113957
34.2857131975
34.3025589652
34.31777568
34.3313907725
34.3434320957
34.3539278983
34.3629067974
34.3703977516
34.3764300334
34.3810332015
34.3842370737
34.3860716988
34.3865673293
34.3857543937
34.3836634687
34.3803252518
34.3757705336
34.3700301708
34.3631350586
34.3551161038
34.3460041979
34.3358301902
34.3246248617
34.3124188986
34.2992428666
34.2851271852
34.2701021024
34.2541976698
34.2374437183
34.2198698337
34.2015053331
34.1823792415
34.1625202694
34.14195679
34.1207168179
34.0988279873
34.0763175318
34.0532122638
34.0295385551
34.005322318
33.9805889868
33.9553635
33.9296702833
33.9035332333
33.8769757011
33.850020478
33.8226897807
33.7950052373
33.766987875
33.7386581071
33.7100357222
33.6811398727
33.6519890651
33.6226011509
33.5929933176
33.5631820813
33.5331832793
33.5030120644
33.472682899
33.4422095504
33.4116050872
33.3808818759
33.3500515785
33.3191251509
33.2881128423
33.2570241946
33.2258680436
33.1946525202
33.1633850524
33.1320723684
33.1007205004
33.0693347886
33.0379198864
33.0064797663
32.9750177263
32.943536397
32.9120377495
32.8805231038
32.8489931379
32.817447898
32.7858868081
32.7543086815
32.7227117323
32.6910935874
32.6594512994
32.6277813594
32.596079711
32.5643417649
32.5325624126
32.5007360426
32.4688565555
32.4369173799
32.4049114893
32.3728314182
32.3406692802
32.3084167844
32.2760652541
32.2436056444
32.2110285608
32.1783242776
32.1454827567
32.1124936672
32.0793464036
32.0460301063
32.0125336799
31.978845814
31.9449550018
31.9108495607
31.8765176516
31.8419472987
31.8071264095
31.7720427945
31.7366841867
31.7010382615
31.6650926561
31.6288349888
31.5922528785
31.5553339634
31.5180659205
31.4804364836
31.4424334623
31.40404476
31.3652583918
31.3260625022
31.2864453826
31.2463954879
31.2059014537
31.1649521121
31.1235365081
31.0816439146
31.0392638478
30.996386082
30.9530006636
30.9090979246
30.8646684966
30.8197033228
30.7741936709
30.7281311445
30.6815076944
30.6343156296
30.5865476268
30.5381967407
30.4892564126
30.4397204792
30.3895831798
30.3388391644
30.2874834998
30.235511676
30.1829196115
30.1297036581
30.0758606054
30.0213876842
29.9662825696
29.9105433836
29.8541686964
29.7971575279
29.7395093484
29.6812240782
29.6223020869
29.5627441924
29.5025516589
29.4417261943
29.3802699471
29.3181855031
29.2554758807
29.1921445261
29.1281953084
29.0636325131
28.998460836
28.932685376
28.8663116275
28.7993454726
28.7317931725
28.6636613582
28.5949570212
28.5256875038
28.4558604881
28.3854839856
28.314566326
28.2431161452
28.1711423737
28.0986542238
28.0256611772
27.9521729717
27.8781995881
27.8037512363
27.7288383414
27.6534715296
27.5776616137
27.5014195787
27.4247565664
27.347683861
27.2702128738
27.1923551274
27.1141222411
27.0355259147
26.9565779134
26.8772900519
26.7976741789
26.7177421612
26.6375058684
26.556977157
26.4761678549
26.3950897462
26.3137545551
26.2321739315
26.1503594351
26.0683225209
25.9860745243
25.9036266462
25.8209899389
25.7381752919
25.655193418
25.5720548394
25.4887698747
25.4053486257
25.3218009647
25.2381365221
25.1543646745
25.0704945331
24.9865349322
24.9024944186
24.8183812412
24.7342033409
24.6499683411
24.565683539
24.4813558964
24.396992032
24.3125982138
24.2281803521
24.1437439926
24.0592943107
23.9748361059
23.8903737969
23.8059114172
23.7214526112
23.6370006312
23.5525583344
23.468128181
23.3837122328
23.2993121519
23.214929201
23.1305642427
23.0462177415
22.9618897643
22.8775799829
22.7932876765
22.7090117351
22.6247506631
22.5405025835
22.4562652436
22.3720360197
22.2878119238
22.2035896102
22.1193653823
22.035135201
21.9508946928
21.8666391585
21.7823635829
21.6980626445
21.6137307259
21.5293619249
21.4449500658
21.360488711
21.2759711738
21.1913905308
21.1067396351
21.0220111298
20.9371974624
20.8522908987
20.7672835377
20.6821673266
20.5969340764
20.5115754771
20.4260831145
20.3404484855
20.2546630153
20.1687180741
20.0826049938
19.996315085
19.9098396549
19.8231700244
19.7362975457
19.6492136201
19.5619097158
19.4743773858
19.3866082857
19.2985941918
19.2103270189
19.1217988382
19.0330018953
18.9439286281
18.8545716839
18.764923938
18.6749785102
18.5847287828
18.4941684174
18.4032913719
18.3120919172
18.2205646539
18.128704528
18.0365068475
17.9439672975
17.8510819556
17.757847307
17.6642602591
17.5703181554
17.4760187896
17.3813604188
17.2863417765
17.190962085
17.0952210674
16.9991189591
16.9026565189
16.8058350391
16.7086563557
16.6111228578
16.513237496
16.4150037909
16.3164258408
16.2175083281
16.1182565263
16.0186763053
15.9187741366
15.8185570976
15.7180328756
15.6172097705
15.5160966976
15.4147031887
15.3130393937
15.2111160808
15.1089446355
15.0065370603
14.9039059723
14.8010646009
14.6980267845
14.5948069663
14.4914201899
14.3878820936
14.2842089048
14.1804174321
14.076525059
13.9725497345
13.868509965
13.764424804
13.6603138419
13.5561971954
13.4520954949
13.3480298728
13.2440219504
13.1400938237
13.0362680496
12.9325676305
12.829015999
12.7256370015
12.6224548819
12.5194942633
12.4167801311
12.314337814
12.2121929649
12.110371542
12.0088997881
11.9078042105
11.8071115604
11.7068488107
11.6070431352
11.5077218854
11.4089125691
11.3106428266
11.2129404076
11.1158331481
11.0193489464
10.9235157384
10.8283614742
10.733914093
10.6402014983
10.5472515332
10.4550919552
10.3637504111
10.2732544117
10.1836313063
10.0949082575
10.0071122155
9.92026989314
9.83440773999
9.74955191738
9.665728273
9.5829623158
9.50127919101
9.42070365522
9.3412600518
9.26297228641
9.18586380281
9.10995755888
9.03527600297
8.96184105058
8.88967406128
8.81879581611
8.74922649527
8.68098565628
8.61409221255
8.54856441235
8.48441981839
8.42167528775
8.36034695241
8.30045020035
8.24199965711
8.18500916807
8.12949178116
8.0754597304
8.02292441988
7.97189640853
7.92238539555
7.87440020644
7.82794877987
7.78303815519
7.73967446067
7.69786290259
7.65760775495
7.61891235013
7.58177907017
7.54620933895
7.51220361523
7.47976138635
7.44888116293
7.41956047432
7.39179586487
7.36558289116
7.34091612
7.31778912728
7.29619449777
7.27612382571
7.25756771632
7.24051578816
7.22495667634
7.21087803667
7.19826655061
7.18710793115
7.17738692947
7.16908734258
7.16219202171
7.15668288161
7.15254091067
7.14974618189
7.1482778647
7.14811423752
7.14923270126
7.15160979347
7.15522120342
7.16004178785
7.16604558754
7.17320584462
7.18149502059
7.19088481511
7.20134618541
7.2128493665
7.22536389195
7.23885861538
7.25330173256
7.26866080412
7.28490277887
7.30199401767
7.31990031789
7.33858693837
7.35801862489
7.37815963613
7.39897377008
7.42042439093
7.44247445633
7.46508654505
7.48822288503
7.5118453817
7.53591564673
7.56039502695
7.5852446336
7.61042537178
7.63589797018
7.66162301083
7.68756095922
7.71367219437
7.73991703907
7.7662557902
7.79264874907
7.81905625179
7.84543869962
7.87175658925
7.89797054311
7.92404133945
7.94992994243
7.97559753193
8.00100553331
8.02611564684
8.05088987703
8.07529056158
8.09928040013
8.12282248264
8.14588031749
8.16841785917
8.1903995356
8.21179027505
8.23255553259
8.25266131611
8.27207421188
8.2907614095
8.30869072644
8.32583063197
8.3421502705
8.35761948438
8.37220883603
8.38588962947
8.39863393119
8.41041459034
8.42120525823
8.43098040715
8.43971534843
8.44738624978
8.45397015186
8.45944498416
8.46378957993
8.46698369052
8.46900799876
8.46984413162
8.46947467196
8.4678831695
8.46505415097
8.46097312932
8.45562661212
8.44900210915
8.44108813899
8.43187423485
8.42135094949
8.40950985918
8.39634356692
8.38184570465
8.36601093464
8.34883494996
8.33031447414
8.31044725982
8.28923208665
8.26666875827
8.24275809839
8.21750194606
8.19090315009
8.16296556251
8.1336940314
8.10309439266
8.07117346112
8.03793902079
8.00339981431
7.96756553158
7.9304467977
7.89205516007
7.85240307482
7.81150389241
7.76937184262
7.7260220188
7.68147036141
7.63573364094
7.58882944019
7.54077613588
7.4915928797
7.44129957875
7.38991687539
7.33746612665
7.28396938297
7.22944936654
7.17392944915
7.11743362955
7.05998651041
7.00161327484
6.94233966258
6.88219194574
6.82119690433
6.75938180133
6.69677435762
6.63340272652
6.56929546821
6.50448152385
6.43899018955
6.37285109019
6.30609415314
6.23874958174
6.17084782888
6.1024195704
6.03349567849
5.96410719511
5.89428530543
5.82406131127
5.75346660467
5.68253264155
5.61129091546
5.53977293149
5.46801018043
5.39603411297
5.32387611428
5.25156747875
5.17913938502
5.1066228713
5.03404881101
4.96144788875
4.88885057663
4.81628711099
4.74378746953
4.6713813488
4.59909814223
4.52696691854
4.45501640066
4.38327494517
4.31177052219
4.24053069589
4.16958260547
4.09895294677
4.02866795439
3.9587533845
3.88923449813
3.82013604522
3.75148224919
3.68329679223
3.61560280118
3.54842283418
3.48177886785
3.4156922853
3.35018386473
3.28527376876
3.2209815345
3.15732606428
3.09432561714
3.03199780099
2.97035956553
2.90942719592
2.84921630711
2.78974183893
2.73101805194
2.67305852398
2.61587614741
2.55948312714
2.50389097938
2.449110531
2.39515191977
2.34202459516
2.28973731993
2.23829817238
2.18771454927
2.13799316951
2.08914007837
2.0411606525
1.99405960548
1.94784099413
1.90250822532
1.85806406348
1.81451063872
1.77184945544
1.73008140169
1.68920675888
1.6492252122
1.61013586153
1.57193723279
1.5346272899
1.49820344713
1.46266258195
1.42800104834
1.39421469051
1.361298857
1.32924841521
1.29805776628
1.26772086033
1.23823121201
1.20958191637
1.18176566501
1.15477476251
1.12860114311
1.10323638757
1.0786717403
1.05489812662
1.03190617019
1.00968621058
0.988228321001
0.967522326038
0.947557819537
0.928324182503
0.909810601039
0.892006084291
0.874899482373
0.858479504269
0.842734735662
0.827653656695
0.813224659632
0.799436066396
0.786276145967
0.77373313162
0.761795237985
0.7504506779
0.73968767905
0.729494500367
0.719859448166
0.710770892019
0.702217280317
0.694187155542
0.686669169191
0.679652096373
0.673124850036
0.667076494819
0.661496260518
0.656373555144
0.651697977561
0.647459329694
0.643647628294
0.640253116239
0.637266273371
0.63467782686
0.632478761061
0.630660326893
0.629214050689
0.628131742545
0.627405504137
0.627027736008
0.626991144316
0.627288747042
0.627913879648
0.628860200179
0.630121693815
0.631692676862
0.633567800178
0.635742052041
0.638210760456
0.640969594889
0.644014567449
0.647342033506
0.650948691746
0.654831583671
0.658988092553
0.663415941829
0.668113192963
0.673078242758
0.678309820145
0.683806982445
0.689569111113
0.695595906967
0.701887384924
0.708443868241
0.715265982274
0.722354647767
0.729711073681
0.737336749572
0.74523343754
0.753403163746
0.761848209526
0.770571102105
0.779574604933
0.788861707647
0.798435615691
0.808299739587
0.818457683901
0.82891323589
0.839670353873
0.850733155325
0.862105904723
0.873793001156
0.885798965714
0.898128428687
0.910786116574
0.923776838941
0.937105475128
0.950776960838
0.964796274625
0.979168424284
0.993898433195
1.00899132661
1.02445211791
1.04028579487
1.05649730592
1.07309154649
1.0900733453
1.10744745082
1.12521851784
1.14339109402
1.1619696067
1.18095834983
1.200361471
1.22018295876
1.24042663006
1.26109611795
1.28219485956
1.30372608423
1.32569280207
1.34809779263
1.37094359409
1.39423249257
1.41796651193
1.44214740386
1.46677663838
1.49185539467
1.51738455237
1.54336468324
1.56979604329
1.59667856531
1.62401185191
1.65179516894
1.68002743946
1.70870723819
1.73783278638
1.76740194728
1.79741222208
1.82786074633
1.858744287
1.89005923992
1.92180162792
1.95396709937
1.9865509274
2.01954800959
2.05295286823
2.08675965114
2.12096213312
2.15555371784
2.19052744039
2.22587597037
2.26159161551
2.29766632589
2.3340916987
2.37085898355
2.40795908834
2.44538258569
2.48311971988
2.52116041434
2.55949427969
2.59811062227
2.6369984532
2.67614649795
2.71554320638
2.75517676333
2.79503509957
2.83510590338
2.87537663242
2.91583452612
2.95646661854
2.99725975153
3.03820058842
3.07927562797
3.12047121881
3.16177357413
3.20316878681
3.24464284477
3.28618164672
3.32777101813
3.36939672752
3.41104450295
3.4527000488
3.49434906274
3.53597725286
3.57757035506
3.61911415049
3.66059448324
3.70199727804
3.74330855812
3.78451446312
3.82560126708
3.86655539639
3.90736344786
3.94801220664
3.98848866428
4.02878003654
4.06887378129
4.10875761623
4.14841953648
4.18784783208
4.22703110527
4.26595828767
4.30461865714
4.34300185449
4.38109789993
4.41889720927
4.45639060976
4.49356935568
4.53042514359
4.56695012723
4.60313693203
4.63897866927
4.67446894976
4.70960189718
4.74437216092
4.77877492849
4.8128059374
4.84646148661
4.87973844738
4.91263427373
4.94514701217
4.97727531105
5.0090184292
5.04037624406
5.0713492592
5.10193861121
5.13214607592
5.16197407412
5.19142567647
5.22050460788
5.24921525114
5.27756264992
5.30555251109
5.33319120631
5.36048577296
5.38744391438
5.41407399932
5.44038506082
5.46638679422
5.49208955457
5.51750435323
5.54264285387
5.5675173676
5.59214084747
5.61652688227
5.64068968951
5.6646441078
5.68840558844
5.71199018634
5.73541455019
5.75869591201
5.78185207595
5.80490140641
5.82786281549
5.85075574981
5.87360017663
5.89641656929
5.91922589214
5.94204958468
5.96490954522
5.98782811389
6.01082805504
6.03393253912
6.05716512397
6.08054973558
6.1041106483
6.12787246462
6.15186009438
6.17609873351
6.20061384241
6.22543112377
6.25057650008
6.27607609066
6.30195618842
6.32824323616
6.35496380264
6.38214455823
6.40981225041
6.43799367887
6.46671567049
6.49600505402
6.52588863461
6.55639316818
6.58754533557
6.61937171671
6.65189876457
6.68515277909
6.71915988105
6.75394598601
6.78953677807
6.82595768386
6.8632338465
6.90139009958
6.94045094139
6.98044050919
7.02138255361
7.06330041339
7.10621699011
7.15015472338
7.19513556609
7.24118096013
7.28831181225
7.3365484704
7.38591070033
7.4364176626
7.48808789005
7.5409392656
7.59498900058
7.65025361353
7.70674890943
7.76448995955
7.82349108173
7.88376582134
7.94532693269
8.00818636115
8.07235522585
8.13784380296
8.20466150975
8.27281688919
8.34231759537
8.41317037948
8.48538107663
8.5589545934
8.63389489604
8.71020499954
8.78788695742
8.86694185235
8.94736978752
9.02916987883
9.11234024799
9.19687801627
9.28277929927
9.37003920242
9.45865181737
9.54861021924
9.63990646471
9.73253159101
9.82647561572
9.92172753752
10.0182753378
10.1161059829
10.2152054278
10.3155586201
10.4171495049
