9.64380291145
7.0647211769
8.66174024577
10.7235920116
10.0286534119
8.39371648647
8.22309036514
8.3088476644
7.26082138669
6.88170948987
8.38041499417
9.12247992319
7.59452879246
8.07045040789
14.7896956101
23.8616552317
27.0680985784
22.7650945704
17.1126347189
14.6383998804
13.5889335289
11.5612474214
9.79929166591
9.49234718595
8.67188779201
5.84265208789
2.99743592511
2.15176458416
2.2232360604
2.27426725972
4.50906182378
10.3560898424
16.2052424703
17.2445570893
14.0371446569
11.3211273085
11.1499577773
11.0897241374
9.05295659465
6.26641896654
4.73218441892
4.58294696671
5.01294010576
5.85976139275
7.2599536622
8.89740677795
10.1070195097
10.0881465429
8.36475159082
5.82062214533
4.34745913213
4.33960991851
3.91382506503
2.21065661342
1.61050004664
4.08881260602
7.16632695405
7.11527668696
5.01025994707
5.20029120257
8.07800625803
9.25480297152
6.6966711716
3.72418752571
3.18488752552
3.52703701624
3.31803737829
4.85101752623
9.38553918654
13.099301107
12.8722193129
12.8156912991
18.9399356236
29.0574850458
34.4760825212
31.7150915577
26.4746505277
24.7669222119
25.6379013601
24.9848358467
21.8697358607
17.8380330699
13.4454575283
8.88552740781
5.72848777012
4.98152871795
5.18694251556
5.05954052025
6.22160453442
10.5487969537
16.3659882462
20.3254531737
22.0381932154
23.774376466
26.1003552363
26.8955256849
24.8855302896
21.5005718556
18.5927515436
16.3557005955
14.2179591745
12.1829045121
10.5149009967
9.15761420941
7.95915809558
6.80438510341
5.54516222431
4.44149626413
4.18735944488
4.67031510141
4.57732747156
3.43459936907
2.90726881171
4.35113729876
6.3140865656
6.85376147387
7.20217511618
9.92072944299
13.9715304319
15.4311453775
13.424144902
11.388618199
11.4581382041
11.7860299989
11.2517000098
12.2929430516
15.8376757021
17.6659342641
14.6683556993
11.6655560572
15.8918709005
25.7384188254
31.2099668915
26.4372361941
16.3523505738
9.10647847781
6.71341325515
6.14779538781
5.6791398908
5.91365226768
6.62975875069
6.59287171169
5.97583771453
6.09042848488
6.99860021052
7.63297438415
7.91545969779
8.62625082291
9.42970164032
9.13674230963
7.96032243815
7.55756976253
8.49222883134
9.2923162595
8.5301316577
6.56690536371
4.75858341104
3.94649134216
4.13636720578
4.8523122969
5.50195354531
6.01105530495
7.16814460371
9.74188827763
13.347762107
16.7470809158
18.9015062154
19.0775500515
16.6802381186
12.2391010482
7.97625076154
5.84699552312
5.33359715431
4.71807872729
4.057890162
4.863642237
7.08208674119
8.90237090624
9.81066264816
11.1240145293
12.8127927491
12.8672559618
11.2633404226
11.2926778432
14.4236512055
16.8635424628
14.9662639577
11.8438134048
13.7416697468
20.4324236249
24.329209219
20.3171534741
12.0616764759
6.32161205005
4.66647013067
4.01877019062
2.78479374169
2.46682633999
4.04701674567
6.29164398163
7.94950198683
9.08106325749
9.66128698182
8.93042868892
6.93728737354
5.18034884226
4.82810330333
5.35790163088
5.67184607138
5.65945535335
5.91890137242
6.6140663711
7.38019522978
8.0199532273
8.67986894041
9.42578268943
9.99398262039
10.0090787291
9.43394858468
8.81990815064
8.86397725168
9.52291562835
9.94014526957
9.59563001461
9.01058109471
8.72346770234
8.1707418288
6.5519384691
4.37655027439
2.96359239833
2.63646790815
2.72916175528
3.24677871582
4.88009875482
7.12051436207
8.14423056288
7.32743562514
6.28875057961
6.50796546395
7.53250326739
8.70260111834
10.7404834659
13.6552824283
14.8065501705
12.0546484858
8.11967903739
8.41407114783
14.055393786
20.149607731
22.3341741741
22.2535489671
24.3502321817
29.2719635948
33.3257464052
33.5946689263
30.7736330606
26.8758268667
22.6304428983
18.0003002114
13.4554550533
9.52547187256
6.17278507772
3.69690385208
3.48075836901
6.64853987097
12.1978785141
17.3543155559
19.8600424348
19.5040660157
17.6029396306
15.6008863241
14.2230227797
13.4019569813
12.6047645669
11.3508836453
9.71876157758
8.44091603565
8.32646290579
9.36888516599
10.4766182049
10.4137598431
9.12740234808
7.81872109786
7.51963121336
8.03509868131
8.62749423836
9.14358668061
9.70160788695
9.73792487765
8.55859505505
6.83052411224
6.23813520841
7.2132138973
8.14102269122
7.49633624149
5.71101859859
4.04071904497
2.68429976559
1.39777870418
1.0940768778
2.90285106909
5.82910103384
7.40035337213
7.1464127153
7.54324272251
10.4126970641
13.972267449
15.0952857867
13.4826402057
11.6520736918
11.1480763646
10.812030605
9.23600398161
7.13911136249
6.16676477532
6.41313838372
6.48263553762
5.60731154969
4.51980561047
4.21229078613
4.7667506897
5.65249586147
6.44892657038
6.87218961555
6.6383769317
5.90024025651
5.60120152635
6.75364516354
9.16389421002
11.21954808
11.2797362102
9.28629034647
6.89027248126
6.0010651894
7.24033846493
9.65926555957
11.7190864185
12.5224240182
12.3300886482
12.0645338588
12.2630382183
12.4760446852
11.8236447819
10.1508703807
8.30395902817
7.05082942831
6.1106632099
4.7611000426
3.16941704349
2.35743943394
2.73565077156
3.46016696153
3.66444431418
3.61182345351
3.92229440721
4.27477227013
4.00028492866
3.75677273854
5.22249429047
8.64003831723
11.8494495583
12.7480891526
11.9297919408
11.610042045
12.2942420634
12.0517687731
9.43720998537
5.75252414072
3.48624836477
3.45095614577
4.67873750796
6.57263846822
9.54939512931
13.3130878525
15.9548944553
15.7711509042
13.2955247555
10.5889284889
8.87905424964
7.78813816493
6.65047813229
5.49582631875
4.50358627358
3.45291912021
2.32221384306
1.81143135518
2.54058626247
4.05295368265
5.34531475743
6.28795167558
7.79023022533
10.3798395197
13.1914765457
14.7381558569
14.3994697924
12.8418232516
11.1741280907
10.0188310339
9.33519337378
8.81394836518
8.27314101401
7.7114725246
7.05989741187
6.02961793036
4.44990911151
2.84979205902
2.43064614854
4.06420865708
7.2493230063
10.3712028374
12.2568070272
13.3593634577
15.1101098185
18.0856593368
21.148968878
22.5712020376
21.656260115
18.9280032019
15.2090384338
11.4847721754
9.6880461571
12.2469694229
19.7348794468
29.5783551625
38.3622870773
45.2292385789
51.6651857229
57.8783836959
61.1779665281
59.0037760649
52.2812084755
44.2352306943
36.5798756535
28.6061481696
19.846930835
11.7287949053
5.93452955437
2.56198090066
0.857369251589
0.702101641992
2.19100431716
4.3844056769
5.76130777378
5.82133364114
5.35291251499
5.24202322858
5.89046085444
7.71275349886
11.1027028744
15.4861766367
19.1612894589
20.6576621171
19.933910375
17.9461752295
15.4743122793
12.7925758514
10.1550692226
8.01517799358
6.69145972107
6.08973814766
5.85084242424
5.72211463653
5.83362913603
6.65069506696
8.53448490007
11.2173362438
13.7061087866
14.7774494448
13.7557007177
11.1010428749
8.28201148971
6.66753177115
6.26385610407
5.89814399453
4.97304875316
4.50087668056
5.75298920779
8.43140565942
11.2105057609
13.6714752202
16.1997290978
18.0031423026
17.2169842501
13.8333221089
10.677051726
9.88408426522
9.85356439781
7.81961056502
4.47169063046
3.27676033097
5.20943598458
7.01503384291
5.80777386472
3.03106644932
2.00530814001
3.16281627244
3.97603345855
2.90126009935
1.1896046313
0.730315206265
1.8915298168
3.95378417922
6.29315715403
8.4293916717
9.81868124408
10.3128325332
10.3441958942
10.2598244347
9.94787348601
9.41509089107
9.19049004689
9.74894523608
10.9012525891
12.0538980789
12.7164781841
12.5094512838
11.1163878254
8.66308606459
5.94089049963
3.91284347818
3.03086702252
3.09162015527
3.54848374625
3.87773609778
3.85470919576
3.58073669568
3.20565064987
2.84777287964
2.97399080127
4.33974577938
6.90330593578
9.25024400182
10.1179375443
10.2747202908
11.6309123566
14.4532951995
16.901099972
17.5920463878
16.9178315898
15.1835413902
11.581637136
6.61831672424
3.61286638932
5.19176547316
9.37945100546
12.0993441174
13.0993015539
16.0063582171
21.9489615622
26.7117019286
26.2651563545
22.3698260998
19.7647869369
19.4190943066
17.8627468572
12.8116134222
6.35787331663
1.9261383354
0.47752101203
0.911595417185
2.44495476885
4.96205538054
7.8133911171
9.71330352593
9.84458595601
8.44932727089
6.45635168842
4.88449620089
4.33880076742
4.70470218531
5.44507346698
6.294648748
7.38217580182
8.63331524217
9.50271546629
9.46213638918
8.39553909976
6.46607550785
4.10234569036
2.27602073937
2.2955881008
5.02992800297
10.5046763062
18.1013904288
26.6624753503
34.6397461546
40.9930859561
45.934897295
49.9202942097
52.0285889054
50.6870417532
46.2820230222
41.5889627073
38.9473708993
38.4106628209
39.4765972062
42.8858905977
49.1631673688
56.8643822257
64.2453678078
71.395047913
78.2512450115
81.5738902647
77.3603789313
66.5038379997
54.6407531477
45.2252815528
36.0028793268
24.4207109499
13.4883392517
8.66797363754
10.3155718984
12.9588915428
12.1478968577
8.89106456705
6.56311573552
6.20537335609
6.51446050808
6.59630213511
6.68502183268
6.88747744573
6.94517096765
7.20064167674
8.62017586379
11.5433745283
14.9200618444
16.9611251938
16.4178884015
13.4154536498
9.31728069524
5.73014300388
3.53294374353
2.86832844215
3.78092683538
6.37153115665
10.3824301509
15.1587332587
20.075640215
24.6007701277
28.0812579653
30.0738262785
30.7290379243
30.0990179264
27.3342732794
21.7905602796
14.9955826154
10.042423839
8.43762182448
8.80769141214
9.36721958516
10.1976499581
12.0189193228
14.1899460959
15.5648555535
16.2473495695
16.6739649363
15.8677501747
12.7926181214
8.91307121166
6.93853423706
7.05303352622
6.96890416684
6.06608755695
6.50698692728
8.98412925136
10.3536999901
8.02959675927
4.62683913074
4.95052231325
9.17177828919
12.2558434286
10.4537564665
5.58872017584
1.97225676102
1.3712550964
2.51831079225
3.92875496337
5.24412810736
6.41324936866
7.24753278489
7.92148441428
8.89775233764
10.1148253133
10.8301899197
10.4475214536
9.17154766628
7.76799625463
6.88407914194
6.63012087927
6.70625727125
6.89308574414
7.32403071993
8.15684505617
9.1484664756
9.83133459276
9.95207542376
9.42598422234
8.16865303904
6.50923102993
5.39384827611
5.30050746297
5.21736623253
3.92978863052
2.35745876494
3.08489471295
6.95907557776
11.5815907099
14.1952293725
14.8361222889
15.3406682455
16.3395778843
16.9227941019
16.5293883588
15.2428842247
12.5913593752
8.20228879046
3.83136861745
2.65396961518
5.86333948124
11.7077825032
18.4973347251
26.3888664198
34.8397464414
40.4881139464
40.1803576431
35.2342833264
30.125147474
26.9735171238
23.6100146443
17.5758043428
9.96378058892
4.16174076371
2.20090430716
3.60748443454
6.84327999653
10.364891855
12.6185879077
12.4700255461
10.1440959986
7.17310503974
5.09589667878
4.37572729686
4.50998833628
4.81718936703
5.04684063332
5.49040686603
6.60099753675
8.36131646305
9.96515323344
10.2467434693
8.61932297058
5.79660513983
3.65708082947
4.16204736764
8.14012620741
15.2330262164
25.1500920232
38.452285428
55.3793797631
74.1341825877
91.3158231663
104.278686596
112.293927998
115.329827873
113.061542611
105.993764596
96.5182530218
87.4691239357
79.9851040582
73.8749079489
69.546794422
67.9631058455
68.638961107
69.3064558019
68.178855837
65.3837480858
61.6421287222
56.8925595285
51.157560898
45.4697953955
40.4425005051
34.7704363782
27.0078582508
18.6641171333
13.6175133124
13.7909680493
16.7279978512
18.3145201042
16.9779149178
14.3075263196
12.3218962152
11.3713270715
10.5562737479
9.08230846875
6.87791315956
4.55408840707
3.14587828306
3.48687554504
5.4054599474
7.60561624833
8.55867333334
7.58473942073
5.19384235077
2.63506946687
1.17548092718
1.5415983179
3.77331190229
7.57088889693
12.8102416103
19.6121668263
27.7559991763
36.0463956522
42.5079365357
45.5367236866
45.0292954467
42.2634820962
38.5023249976
33.8456991707
27.7606884537
20.6675346537
14.4391542104
10.9503314902
10.3684113238
11.1857420695
11.7079805862
11.2005966498
9.97457039506
9.05865005201
9.65977414304
12.0295273571
14.5324193289
14.6063314867
11.301939552
6.48795964712
3.00721978865
2.01872467272
2.71694320007
4.09386897528
5.82048460521
7.43111618425
7.95467707164
7.04883287711
5.70425130746
5.03153112753
4.87486133734
4.46699654979
4.05773761439
4.77550458256
6.7579203631
8.42809610799
8.21605505213
6.49681146441
5.26741873884
6.11034469059
8.81752002358
11.7674301255
13.2352256133
12.4752833554
10.0210663312
7.13407261492
4.84160277461
3.42140046114
2.72764507405
2.73716690812
3.58119619309
5.24101609849
7.48420918286
9.9900502556
12.2901857115
13.719917628
13.7874987609
12.630999225
10.8856481401
9.10639460683
7.51540012495
6.21519501452
5.3208505898
4.9024060964
5.15241518613
6.62506275624
9.83960557851
14.37362027
18.6171057916
20.7416753018
19.9413146865
16.8082598561
12.8031714927
9.39793051873
7.30615359335
6.26442927594
5.77727603543
6.19727993699
8.69983113517
13.9523897233
21.1657284919
28.6880815284
35.0159276081
38.8267962727
38.7914648793
34.5133565203
27.6216903492
20.9144980428
16.0426396604
12.6281231044
9.83371459342
8.00418224634
8.25838770042
11.0320840001
15.5720039005
20.4141746349
23.7806870388
23.9802215213
20.4180429231
14.4536175296
8.74547307298
5.39370547338
4.69320868682
5.49860193808
6.49528854009
7.18110271607
7.90683416559
9.00604003351
9.86651085056
9.20643711269
6.63857484454
3.78055203299
3.4330797666
7.72895989665
17.263819123
31.6156998807
50.1386433748
72.4452055636
98.5982883898
128.350418679
159.160849387
185.163508503
199.725093391
200.179112166
189.731237546
174.241757126
157.538527698
140.066110519
121.067033207
100.954475148
81.798677073
66.3397892044
56.3808604758
51.3454663105
48.3920931021
44.616940379
39.292598461
33.6465990682
28.7989325142
24.6927454459
20.9066760548
17.5551424185
15.160322804
14.3898451793
16.1108435289
20.7703165707
27.1201490106
32.2023424127
33.3859994545
30.3346230441
24.7565204748
18.7081219154
13.524289795
9.7581642341
7.25384306166
5.31546254222
3.42669800079
1.89443869413
1.44095354942
2.22355254753
3.61005196493
4.85728471739
5.69951583987
6.38829991553
7.51842364114
9.75871196087
13.4378307731
18.393790105
24.3069773211
30.8441322134
37.2193172715
42.1024536765
44.5445173488
44.7147585381
43.2241978888
40.2010582192
35.834462258
31.3219723627
27.9396949459
25.1676296771
21.1904244857
15.7853261408
11.3987263423
10.369468084
11.9846976149
13.4116707492
12.984678892
11.4409390995
10.2404830977
9.85086039387
9.72601668787
9.01874014672
7.16061588564
4.50664601583
2.5155434124
2.51400558613
4.08524965669
5.40427488013
5.41246526185
4.93589235592
5.2855214839
6.43929014736
7.19999625296
6.78005643201
5.75348377222
5.68142462775
8.05847593109
13.1578944721
19.3762843098
23.95499631
24.9218537083
22.4708708521
18.4135158658
14.55658912
11.7383872815
9.9192135285
8.64126233063
7.52953703093
6.73351188057
6.77606824616
7.70255246374
8.62392172408
8.51099021005
7.33292841468
6.10054428543
5.9119381679
7.16280425977
9.36777046705
11.3917162895
12.2065997278
11.9187788704
11.7534749665
12.5222235735
13.5527356207
13.899638777
14.1284803601
15.6270714184
18.1833385841
19.7360958928
19.1563682114
18.057417319
18.7977839252
21.4145321784
23.6038784521
23.3149567821
20.3586186755
15.778057978
10.8327653201
6.75791653603
4.54311503169
4.46878422153
6.2923194155
9.98505444689
15.6472404373
22.4577351389
28.3541472712
31.278842957
30.5542318297
26.9077552259
21.6324535397
16.0795320128
11.5284379773
8.88002112353
8.35182937697
9.68442393333
12.6399524743
17.1553657388
23.0097294149
29.3509202484
34.4822524387
36.325529539
33.6688880028
27.3343483765
19.956307926
14.3201151808
11.7869191951
12.0299085975
13.730575743
15.3808677665
16.0079827876
15.681858858
15.1812975913
14.9042994481
14.4215929839
13.5013241896
13.3186062436
16.1826785571
24.1595032748
38.2013388741
58.2007777092
83.2771100619
112.234500231
144.35847977
179.371446009
215.403581971
246.834274669
265.589576321
266.046494947
248.920102468
220.190066809
186.653961846
152.758065098
120.666000713
91.7163143962
67.1690053828
48.0785399617
34.8941853266
27.0182774469
22.6916286104
19.746569813
16.8525634805
13.999364601
11.7479924114
10.2761866625
9.31148461154
8.76206763116
9.11748654532
11.1770462965
15.3670541279
21.1426968833
26.9393886509
30.8776968816
31.8157806282
29.919631315
26.3176923121
22.2284948083
18.2872638043
14.4923632115
10.7057983397
7.22841997436
4.83750320404
4.18155991122
5.22930835136
7.43562796388
10.2788126898
13.3556682826
16.1047617076
17.9642722277
18.9816388121
19.8892728939
21.3265950395
23.2477467501
25.2710832203
27.2266961193
29.0155408852
30.2966013463
30.8667978817
31.1741377954
31.8254142969
32.5440956515
32.2099887825
30.1522078768
26.9201201859
23.4758606146
20.068749403
16.3740200341
12.4585526915
9.02380351509
6.69859798323
5.57524844106
5.55558266426
6.68464228417
8.76943969643
10.8731995066
11.6506153789
10.4022154707
7.73831690617
5.11628256805
3.69332101819
3.56688926364
4.01428808461
4.38668978585
4.78763364697
5.95458943601
8.48298274768
12.0495699901
15.3108157594
16.7335425815
15.9161639504
14.3422785174
14.6395522022
18.572458599
25.3005674436
31.4932750457
33.4298617252
29.5349487287
21.4169741358
12.6641849093
6.40124556841
3.53732047912
2.94958428399
3.07289052979
3.19970814184
3.45228762471
4.01489420895
4.7891652414
5.65891112444
6.65736818916
7.75622369993
8.7734044983
9.63245707209
10.4545495525
11.1931879872
11.4441460292
10.9862233238
10.3885159616
10.6015612194
11.7892449313
12.9291780807
12.9024531436
11.8431863846
11.0962438636
11.8424325815
14.0148063179
16.5972268022
18.6708920738
19.9185849702
20.2822210721
19.554721796
17.5298090667
14.4216669061
10.9299299623
7.87207494665
5.83338462603
5.11024709456
5.75678566169
7.51961367438
9.80199449666
11.8800841647
13.2357652529
13.6617543116
13.118415107
11.6977335796
9.84928485248
8.48959349161
8.58736336116
10.4723834422
13.6028435454
17.0998601016
20.4721407045
23.7299373136
26.8376425324
29.2475488814
30.1221582226
29.0097368398
26.2525268346
22.7905869581
19.6704999629
17.6835941883
17.2026486871
18.1069338232
19.8689837814
21.9247914297
24.083479113
26.4762315429
28.9840657463
30.8406903713
31.1415346286
30.0185259617
29.316038846
31.9091202722
40.1236610855
54.6014170918
74.4368857223
98.1385634076
124.348262895
151.802537062
178.895698283
203.396519508
222.444789096
232.75880169
231.294376464
216.615156867
190.356481215
157.305411623
123.347089708
92.6469921255
66.5148492708
44.7234715038
27.3890272449
15.2028907921
8.2145501711
5.18265537375
4.37256163229
4.54507055967
4.95043129364
4.95760381591
4.36625128294
3.87352036123
4.49540419232
6.38418908817
8.75978074379
11.1743564695
14.1817212252
18.2053793319
22.1534012647
23.9435497968
22.5103717891
18.8099499446
14.7145248807
11.3766995974
8.93852761844
7.39597047285
7.12266876802
8.45967529296
11.1567129981
14.4486937928
17.5823573291
20.140626257
21.9382410003
22.8103849981
22.6345432034
21.5348020186
19.9457569009
18.3756342297
17.0955828642
16.0969898603
15.3310762966
14.891668334
14.898148684
15.2669804305
15.7459842142
16.2217227629
16.8252164883
17.5005173944
17.5206130287
15.8648471702
12.4283017229
8.61967558454
6.21378313372
5.56863695602
5.50515199802
5.09163435011
4.8526486641
5.70776869283
7.36183648981
8.66971462598
9.28260369471
9.80348197698
10.256283692
9.66313868507
7.7118142029
5.73258007362
5.03678241312
5.10451377053
4.69196046957
4.24050891935
5.58914371932
9.14033990665
12.8100686109
14.4742406109
14.2949329984
13.6975115206
13.038349531
11.6875267021
10.0072780389
9.6186900159
11.1933839684
13.0295609012
12.674838881
9.61663788418
5.78123887506
3.54272885623
3.70120082365
5.3045550374
6.88372544209
7.58578620453
7.38666045886
6.67449656123
5.86892697547
5.34184839553
5.41073639906
6.17583572173
7.34451174087
8.33681551873
8.68656812021
8.40702146543
7.93602992023
7.60772494768
7.1839211927
6.17431364298
4.77521109198
4.08219059208
4.840879614
6.26798651202
6.97245075316
7.07166430114
8.30026282349
11.5056499209
15.1027358031
16.9867920489
17.1076631695
16.7972138887
16.1766462313
14.0783722651
10.561399357
7.53234848869
6.14010002516
5.27348453865
3.80806514069
2.83330148373
3.97648592014
6.56412866108
8.43513632621
9.05882018788
9.70891850295
10.5490291237
9.88611423645
7.21027139299
5.00633696613
5.93965395154
9.3964779479
12.518046128
14.0628212129
15.4825626811
18.1536854335
21.1460093097
22.4024000132
21.1524642442
18.3990414076
15.6010257656
13.6921251047
13.2200520445
14.6542763277
18.1380549483
23.0975097805
28.3926176507
33.0009144926
36.5744173316
39.3336892238
41.478688655
42.7761243987
42.7646707489
41.5096412591
40.4243459877
42.2758414333
49.6559230065
62.7921179363
79.1766785306
96.0007785156
112.544550864
129.156435454
144.284583324
154.341285561
157.034997107
153.096176683
143.676616599
127.970727865
105.580095636
80.0368216952
57.1146634014
39.557888993
25.8721270246
14.5896718875
6.93450046142
4.00794281028
3.88638089492
3.76710044952
3.42431901025
4.1654497771
5.44434757535
5.22477824985
3.44016704929
2.43026820673
3.45504259019
5.06807368441
5.86235574098
6.77216463541
9.15466570089
12.0659140014
13.2757171831
12.2839859149
10.6338269648
9.45720308563
8.27562405012
6.51079266342
4.94884552367
5.01718933101
7.19176266627
10.6498745719
14.1687333653
16.9301049792
18.6127245361
19.1575092178
18.654990839
17.3918652296
15.8711712453
14.6978208658
14.3581964033
14.8968979401
15.5736533848
15.0587939817
12.6846862134
9.74784018836
8.72463258905
10.460185922
12.8873887221
13.6349313139
13.1593311081
13.539394865
14.5849150461
13.7093385108
10.3178567673
7.5771652795
7.95966955429
9.3071981282
8.11188858886
5.1882649854
4.58236921269
7.25592850062
9.61160611078
9.08890803422
7.69176996864
8.08915079114
9.19696914709
8.45802135237
6.52156946418
6.31404016569
8.2165272227
9.37491921126
8.01586977094
5.72563814545
4.66266433298
4.75408978275
4.82577061584
4.72155327255
4.79156836799
4.47245103022
3.02469205169
1.18121065885
0.666539482656
2.12533897414
4.48664738241
6.37949062329
7.39412290686
7.88501388279
8.24976598487
8.69409875561
9.27349842499
9.81208233638
9.89529928554
9.16056302094
7.65958014066
5.93987565382
4.78680835054
4.89141878857
6.67013770585
10.0288473348
13.8671414144
16.0871537233
15.1367744571
11.9908403224
9.61114730854
9.56970010321
10.1513512159
9.08497611994
7.14176607089
6.86331781537
8.18208310076
8.22185125789
6.11923389541
4.98640537928
7.20444596049
10.4283132333
11.1650665086
10.3610319107
11.6195119416
14.6474809289
14.8180240005
10.1146928537
4.61548934321
3.00436226783
4.68889009608
6.17033059409
6.95477453976
9.46592938113
13.9078256237
16.8644566773
15.7009292675
11.7510701593
8.02835240533
5.69083414208
4.07992455207
2.83714908432
2.37075419654
2.78834816269
3.66156001567
4.75388817218
6.1406207701
7.62707934654
8.66471248915
8.9062868222
8.47846420939
7.7374084969
7.09872417801
7.12475873376
8.46784434059
11.5265631641
16.1492435743
21.6873296913
27.3491014539
32.5367418296
36.9244562076
40.446212514
43.4263281113
46.4191949989
49.2558990285
50.3438607682
48.0545335099
43.4062678344
40.3166632328
42.0869522217
48.3406642947
56.546341309
65.4897613742
75.170421385
83.8735431134
88.3493270373
87.7201105086
84.5223492615
80.303196439
72.7154592596
59.5562711162
43.8073218318
31.2125991092
23.4703337141
17.3247434759
10.6461854465
5.71043499422
4.86864413546
6.1858171839
6.25930849555
5.49058936524
7.227695315
12.1074821883
16.2829433129
15.9951305325
11.7924099002
7.17125636619
4.54925542283
3.8227126371
3.88548440203
4.0487058892
4.05750743016
3.78110763042
3.26549402837
2.72343295676
2.30207302702
2.0214098135
1.93929907728
2.19437585653
2.86408529229
3.90979512073
5.28649343616
6.99063746108
8.908612257
10.674849817
11.8599634915
12.38683699
12.5739057587
12.5910798763
12.1735533572
11.3295442075
11.0206085235
12.1954898521
14.0159178545
14.1731346549
11.6781513032
8.42514456224
6.9948142322
7.67285201112
8.89141036515
9.89654547606
11.1343328575
12.1964604391
11.6356831482
9.51820379382
8.09245729444
8.57344639449
9.00285248986
7.2020351105
4.55196532425
4.39735452987
7.22538944003
10.0795075465
11.0327946286
11.5632793335
13.2569839163
14.4963163624
12.739752849
8.93690338884
7.08433012854
9.2399314822
12.9344292916
14.2300150125
11.9805224106
8.17158218035
5.06875454195
3.27555252064
2.27176118957
1.64492729372
1.37406924778
1.48829004403
1.98035675626
2.99077940649
4.79024774692
7.45585915771
10.5529096246
13.1534994547
14.31517051
13.812337579
12.5238972563
11.8752617234
12.5371474283
13.6227583295
13.4722144196
11.3955777897
8.40420878102
6.0887753106
5.21973343102
5.85475283395
8.20888916982
12.2433131436
16.3058562327
17.5238528452
14.5602250668
9.39266937507
5.38577393283
3.90898504587
3.74556942336
3.43999745166
2.87991499197
2.47962831359
2.31132526778
2.77707188852
4.86947320111
8.5322115753
11.5654852964
11.6586290064
9.29383810582
7.25016968706
7.18547177416
8.1473880289
8.8341748179
9.67803868716
11.4526929803
12.9939419287
12.2304252893
9.39582142991
7.4602693278
8.62314729195
11.4855466973
12.6908777025
10.7714339934
7.35494100206
4.81108859758
3.78460960855
3.31044905209
2.50198921565
1.4344387486
0.655530740449
0.457913695271
0.745740991854
1.29614685783
1.94908873035
2.58395332717
3.01035116408
3.0203451549
2.73639650489
2.90393472859
4.50931824389
7.82537616139
12.0073696951
15.9827645139
19.6378567228
23.6242504284
27.8936036129
31.0709189584
31.8897901732
30.9552442932
30.2438115833
30.6348664961
30.6515993665
28.2809433817
23.7186557056
19.595920645
18.4923511675
20.8431714802
25.3359513318
30.4858543556
35.2662903328
38.9216366837
41.1975605275
42.5829189684
43.3221993021
42.1170301506
36.9505754052
27.8348894515
17.9282575746
11.0532727352
8.49820045853
8.88279915002
10.4140805799
11.9888146153
12.4907490556
10.961570971
8.30152199895
7.38877746438
10.0199736407
14.1977348257
15.7950611121
12.9954893641
8.14152989546
5.04246049819
5.31652801324
7.6585577011
9.78017034485
10.2772926074
9.01978057124
6.67108010968
4.16425190632
2.30245523827
1.46418192759
1.49351726111
1.83499785589
1.94139114385
1.81146993292
2.11704179219
3.48857835525
5.55335177037
6.98471546698
6.79528199466
5.45058530993
4.39597774868
4.45606145744
4.96526589388
4.69077899275
3.52316906667
2.88303041452
4.12786739426
6.71602144892
8.53599035384
8.29559087412
7.03598718038
6.75185308394
7.95650170574
9.40045038446
9.9409991014
9.66659205111
9.12403741844
8.59448445103
8.56978670717
9.77373057473
11.8017456409
12.6448413235
10.7940412153
7.35893167667
4.91920271601
4.59324270506
5.49479155436
6.81104891553
8.68909934722
10.6718982728
11.0104294046
8.77665886563
5.63972408361
4.15643849678
4.73854947949
5.52194982973
5.01868055376
3.67708315195
2.69161854042
2.40003930765
2.42058246118
2.66277254405
3.47534129104
4.98959203553
6.83433805136
8.56868017793
10.1570104416
11.8712498608
13.7129854596
15.0449852603
15.0615861476
13.7870239429
12.397198784
12.2287824355
13.4376112238
14.7638533481
14.6099928752
12.3851877151
9.06486446882
6.54198370115
6.09495478678
7.25584366461
8.43352052855
8.7187271213
8.51817317078
8.23210011289
7.3202076894
5.57741115723
4.51423431964
5.95917239315
9.37938338218
11.98823184
11.7911214826
9.37744869095
6.49715318034
4.30504265806
3.591179875
5.12644421107
8.38843154798
10.9466436436
10.6942053079
8.2824270134
6.05552688646
5.00616304492
4.24540250784
3.21979721076
2.66338934761
2.98022346352
3.30853496035
3.06783668769
3.2255216182
4.88907499653
7.35392487465
8.69035443488
7.98963455066
6.11732113016
4.3763335068
3.26328493797
2.62404152193
2.31596468176
2.34433965193
2.65425901702
3.1089502921
3.65080814793
4.34342796154
5.15344027168
5.68140938628
5.32162146737
3.95930877738
2.41380248589
1.84067307395
2.68220188889
4.47505499138
6.55614038368
8.53061410673
10.2245870608
11.8236697411
13.926653894
16.5733750025
18.2361976987
17.0285272321
13.3775714491
10.2095118244
9.54967388983
10.0409944625
9.09073490821
6.58311305423
4.86715372844
5.57235653056
8.20033045623
11.7577990714
15.9091892631
20.0945979121
23.2107866282
24.9877486822
26.3259018422
27.3562418078
26.4276089323
22.2450586654
16.1279450203
10.8588702457
7.8420529749
6.53102783048
6.07808236011
6.14296992624
6.3071506892
6.1834529685
6.37698765054
8.11748623429
11.3732889627
14.153262213
14.3139109668
11.676932145
8.0602789963
