38.0835233313
38.0835234136
38.0835234957
38.0835235776
38.0835236595
38.0835237412
38.0835238228
38.0835239043
38.0835239856
38.0835240668
38.0835241479
38.0835242289
38.0835243098
38.0835243905
38.0835244711
38.0835245515
38.0835246319
38.0835247121
38.0835247921
38.0835248721
38.0835249519
38.0835250316
38.0835251112
38.0835251907
38.08352527
38.0835253492
38.0835254283
38.0835255072
38.083525586
38.0835256647
38.0835257433
38.0835258217
38.0835259001
38.0835259783
38.0835260563
38.0835261343
38.0835262121
38.0835262897
38.0835263673
38.0835264447
38.083526522
38.0835265992
38.0835266763
38.0835267532
38.08352683
38.0835269067
38.0835269832
38.0835270597
38.083527136
38.0835272121
38.0835272882
38.0835273641
38.0835274399
38.0835275155
38.0835275911
38.0835276665
38.0835277418
38.0835278169
38.083527892
38.0835279669
38.0835280417
38.0835281163
38.0835281909
38.0835282653
38.0835283395
38.0835284137
38.0835284877
38.0835285616
38.0835286354
38.083528709
38.0835287826
38.0835288559
38.0835289292
38.0835290024
38.0835290754
38.0835291483
38.083529221
38.0835292937
38.0835293662
38.0835294386
38.0835295108
38.0835295829
38.0835296549
38.0835297268
38.0835297986
38.0835298702
38.0835299417
38.0835300131
38.0835300843
38.0835301555
38.0835302264
38.0835302973
38.0835303681
38.0835304387
38.0835305092
38.0835305795
38.0835306498
38.0835307199
38.0835307899
38.0835308597
38.0835309295
38.0835309991
38.0835310686
38.0835311379
38.0835312071
38.0835312762
38.0835313452
38.0835314141
38.0835314828
38.0835315514
38.0835316199
38.0835316882
38.0835317564
38.0835318245
38.0835318925
38.0835319603
38.083532028
38.0835320956
38.0835321631
38.0835322304
38.0835322976
38.0835323647
38.0835324317
38.0835324985
38.0835325652
38.0835326318
38.0835326982
38.0835327646
38.0835328308
38.0835328968
38.0835329628
38.0835330286
38.0835330943
38.0835331599
38.0835332253
38.0835332906
38.0835333558
38.0835334209
38.0835334858
38.0835335506
38.0835336153
38.0835336799
38.0835337443
38.0835338086
38.0835338728
38.0835339368
38.0835340008
38.0835340646
38.0835341282
38.0835341918
38.0835342552
38.0835343185
38.0835343817
38.0835344447
38.0835345076
38.0835345704
38.0835346331
38.0835346956
38.0835347581
38.0835348203
38.0835348825
38.0835349445
38.0835350064
38.0835350682
38.0835351299
38.0835351914
38.0835352528
38.0835353141
38.0835353752
38.0835354363
38.0835354972
38.0835355579
38.0835356186
38.0835356791
38.0835357395
38.0835357998
38.0835358599
38.0835359199
38.0835359798
38.0835360396
38.0835360992
38.0835361587
38.0835362181
38.0835362774
38.0835363365
38.0835363955
38.0835364544
38.0835365131
38.0835365718
38.0835366303
38.0835366886
38.0835367469
38.083536805
38.083536863
38.0835369209
38.0835369786
38.0835370362
38.0835370937
38.0835371511
38.0835372083
38.0835372654
38.0835373224
38.0835373793
38.083537436
38.0835374926
38.0835375491
38.0835376055
38.0835376617
38.0835377178
38.0835377738
38.0835378296
38.0835378853
38.0835379409
38.0835379964
38.0835380518
38.083538107
38.0835381621
38.083538217
38.0835382719
38.0835383266
38.0835383812
38.0835384356
38.08353849
38.0835385442
38.0835385983
38.0835386522
38.0835387061
38.0835387598
38.0835388133
38.0835388668
38.0835389201
38.0835389733
38.0835390264
38.0835390793
38.0835391322
38.0835391849
38.0835392374
38.0835392899
38.0835393422
38.0835393944
38.0835394464
38.0835394984
38.0835395502
38.0835396019
38.0835396534
38.0835397049
38.0835397562
38.0835398073
38.0835398584
38.0835399093
38.0835399601
38.0835400108
38.0835400614
38.0835401118
38.0835401621
38.0835402122
38.0835402623
38.0835403122
38.083540362
38.0835404117
38.0835404612
38.0835405106
38.0835405599
38.0835406091
38.0835406581
38.083540707
38.0835407558
38.0835408044
38.083540853
38.0835409014
38.0835409497
38.0835409978
38.0835410458
38.0835410937
38.0835411415
38.0835411891
38.0835412367
38.0835412841
38.0835413313
38.0835413785
38.0835414255
38.0835414724
38.0835415191
38.0835415658
38.0835416123
38.0835416587
38.0835417049
38.0835417511
38.0835417971
38.0835418429
38.0835418887
38.0835419343
38.0835419798
38.0835420252
38.0835420704
38.0835421156
38.0835421606
38.0835422054
38.0835422502
38.0835422948
38.0835423393
38.0835423836
38.0835424279
38.083542472
38.083542516
38.0835425598
38.0835426036
38.0835426472
38.0835426907
38.083542734
38.0835427772
38.0835428204
38.0835428633
38.0835429062
38.0835429489
38.0835429915
38.083543034
38.0835430763
38.0835431185
38.0835431606
38.0835432026
38.0835432444
38.0835432862
38.0835433277
38.0835433692
38.0835434105
38.0835434517
38.0835434928
38.0835435338
38.0835435746
38.0835436153
38.0835436559
38.0835436964
38.0835437367
38.0835437769
38.083543817
38.0835438569
38.0835438967
38.0835439364
38.083543976
38.0835440154
38.0835440547
38.0835440939
38.083544133
38.0835441719
38.0835442107
38.0835442494
38.083544288
38.0835443264
38.0835443647
38.0835444029
38.083544441
38.0835444789
38.0835445167
38.0835445544
38.0835445919
38.0835446293
38.0835446666
38.0835447038
38.0835447409
38.0835447778
38.0835448146
38.0835448512
38.0835448878
38.0835449242
38.0835449605
38.0835449966
38.0835450327
38.0835450686
38.0835451044
38.08354514
38.0835451755
38.0835452109
38.0835452462
38.0835452814
38.0835453164
38.0835453513
38.0835453861
38.0835454207
38.0835454552
38.0835454896
38.0835455239
38.083545558
38.0835455921
38.083545626
38.0835456597
38.0835456934
38.0835457269
38.0835457602
38.0835457935
38.0835458266
38.0835458596
38.0835458925
38.0835459253
38.0835459579
38.0835459904
38.0835460228
38.083546055
38.0835460871
38.0835461191
38.083546151
38.0835461828
38.0835462144
38.0835462459
38.0835462772
38.0835463085
38.0835463396
38.0835463706
38.0835464014
38.0835464322
38.0835464628
38.0835464933
38.0835465236
38.0835465538
38.0835465839
38.0835466139
38.0835466438
38.0835466735
38.0835467031
38.0835467326
38.0835467619
38.0835467911
38.0835468202
38.0835468492
38.083546878
38.0835469067
38.0835469353
38.0835469638
38.0835469921
38.0835470203
38.0835470484
38.0835470764
38.0835471042
38.0835471319
38.0835471595
38.083547187
38.0835472143
38.0835472415
38.0835472686
38.0835472955
38.0835473223
38.083547349
38.0835473756
38.083547402
38.0835474283
38.0835474545
38.0835474806
38.0835475065
38.0835475324
38.083547558
38.0835475836
38.083547609
38.0835476343
38.0835476595
38.0835476846
38.0835477095
38.0835477343
38.083547759
38.0835477835
38.083547808
38.0835478323
38.0835478564
38.0835478805
38.0835479044
38.0835479282
38.0835479518
38.0835479754
38.0835479988
38.0835480221
38.0835480453
38.0835480683
38.0835480912
38.083548114
38.0835481366
38.0835481592
38.0835481816
38.0835482039
38.083548226
38.083548248
38.0835482699
38.0835482917
38.0835483133
38.0835483349
38.0835483563
38.0835483775
38.0835483987
38.0835484197
38.0835484406
38.0835484613
38.083548482
38.0835485025
38.0835485229
38.0835485431
38.0835485633
38.0835485833
38.0835486032
38.0835486229
38.0835486425
38.083548662
38.0835486814
38.0835487007
38.0835487198
38.0835487388
38.0835487577
38.0835487764
38.083548795
38.0835488135
38.0835488319
38.0835488501
38.0835488682
38.0835488862
38.0835489041
38.0835489218
38.0835489394
38.0835489569
38.0835489743
38.0835489915
38.0835490086
38.0835490256
38.0835490424
38.0835490591
38.0835490757
38.0835490922
38.0835491086
38.0835491248
38.0835491409
38.0835491568
38.0835491727
38.0835491884
38.083549204
38.0835492195
38.0835492348
38.08354925
38.0835492651
38.08354928
38.0835492949
38.0835493096
38.0835493242
38.0835493386
38.0835493529
38.0835493671
38.0835493812
38.0835493952
38.083549409
38.0835494227
38.0835494363
38.0835494497
38.083549463
38.0835494762
38.0835494893
38.0835495022
38.083549515
38.0835495277
38.0835495403
38.0835495527
38.083549565
38.0835495772
38.0835495893
38.0835496012
38.083549613
38.0835496247
38.0835496362
38.0835496476
38.0835496589
38.0835496701
38.0835496812
38.0835496921
38.0835497029
38.0835497135
38.0835497241
38.0835497345
38.0835497448
38.0835497549
38.083549765
38.0835497749
38.0835497847
38.0835497943
38.0835498039
38.0835498133
38.0835498225
38.0835498317
38.0835498407
38.0835498496
38.0835498584
38.0835498671
38.0835498756
38.083549884
38.0835498922
38.0835499004
38.0835499084
38.0835499163
38.0835499241
38.0835499317
38.0835499392
38.0835499466
38.0835499539
38.083549961
38.083549968
38.0835499749
38.0835499816
38.0835499883
38.0835499948
38.0835500011
38.0835500074
38.0835500135
38.0835500195
38.0835500254
38.0835500311
38.0835500367
38.0835500422
38.0835500476
38.0835500528
38.083550058
38.0835500629
38.0835500678
38.0835500725
38.0835500772
38.0835500816
38.083550086
38.0835500902
38.0835500943
38.0835500983
38.0835501022
38.0835501059
38.0835501095
38.083550113
38.0835501163
38.0835501195
38.0835501226
38.0835501256
38.0835501284
38.0835501312
38.0835501337
38.0835501362
38.0835501385
38.0835501408
38.0835501428
38.0835501448
38.0835501466
38.0835501483
38.0835501499
38.0835501514
38.0835501527
38.0835501539
38.083550155
38.0835501559
38.0835501568
38.0835501574
38.083550158
38.0835501585
38.0835501588
38.083550159
38.083550159
38.083550159
38.0835501588
38.0835501585
38.083550158
38.0835501575
38.0835501568
38.083550156
38.083550155
38.083550154
38.0835501528
38.0835501514
38.08355015
38.0835501484
38.0835501467
38.0835501449
38.0835501429
38.0835501409
38.0835501387
38.0835501363
38.0835501339
38.0835501313
38.0835501286
38.0835501257
38.0835501228
38.0835501197
38.0835501165
38.0835501131
38.0835501097
38.0835501061
38.0835501023
38.0835500985
38.0835500945
38.0835500904
38.0835500862
38.0835500819
38.0835500774
38.0835500728
38.083550068
38.0835500632
38.0835500582
38.0835500531
38.0835500479
38.0835500425
38.083550037
38.0835500314
38.0835500257
38.0835500198
38.0835500138
38.0835500077
38.0835500014
38.0835499951
38.0835499886
38.083549982
38.0835499752
38.0835499683
38.0835499613
38.0835499542
38.083549947
38.0835499396
38.0835499321
38.0835499244
38.0835499167
38.0835499088
38.0835499008
38.0835498926
38.0835498844
38.083549876
38.0835498675
38.0835498588
38.0835498501
38.0835498412
38.0835498322
38.083549823
38.0835498137
38.0835498043
38.0835497948
38.0835497852
38.0835497754
38.0835497655
38.0835497554
38.0835497453
38.083549735
38.0835497246
38.0835497141
38.0835497034
38.0835496926
38.0835496817
38.0835496707
38.0835496595
38.0835496482
38.0835496368
38.0835496252
38.0835496136
38.0835496018
38.0835495899
38.0835495778
38.0835495656
38.0835495533
38.0835495409
38.0835495284
38.0835495157
38.0835495029
38.0835494899
38.0835494769
38.0835494637
38.0835494504
38.0835494369
38.0835494234
38.0835494097
38.0835493959
38.0835493819
38.0835493679
38.0835493537
38.0835493393
38.0835493249
38.0835493103
38.0835492956
38.0835492808
38.0835492658
38.0835492508
38.0835492356
38.0835492202
38.0835492048
38.0835491892
38.0835491735
38.0835491577
38.0835491417
38.0835491256
38.0835491094
38.0835490931
38.0835490766
38.08354906
38.0835490433
38.0835490264
38.0835490095
38.0835489924
38.0835489751
38.0835489578
38.0835489403
38.0835489227
38.083548905
38.0835488871
38.0835488691
38.083548851
38.0835488328
38.0835488144
38.083548796
38.0835487774
38.0835487586
38.0835487398
38.0835487208
38.0835487016
38.0835486824
38.083548663
38.0835486435
38.0835486239
38.0835486042
38.0835485843
38.0835485643
38.0835485442
38.0835485239
38.0835485035
38.083548483
38.0835484624
38.0835484416
38.0835484208
38.0835483998
38.0835483786
38.0835483574
38.083548336
38.0835483145
38.0835482928
38.0835482711
38.0835482492
38.0835482271
38.083548205
38.0835481827
38.0835481603
38.0835481378
38.0835481152
38.0835480924
38.0835480695
38.0835480464
38.0835480233
38.083548
38.0835479766
38.0835479531
38.0835479294
38.0835479056
38.0835478817
38.0835478577
38.0835478335
38.0835478092
38.0835477848
38.0835477603
38.0835477356
38.0835477108
38.0835476859
38.0835476608
38.0835476357
38.0835476104
38.0835475849
38.0835475594
38.0835475337
38.0835475079
38.083547482
38.0835474559
38.0835474297
38.0835474034
38.083547377
38.0835473504
38.0835473237
38.0835472969
38.08354727
38.0835472429
38.0835472157
38.0835471884
38.0835471609
38.0835471334
38.0835471057
38.0835470779
38.0835470499
38.0835470218
38.0835469936
38.0835469653
38.0835469368
38.0835469083
38.0835468796
38.0835468507
38.0835468218
38.0835467927
38.0835467635
38.0835467341
38.0835467047
38.0835466751
38.0835466454
38.0835466155
38.0835465855
38.0835465554
38.0835465252
38.0835464949
38.0835464644
38.0835464338
38.0835464031
38.0835463722
38.0835463412
38.0835463101
38.0835462789
38.0835462476
38.0835462161
38.0835461845
38.0835461527
38.0835461209
38.0835460889
38.0835460568
38.0835460245
38.0835459921
38.0835459597
38.083545927
38.0835458943
38.0835458614
38.0835458284
38.0835457953
38.083545762
38.0835457287
38.0835456952
38.0835456615
38.0835456278
38.0835455939
38.0835455599
38.0835455258
38.0835454915
38.0835454571
38.0835454226
38.083545388
38.0835453532
38.0835453183
38.0835452833
38.0835452481
38.0835452129
38.0835451775
38.083545142
38.0835451063
38.0835450705
38.0835450346
38.0835449986
38.0835449625
38.0835449262
38.0835448898
38.0835448532
38.0835448166
38.0835447798
38.0835447429
38.0835447059
38.0835446687
38.0835446314
38.083544594
38.0835445564
38.0835445188
38.083544481
38.0835444431
38.083544405
38.0835443669
38.0835443286
38.0835442901
38.0835442516
38.0835442129
38.0835441741
38.0835441352
38.0835440961
38.0835440569
38.0835440176
38.0835439782
38.0835439386
38.0835438989
38.0835438591
38.0835438192
38.0835437791
38.0835437389
38.0835436986
38.0835436582
38.0835436176
38.0835435769
38.0835435361
38.0835434951
38.0835434541
38.0835434129
38.0835433715
38.0835433301
38.0835432885
38.0835432468
38.083543205
38.083543163
38.0835431209
38.0835430787
38.0835430364
38.0835429939
38.0835429513
38.0835429086
38.0835428658
38.0835428228
38.0835427797
38.0835427365
38.0835426931
38.0835426497
38.0835426061
38.0835425624
38.0835425185
38.0835424745
38.0835424304
38.0835423862
38.0835423418
38.0835422974
38.0835422527
38.083542208
38.0835421632
38.0835421182
38.0835420731
38.0835420278
38.0835419825
38.083541937
38.0835418913
38.0835418456
38.0835417997
38.0835417537
38.0835417076
38.0835416614
38.083541615
38.0835415685
38.0835415219
38.0835414751
38.0835414282
38.0835413812
38.0835413341
38.0835412868
38.0835412395
38.0835411919
38.0835411443
38.0835410965
38.0835410487
38.0835410006
38.0835409525
38.0835409042
38.0835408558
38.0835408073
38.0835407587
38.0835407099
38.083540661
38.083540612
38.0835405628
38.0835405135
38.0835404641
38.0835404146
38.083540365
38.0835403152
38.0835402653
38.0835402152
38.0835401651
38.0835401148
38.0835400644
38.0835400138
38.0835399632
38.0835399124
38.0835398615
38.0835398104
38.0835397592
38.083539708
38.0835396565
38.083539605
38.0835395533
38.0835395015
38.0835394496
38.0835393975
38.0835393453
38.083539293
38.0835392406
38.0835391881
38.0835391354
38.0835390826
38.0835390296
38.0835389766
38.0835389234
38.0835388701
38.0835388166
38.083538763
38.0835387094
38.0835386555
38.0835386016
38.0835385475
38.0835384933
38.083538439
38.0835383845
38.08353833
38.0835382753
38.0835382204
38.0835381655
38.0835381104
38.0835380552
38.0835379998
38.0835379444
38.0835378888
38.0835378331
38.0835377772
38.0835377213
38.0835376652
38.083537609
38.0835375526
38.0835374962
38.0835374396
38.0835373828
38.083537326
38.083537269
38.0835372119
38.0835371547
38.0835370973
38.0835370399
38.0835369823
38.0835369245
38.0835368667
38.0835368087
38.0835367506
38.0835366923
38.083536634
38.0835365755
38.0835365169
38.0835364581
38.0835363993
38.0835363403
38.0835362811
38.0835362219
38.0835361625
38.083536103
38.0835360434
38.0835359837
38.0835359238
38.0835358638
38.0835358036
38.0835357434
38.083535683
38.0835356225
38.0835355619
38.0835355011
38.0835354402
38.0835353792
38.0835353181
38.0835352568
38.0835351954
38.0835351339
38.0835350722
38.0835350105
38.0835349486
38.0835348866
38.0835348244
38.0835347621
38.0835346997
38.0835346372
38.0835345746
38.0835345118
38.0835344489
38.0835343858
38.0835343227
38.0835342594
38.083534196
38.0835341324
38.0835340688
38.083534005
38.0835339411
38.083533877
38.0835338129
38.0835337486
38.0835336842
38.0835336196
38.0835335549
38.0835334901
38.0835334252
38.0835333602
38.083533295
38.0835332297
38.0835331643
38.0835330987
38.083533033
38.0835329672
38.0835329013
38.0835328352
38.083532769
38.0835327027
38.0835326363
38.0835325697
38.083532503
38.0835324362
38.0835323693
38.0835323022
38.083532235
38.0835321677
38.0835321002
38.0835320326
38.0835319649
38.0835318971
38.0835318292
38.0835317611
38.0835316929
38.0835316246
38.0835315561
38.0835314875
38.0835314188
38.08353135
38.083531281
38.0835312119
38.0835311427
38.0835310734
38.0835310039
38.0835309343
38.0835308646
38.0835307947
38.0835307248
38.0835306547
38.0835305844
38.0835305141
38.0835304436
38.083530373
38.0835303023
38.0835302314
38.0835301604
38.0835300893
38.0835300181
38.0835299467
38.0835298752
38.0835298036
38.0835297319
38.08352966
38.083529588
38.0835295159
38.0835294437
38.0835293713
38.0835292988
38.0835292262
38.0835291534
38.0835290806
38.0835290076
38.0835289344
38.0835288612
38.0835287878
38.0835287143
38.0835286407
38.0835285669
38.083528493
38.083528419
38.0835283449
38.0835282706
38.0835281962
38.0835281217
38.0835280471
38.0835279723
38.0835278974
38.0835278224
38.0835277472
38.083527672
38.0835275966
38.0835275211
38.0835274454
38.0835273696
38.0835272937
38.0835272177
38.0835271415
38.0835270653
38.0835269888
38.0835269123
38.0835268357
38.0835267589
38.083526682
38.0835266049
38.0835265278
38.0835264505
38.083526373
38.0835262955
38.0835262178
38.08352614
38.0835260621
38.0835259841
38.0835259059
38.0835258276
38.0835257492
38.0835256706
38.0835255919
38.0835255131
38.0835254342
38.0835253551
38.083525276
38.0835251966
38.0835251172
38.0835250376
38.083524958
38.0835248781
38.0835247982
38.0835247181
38.0835246379
38.0835245576
38.0835244772
38.0835243966
38.0835243159
38.0835242351
38.0835241541
38.0835240731
38.0835239918
38.0835239105
38.0835238291
38.0835237475
38.0835236658
38.0835235839
38.083523502
38.0835234199
38.0835233377
38.0835232553
38.0835231729
38.0835230903
38.0835230076
38.0835229247
38.0835228418
38.0835227587
38.0835226754
38.0835225921
38.0835225086
38.083522425
38.0835223413
38.0835222574
38.0835221735
38.0835220894
38.0835220051
38.0835219208
38.0835218363
38.0835217517
38.0835216669
38.0835215821
38.0835214971
38.083521412
38.0835213267
38.0835212414
38.0835211559
38.0835210703
38.0835209845
38.0835208986
38.0835208126
38.0835207265
38.0835206403
38.0835205539
38.0835204674
38.0835203808
38.083520294
38.0835202071
38.0835201201
38.083520033
38.0835199457
38.0835198583
38.0835197708
38.0835196832
38.0835195954
38.0835195075
38.0835194195
38.0835193314
38.0835192431
38.0835191547
38.0835190662
38.0835189775
38.0835188888
38.0835187999
38.0835187108
38.0835186217
38.0835185324
38.083518443
38.0835183535
38.0835182638
38.083518174
38.0835180841
38.0835179941
38.0835179039
38.0835178136
38.0835177232
38.0835176327
38.083517542
38.0835174512
38.0835173603
38.0835172692
38.0835171781
38.0835170868
38.0835169954
38.0835169038
38.0835168121
38.0835167203
38.0835166284
38.0835165363
38.0835164442
38.0835163519
38.0835162594
38.0835161669
38.0835160742
38.0835159814
38.0835158884
38.0835157954
38.0835157022
38.0835156089
38.0835155154
38.0835154218
38.0835153281
38.0835152343
38.0835151404
38.0835150463
38.0835149521
38.0835148578
38.0835147633
38.0835146687
38.083514574
38.0835144792
38.0835143843
38.0835142892
38.083514194
38.0835140986
38.0835140032
38.0835139076
38.0835138119
38.083513716
38.0835136201
38.083513524
38.0835134277
38.0835133314
38.0835132349
38.0835131383
38.0835130416
38.0835129448
38.0835128478
38.0835127507
38.0835126535
38.0835125561
38.0835124586
38.083512361
38.0835122633
38.0835121654
38.0835120674
38.0835119693
38.0835118711
38.0835117727
38.0835116742
38.0835115756
38.0835114769
38.083511378
38.083511279
38.0835111799
38.0835110806
38.0835109813
38.0835108818
38.0835107821
38.0835106824
38.0835105825
38.0835104825
38.0835103824
38.0835102821
38.0835101817
38.0835100812
38.0835099806
38.0835098798
38.0835097789
38.0835096779
38.0835095768
38.0835094755
38.0835093741
38.0835092726
38.083509171
38.0835090692
38.0835089673
38.0835088653
38.0835087631
38.0835086609
38.0835085584
38.0835084559
38.0835083533
38.0835082505
38.0835081476
38.0835080445
38.0835079414
38.0835078381
38.0835077347
38.0835076312
38.0835075275
38.0835074237
38.0835073198
38.0835072157
38.0835071116
38.0835070073
38.0835069029
38.0835067983
38.0835066936
38.0835065888
38.0835064839
38.0835063789
38.0835062737
38.0835061684
38.083506063
38.0835059574
38.0835058517
38.0835057459
38.08350564
38.0835055339
38.0835054277
38.0835053214
38.083505215
38.0835051084
38.0835050017
38.0835048949
38.0835047879
38.0835046809
38.0835045737
38.0835044664
38.0835043589
38.0835042513
38.0835041436
38.0835040358
38.0835039279
38.0835038198
38.0835037116
38.0835036032
38.0835034948
38.0835033862
38.0835032775
38.0835031686
38.0835030597
38.0835029506
38.0835028414
38.083502732
38.0835026226
38.083502513
38.0835024033
38.0835022934
38.0835021834
38.0835020733
38.0835019631
38.0835018528
38.0835017423
38.0835016317
38.0835015209
38.0835014101
38.0835012991
38.083501188
38.0835010768
38.0835009654
38.0835008539
38.0835007423
38.0835006306
38.0835005187
38.0835004067
38.0835002946
38.0835001823
38.08350007
38.0834999575
38.0834998449
38.0834997321
38.0834996192
38.0834995062
38.0834993931
38.0834992799
38.0834991665
38.083499053
38.0834989393
38.0834988256
38.0834987117
38.0834985977
38.0834984836
38.0834983693
38.0834982549
38.0834981404
38.0834980257
38.083497911
38.0834977961
38.0834976811
38.0834975659
38.0834974506
38.0834973352
38.0834972197
38.0834971041
38.0834969883
38.0834968724
38.0834967564
38.0834966402
38.0834965239
38.0834964075
38.083496291
38.0834961743
38.0834960575
38.0834959406
38.0834958236
38.0834957064
38.0834955891
38.0834954717
38.0834953542
38.0834952365
38.0834951187
38.0834950008
38.0834948827
38.0834947646
38.0834946463
38.0834945278
38.0834944093
38.0834942906
38.0834941718
38.0834940529
38.0834939338
38.0834938146
38.0834936953
38.0834935759
38.0834934563
38.0834933366
38.0834932168
38.0834930969
38.0834929768
38.0834928566
38.0834927363
38.0834926158
38.0834924953
38.0834923746
38.0834922538
38.0834921328
38.0834920117
38.0834918905
38.0834917692
38.0834916477
38.0834915262
38.0834914044
38.0834912826
38.0834911607
38.0834910386
38.0834909164
38.083490794
38.0834906716
38.083490549
38.0834904262
38.0834903034
38.0834901804
38.0834900573
38.0834899341
38.0834898108
38.0834896873
38.0834895637
38.08348944
38.0834893161
38.0834891921
38.083489068
38.0834889438
38.0834888195
38.083488695
38.0834885704
38.0834884456
38.0834883208
38.0834881958
38.0834880707
38.0834879454
38.0834878201
38.0834876946
38.0834875689
38.0834874432
38.0834873173
38.0834871913
38.0834870652
38.083486939
38.0834868126
38.0834866861
38.0834865595
38.0834864327
38.0834863058
38.0834861788
38.0834860517
38.0834859244
38.083485797
38.0834856695
38.0834855419
38.0834854141
38.0834852862
38.0834851582
38.0834850301
38.0834849018
38.0834847734
38.0834846449
38.0834845162
38.0834843875
38.0834842586
38.0834841295
38.0834840004
38.0834838711
38.0834837417
38.0834836122
38.0834834825
38.0834833527
38.0834832228
38.0834830928
38.0834829626
38.0834828323
38.0834827019
38.0834825714
38.0834824407
38.0834823099
38.083482179
38.083482048
38.0834819168
38.0834817855
38.0834816541
38.0834815225
38.0834813909
38.0834812591
38.0834811271
38.0834809951
38.0834808629
38.0834807306
38.0834805982
38.0834804656
38.0834803329
38.0834802001
38.0834800672
38.0834799341
38.0834798009
38.0834796676
38.0834795342
38.0834794006
38.0834792669
38.0834791331
38.0834789991
38.0834788651
38.0834787309
38.0834785965
38.0834784621
38.0834783275
38.0834781928
38.083478058
38.083477923
38.0834777879
38.0834776527
38.0834775174
38.0834773819
38.0834772463
38.0834771106
38.0834769748
38.0834768388
38.0834767027
38.0834765665
38.0834764302
38.0834762937
38.0834761571
38.0834760204
38.0834758835
38.0834757466
38.0834756095
38.0834754722
38.0834753349
38.0834751974
38.0834750598
38.0834749221
38.0834747842
38.0834746462
38.0834745081
38.0834743699
38.0834742315
38.083474093
38.0834739544
38.0834738157
38.0834736768
38.0834735378
38.0834733987
38.0834732594
38.0834731201
38.0834729806
38.083472841
38.0834727012
38.0834725613
38.0834724213
38.0834722812
38.0834721409
38.0834720006
38.0834718601
38.0834717194
38.0834715787
38.0834714378
38.0834712968
38.0834711556
38.0834710144
38.083470873
38.0834707315
38.0834705898
38.083470448
38.0834703061
38.0834701641
38.083470022
38.0834698797
38.0834697373
38.0834695948
38.0834694521
38.0834693093
38.0834691664
38.0834690234
38.0834688803
38.083468737
38.0834685936
38.08346845
38.0834683064
38.0834681626
38.0834680187
38.0834678746
38.0834677305
38.0834675862
38.0834674417
38.0834672972
38.0834671525
38.0834670077
38.0834668628
38.0834667178
38.0834665726
38.0834664273
38.0834662818
38.0834661363
38.0834659906
38.0834658448
38.0834656989
38.0834655528
38.0834654066
38.0834652603
38.0834651139
38.0834649673
38.0834648206
38.0834646738
38.0834645269
38.0834643798
38.0834642326
38.0834640853
38.0834639378
38.0834637903
38.0834636426
38.0834634947
38.0834633468
38.0834631987
38.0834630505
38.0834629022
38.0834627537
38.0834626051
38.0834624564
38.0834623076
38.0834621586
38.0834620095
38.0834618603
38.083461711
38.0834615615
38.0834614119
38.0834612622
38.0834611124
38.0834609624
38.0834608123
38.0834606621
38.0834605117
38.0834603613
38.0834602107
38.0834600599
38.0834599091
38.0834597581
38.083459607
38.0834594558
38.0834593044
38.0834591529
38.0834590013
38.0834588496
38.0834586977
38.0834585457
38.0834583936
38.0834582414
38.083458089
38.0834579365
38.0834577839
38.0834576311
38.0834574783
38.0834573253
38.0834571721
38.0834570189
38.0834568655
38.083456712
38.0834565584
38.0834564046
38.0834562507
38.0834560967
38.0834559426
38.0834557883
38.083455634
38.0834554794
38.0834553248
38.08345517
38.0834550151
38.0834548601
38.083454705
38.0834545497
38.0834543943
38.0834542388
38.0834540831
38.0834539274
38.0834537715
38.0834536154
38.0834534593
38.083453303
38.0834531466
38.0834529901
38.0834528334
38.0834526766
38.0834525197
38.0834523627
38.0834522055
38.0834520482
38.0834518908
38.0834517333
38.0834515756
38.0834514178
38.0834512599
38.0834511019
38.0834509437
38.0834507854
38.083450627
38.0834504684
38.0834503097
38.0834501509
38.083449992
38.083449833
38.0834496738
38.0834495145
38.083449355
38.0834491955
38.0834490358
38.083448876
38.083448716
38.083448556
38.0834483958
38.0834482355
38.083448075
38.0834479145
38.0834477538
38.0834475929
38.083447432
38.0834472709
38.0834471097
38.0834469484
38.083446787
38.0834466254
38.0834464637
38.0834463018
38.0834461399
38.0834459778
38.0834458156
38.0834456533
38.0834454908
38.0834453282
38.0834451655
38.0834450027
38.0834448397
38.0834446766
38.0834445134
38.08344435
38.0834441866
38.083444023
38.0834438592
38.0834436954
38.0834435314
38.0834433673
38.0834432031
38.0834430387
38.0834428743
38.0834427096
38.0834425449
38.0834423801
38.0834422151
38.08344205
38.0834418847
38.0834417194
38.0834415539
38.0834413883
38.0834412225
38.0834410566
38.0834408907
38.0834407245
38.0834405583
38.0834403919
38.0834402254
38.0834400588
38.083439892
38.0834397252
38.0834395582
38.083439391
38.0834392238
38.0834390564
38.0834388889
38.0834387213
38.0834385535
38.0834383856
38.0834382176
38.0834380495
38.0834378812
38.0834377128
38.0834375443
38.0834373756
38.0834372069
38.083437038
38.0834368689
38.0834366998
38.0834365305
38.0834363611
38.0834361916
38.0834360219
38.0834358522
38.0834356823
38.0834355122
