54.0144938577
54.0144938983
54.0144939389
54.0144939795
54.01449402
54.0144940604
54.0144941009
54.0144941413
54.0144941816
54.0144942219
54.0144942622
54.0144943025
54.0144943427
54.0144943828
54.014494423
54.0144944631
54.0144945031
54.0144945431
54.0144945831
54.0144946231
54.014494663
54.0144947028
54.0144947427
54.0144947825
54.0144948222
54.0144948619
54.0144949016
54.0144949413
54.0144949809
54.0144950204
54.01449506
54.0144950995
54.0144951389
54.0144951783
54.0144952177
54.0144952571
54.0144952964
54.0144953356
54.0144953749
54.0144954141
54.0144954532
54.0144954923
54.0144955314
54.0144955705
54.0144956095
54.0144956485
54.0144956874
54.0144957263
54.0144957651
54.014495804
54.0144958427
54.0144958815
54.0144959202
54.0144959589
54.0144959975
54.0144960361
54.0144960747
54.0144961132
54.0144961517
54.0144961901
54.0144962285
54.0144962669
54.0144963052
54.0144963435
54.0144963818
54.01449642
54.0144964582
54.0144964963
54.0144965344
54.0144965725
54.0144966105
54.0144966485
54.0144966865
54.0144967244
54.0144967623
54.0144968001
54.014496838
54.0144968757
54.0144969135
54.0144969512
54.0144969888
54.0144970264
54.014497064
54.0144971016
54.0144971391
54.0144971765
54.014497214
54.0144972514
54.0144972887
54.0144973261
54.0144973633
54.0144974006
54.0144974378
54.014497475
54.0144975121
54.0144975492
54.0144975863
54.0144976233
54.0144976603
54.0144976972
54.0144977341
54.014497771
54.0144978078
54.0144978446
54.0144978814
54.0144979181
54.0144979548
54.0144979915
54.0144980281
54.0144980646
54.0144981012
54.0144981377
54.0144981741
54.0144982106
54.0144982469
54.0144982833
54.0144983196
54.0144983559
54.0144983921
54.0144984283
54.0144984645
54.0144985006
54.0144985367
54.0144985727
54.0144986087
54.0144986447
54.0144986806
54.0144987165
54.0144987524
54.0144987882
54.014498824
54.0144988598
54.0144988955
54.0144989312
54.0144989668
54.0144990024
54.0144990379
54.0144990735
54.014499109
54.0144991444
54.0144991798
54.0144992152
54.0144992505
54.0144992858
54.0144993211
54.0144993563
54.0144993915
54.0144994267
54.0144994618
54.0144994968
54.0144995319
54.0144995669
54.0144996018
54.0144996368
54.0144996717
54.0144997065
54.0144997413
54.0144997761
54.0144998108
54.0144998455
54.0144998802
54.0144999148
54.0144999494
54.014499984
54.0145000185
54.0145000529
54.0145000874
54.0145001218
54.0145001561
54.0145001905
54.0145002248
54.014500259
54.0145002932
54.0145003274
54.0145003615
54.0145003956
54.0145004297
54.0145004637
54.0145004977
54.0145005317
54.0145005656
54.0145005995
54.0145006333
54.0145006671
54.0145007009
54.0145007346
54.0145007683
54.0145008019
54.0145008355
54.0145008691
54.0145009026
54.0145009361
54.0145009696
54.014501003
54.0145010364
54.0145010698
54.0145011031
54.0145011364
54.0145011696
54.0145012028
54.014501236
54.0145012691
54.0145013022
54.0145013352
54.0145013683
54.0145014012
54.0145014342
54.0145014671
54.0145014999
54.0145015328
54.0145015656
54.0145015983
54.014501631
54.0145016637
54.0145016963
54.0145017289
54.0145017615
54.014501794
54.0145018265
54.014501859
54.0145018914
54.0145019238
54.0145019561
54.0145019884
54.0145020207
54.0145020529
54.0145020851
54.0145021172
54.0145021494
54.0145021814
54.0145022135
54.0145022455
54.0145022774
54.0145023094
54.0145023413
54.0145023731
54.0145024049
54.0145024367
54.0145024685
54.0145025002
54.0145025318
54.0145025634
54.014502595
54.0145026266
54.0145026581
54.0145026896
54.014502721
54.0145027524
54.0145027838
54.0145028151
54.0145028464
54.0145028777
54.0145029089
54.0145029401
54.0145029712
54.0145030023
54.0145030334
54.0145030644
54.0145030954
54.0145031263
54.0145031573
54.0145031881
54.014503219
54.0145032498
54.0145032806
54.0145033113
54.014503342
54.0145033726
54.0145034032
54.0145034338
54.0145034644
54.0145034949
54.0145035253
54.0145035558
54.0145035862
54.0145036165
54.0145036468
54.0145036771
54.0145037074
54.0145037376
54.0145037677
54.0145037979
54.0145038279
54.014503858
54.014503888
54.014503918
54.0145039479
54.0145039778
54.0145040077
54.0145040375
54.0145040673
54.0145040971
54.0145041268
54.0145041565
54.0145041861
54.0145042157
54.0145042453
54.0145042748
54.0145043043
54.0145043338
54.0145043632
54.0145043926
54.0145044219
54.0145044512
54.0145044805
54.0145045097
54.0145045389
54.0145045681
54.0145045972
54.0145046263
54.0145046553
54.0145046843
54.0145047133
54.0145047422
54.0145047711
54.0145048
54.0145048288
54.0145048576
54.0145048863
54.014504915
54.0145049437
54.0145049723
54.0145050009
54.0145050295
54.014505058
54.0145050865
54.0145051149
54.0145051433
54.0145051717
54.0145052
54.0145052283
54.0145052566
54.0145052848
54.014505313
54.0145053411
54.0145053692
54.0145053973
54.0145054253
54.0145054533
54.0145054813
54.0145055092
54.0145055371
54.0145055649
54.0145055927
54.0145056205
54.0145056482
54.0145056759
54.0145057036
54.0145057312
54.0145057588
54.0145057863
54.0145058138
54.0145058413
54.0145058687
54.0145058961
54.0145059235
54.0145059508
54.0145059781
54.0145060053
54.0145060325
54.0145060597
54.0145060868
54.0145061139
54.014506141
54.014506168
54.014506195
54.0145062219
54.0145062488
54.0145062757
54.0145063025
54.0145063293
54.0145063561
54.0145063828
54.0145064095
54.0145064361
54.0145064627
54.0145064893
54.0145065158
54.0145065423
54.0145065688
54.0145065952
54.0145066216
54.0145066479
54.0145066743
54.0145067005
54.0145067268
54.014506753
54.0145067791
54.0145068052
54.0145068313
54.0145068574
54.0145068834
54.0145069093
54.0145069353
54.0145069612
54.014506987
54.0145070128
54.0145070386
54.0145070644
54.0145070901
54.0145071158
54.0145071414
54.014507167
54.0145071925
54.0145072181
54.0145072435
54.014507269
54.0145072944
54.0145073198
54.0145073451
54.0145073704
54.0145073957
54.0145074209
54.0145074461
54.0145074712
54.0145074963
54.0145075214
54.0145075464
54.0145075714
54.0145075964
54.0145076213
54.0145076462
54.014507671
54.0145076958
54.0145077206
54.0145077453
54.01450777
54.0145077947
54.0145078193
54.0145078439
54.0145078685
54.014507893
54.0145079174
54.0145079419
54.0145079663
54.0145079906
54.0145080149
54.0145080392
54.0145080635
54.0145080877
54.0145081119
54.014508136
54.0145081601
54.0145081842
54.0145082082
54.0145082322
54.0145082561
54.01450828
54.0145083039
54.0145083277
54.0145083515
54.0145083753
54.014508399
54.0145084227
54.0145084463
54.0145084699
54.0145084935
54.0145085171
54.0145085405
54.014508564
54.0145085874
54.0145086108
54.0145086342
54.0145086575
54.0145086807
54.014508704
54.0145087272
54.0145087503
54.0145087735
54.0145087965
54.0145088196
54.0145088426
54.0145088656
54.0145088885
54.0145089114
54.0145089343
54.0145089571
54.0145089799
54.0145090026
54.0145090253
54.014509048
54.0145090706
54.0145090932
54.0145091158
54.0145091383
54.0145091608
54.0145091833
54.0145092057
54.014509228
54.0145092504
54.0145092727
54.0145092949
54.0145093172
54.0145093394
54.0145093615
54.0145093836
54.0145094057
54.0145094277
54.0145094497
54.0145094717
54.0145094936
54.0145095155
54.0145095373
54.0145095591
54.0145095809
54.0145096027
54.0145096244
54.014509646
54.0145096676
54.0145096892
54.0145097108
54.0145097323
54.0145097538
54.0145097752
54.0145097966
54.014509818
54.0145098393
54.0145098606
54.0145098818
54.014509903
54.0145099242
54.0145099453
54.0145099664
54.0145099875
54.0145100085
54.0145100295
54.0145100505
54.0145100714
54.0145100922
54.0145101131
54.0145101339
54.0145101546
54.0145101754
54.0145101961
54.0145102167
54.0145102373
54.0145102579
54.0145102784
54.0145102989
54.0145103194
54.0145103398
54.0145103602
54.0145103806
54.0145104009
54.0145104211
54.0145104414
54.0145104616
54.0145104817
54.0145105019
54.014510522
54.014510542
54.014510562
54.014510582
54.0145106019
54.0145106218
54.0145106417
54.0145106615
54.0145106813
54.014510701
54.0145107208
54.0145107404
54.0145107601
54.0145107797
54.0145107992
54.0145108188
54.0145108382
54.0145108577
54.0145108771
54.0145108965
54.0145109158
54.0145109351
54.0145109544
54.0145109736
54.0145109928
54.014511012
54.0145110311
54.0145110501
54.0145110692
54.0145110882
54.0145111071
54.0145111261
54.014511145
54.0145111638
54.0145111826
54.0145112014
54.0145112201
54.0145112388
54.0145112575
54.0145112761
54.0145112947
54.0145113133
54.0145113318
54.0145113502
54.0145113687
54.0145113871
54.0145114054
54.0145114238
54.0145114421
54.0145114603
54.0145114785
54.0145114967
54.0145115148
54.0145115329
54.014511551
54.014511569
54.014511587
54.014511605
54.0145116229
54.0145116408
54.0145116586
54.0145116764
54.0145116942
54.0145117119
54.0145117296
54.0145117472
54.0145117648
54.0145117824
54.0145118
54.0145118175
54.0145118349
54.0145118523
54.0145118697
54.0145118871
54.0145119044
54.0145119217
54.0145119389
54.0145119561
54.0145119733
54.0145119904
54.0145120075
54.0145120245
54.0145120416
54.0145120585
54.0145120755
54.0145120924
54.0145121092
54.0145121261
54.0145121429
54.0145121596
54.0145121763
54.014512193
54.0145122096
54.0145122262
54.0145122428
54.0145122593
54.0145122758
54.0145122923
54.0145123087
54.0145123251
54.0145123414
54.0145123577
54.014512374
54.0145123902
54.0145124064
54.0145124225
54.0145124387
54.0145124547
54.0145124708
54.0145124868
54.0145125027
54.0145125187
54.0145125346
54.0145125504
54.0145125662
54.014512582
54.0145125977
54.0145126134
54.0145126291
54.0145126447
54.0145126603
54.0145126759
54.0145126914
54.0145127069
54.0145127223
54.0145127377
54.0145127531
54.0145127684
54.0145127837
54.0145127989
54.0145128142
54.0145128293
54.0145128445
54.0145128596
54.0145128746
54.0145128897
54.0145129047
54.0145129196
54.0145129345
54.0145129494
54.0145129642
54.014512979
54.0145129938
54.0145130085
54.0145130232
54.0145130379
54.0145130525
54.0145130671
54.0145130816
54.0145130961
54.0145131106
54.014513125
54.0145131394
54.0145131537
54.0145131681
54.0145131823
54.0145131966
54.0145132108
54.0145132249
54.0145132391
54.0145132532
54.0145132672
54.0145132812
54.0145132952
54.0145133092
54.0145133231
54.0145133369
54.0145133507
54.0145133645
54.0145133783
54.014513392
54.0145134057
54.0145134193
54.0145134329
54.0145134465
54.01451346
54.0145134735
54.014513487
54.0145135004
54.0145135138
54.0145135271
54.0145135404
54.0145135537
54.0145135669
54.0145135801
54.0145135932
54.0145136064
54.0145136194
54.0145136325
54.0145136455
54.0145136584
54.0145136714
54.0145136843
54.0145136971
54.0145137099
54.0145137227
54.0145137355
54.0145137482
54.0145137608
54.0145137734
54.014513786
54.0145137986
54.0145138111
54.0145138236
54.014513836
54.0145138484
54.0145138608
54.0145138731
54.0145138854
54.0145138977
54.0145139099
54.0145139221
54.0145139342
54.0145139463
54.0145139584
54.0145139704
54.0145139824
54.0145139943
54.0145140063
54.0145140181
54.01451403
54.0145140418
54.0145140536
54.0145140653
54.014514077
54.0145140886
54.0145141002
54.0145141118
54.0145141234
54.0145141349
54.0145141463
54.0145141578
54.0145141692
54.0145141805
54.0145141918
54.0145142031
54.0145142143
54.0145142255
54.0145142367
54.0145142478
54.0145142589
54.01451427
54.014514281
54.014514292
54.0145143029
54.0145143138
54.0145143247
54.0145143355
54.0145143463
54.0145143571
54.0145143678
54.0145143785
54.0145143891
54.0145143997
54.0145144103
54.0145144208
54.0145144313
54.0145144418
54.0145144522
54.0145144625
54.0145144729
54.0145144832
54.0145144935
54.0145145037
54.0145145139
54.014514524
54.0145145342
54.0145145442
54.0145145543
54.0145145643
54.0145145742
54.0145145842
54.0145145941
54.0145146039
54.0145146137
54.0145146235
54.0145146333
54.014514643
54.0145146526
54.0145146623
54.0145146718
54.0145146814
54.0145146909
54.0145147004
54.0145147098
54.0145147192
54.0145147286
54.0145147379
54.0145147472
54.0145147565
54.0145147657
54.0145147749
54.014514784
54.0145147931
54.0145148022
54.0145148112
54.0145148202
54.0145148292
54.0145148381
54.014514847
54.0145148558
54.0145148646
54.0145148734
54.0145148821
54.0145148908
54.0145148995
54.0145149081
54.0145149167
54.0145149252
54.0145149337
54.0145149422
54.0145149506
54.014514959
54.0145149673
54.0145149757
54.0145149839
54.0145149922
54.0145150004
54.0145150086
54.0145150167
54.0145150248
54.0145150328
54.0145150409
54.0145150488
54.0145150568
54.0145150647
54.0145150725
54.0145150804
54.0145150882
54.0145150959
54.0145151036
54.0145151113
54.014515119
54.0145151266
54.0145151341
54.0145151417
54.0145151492
54.0145151566
54.014515164
54.0145151714
54.0145151788
54.0145151861
54.0145151933
54.0145152006
54.0145152077
54.0145152149
54.014515222
54.0145152291
54.0145152361
54.0145152431
54.0145152501
54.014515257
54.0145152639
54.0145152708
54.0145152776
54.0145152844
54.0145152911
54.0145152978
54.0145153045
54.0145153111
54.0145153177
54.0145153243
54.0145153308
54.0145153373
54.0145153437
54.0145153501
54.0145153565
54.0145153628
54.0145153691
54.0145153754
54.0145153816
54.0145153878
54.0145153939
54.0145154
54.0145154061
54.0145154121
54.0145154181
54.0145154241
54.01451543
54.0145154359
54.0145154417
54.0145154475
54.0145154533
54.014515459
54.0145154647
54.0145154704
54.014515476
54.0145154816
54.0145154871
54.0145154926
54.0145154981
54.0145155035
54.0145155089
54.0145155142
54.0145155196
54.0145155248
54.0145155301
54.0145155353
54.0145155405
54.0145155456
54.0145155507
54.0145155557
54.0145155608
54.0145155657
54.0145155707
54.0145155756
54.0145155805
54.0145155853
54.0145155901
54.0145155948
54.0145155995
54.0145156042
54.0145156089
54.0145156135
54.014515618
54.0145156226
54.0145156271
54.0145156315
54.0145156359
54.0145156403
54.0145156447
54.014515649
54.0145156532
54.0145156575
54.0145156617
54.0145156658
54.0145156699
54.014515674
54.0145156781
54.0145156821
54.014515686
54.01451569
54.0145156939
54.0145156977
54.0145157015
54.0145157053
54.014515709
54.0145157128
54.0145157164
54.0145157201
54.0145157236
54.0145157272
54.0145157307
54.0145157342
54.0145157376
54.014515741
54.0145157444
54.0145157477
54.014515751
54.0145157543
54.0145157575
54.0145157607
54.0145157638
54.0145157669
54.01451577
54.014515773
54.014515776
54.014515779
54.0145157819
54.0145157848
54.0145157876
54.0145157904
54.0145157932
54.0145157959
54.0145157986
54.0145158013
54.0145158039
54.0145158065
54.014515809
54.0145158115
54.014515814
54.0145158164
54.0145158188
54.0145158212
54.0145158235
54.0145158258
54.014515828
54.0145158302
54.0145158324
54.0145158345
54.0145158366
54.0145158387
54.0145158407
54.0145158427
54.0145158446
54.0145158465
54.0145158484
54.0145158502
54.014515852
54.0145158538
54.0145158555
54.0145158572
54.0145158588
54.0145158604
54.014515862
54.0145158635
54.014515865
54.0145158665
54.0145158679
54.0145158693
54.0145158706
54.0145158719
54.0145158732
54.0145158744
54.0145158756
54.0145158768
54.0145158779
54.014515879
54.01451588
54.014515881
54.014515882
54.0145158829
54.0145158838
54.0145158846
54.0145158855
54.0145158862
54.014515887
54.0145158877
54.0145158884
54.014515889
54.0145158896
54.0145158901
54.0145158907
54.0145158911
54.0145158916
54.014515892
54.0145158924
54.0145158927
54.014515893
54.0145158932
54.0145158935
54.0145158936
54.0145158938
54.0145158939
54.014515894
54.014515894
54.014515894
54.0145158939
54.0145158938
54.0145158937
54.0145158936
54.0145158934
54.0145158931
54.0145158929
54.0145158926
54.0145158922
54.0145158918
54.0145158914
54.014515891
54.0145158905
54.0145158899
54.0145158894
54.0145158888
54.0145158881
54.0145158874
54.0145158867
54.014515886
54.0145158852
54.0145158843
54.0145158835
54.0145158826
54.0145158816
54.0145158806
54.0145158796
54.0145158786
54.0145158775
54.0145158763
54.0145158752
54.0145158739
54.0145158727
54.0145158714
54.0145158701
54.0145158687
54.0145158674
54.0145158659
54.0145158645
54.0145158629
54.0145158614
54.0145158598
54.0145158582
54.0145158565
54.0145158548
54.0145158531
54.0145158513
54.0145158495
54.0145158477
54.0145158458
54.0145158439
54.0145158419
54.0145158399
54.0145158379
54.0145158358
54.0145158337
54.0145158316
54.0145158294
54.0145158272
54.0145158249
54.0145158226
54.0145158203
54.0145158179
54.0145158155
54.0145158131
54.0145158106
54.0145158081
54.0145158055
54.0145158029
54.0145158003
54.0145157976
54.0145157949
54.0145157922
54.0145157894
54.0145157866
54.0145157837
54.0145157808
54.0145157779
54.0145157749
54.0145157719
54.0145157689
54.0145157658
54.0145157627
54.0145157595
54.0145157563
54.0145157531
54.0145157498
54.0145157465
54.0145157432
54.0145157398
54.0145157364
54.0145157329
54.0145157294
54.0145157259
54.0145157223
54.0145157187
54.014515715
54.0145157114
54.0145157076
54.0145157039
54.0145157001
54.0145156963
54.0145156924
54.0145156885
54.0145156845
54.0145156806
54.0145156765
54.0145156725
54.0145156684
54.0145156643
54.0145156601
54.0145156559
54.0145156516
54.0145156473
54.014515643
54.0145156387
54.0145156343
54.0145156298
54.0145156254
54.0145156209
54.0145156163
54.0145156117
54.0145156071
54.0145156025
54.0145155978
54.014515593
54.0145155883
54.0145155835
54.0145155786
54.0145155737
54.0145155688
54.0145155639
54.0145155589
54.0145155538
54.0145155488
54.0145155436
54.0145155385
54.0145155333
54.0145155281
54.0145155228
54.0145155175
54.0145155122
54.0145155068
54.0145155014
54.014515496
54.0145154905
54.014515485
54.0145154794
54.0145154738
54.0145154682
54.0145154625
54.0145154568
54.0145154511
54.0145154453
54.0145154395
54.0145154336
54.0145154277
54.0145154218
54.0145154158
54.0145154098
54.0145154038
54.0145153977
54.0145153916
54.0145153854
54.0145153792
54.014515373
54.0145153667
54.0145153604
54.0145153541
54.0145153477
54.0145153413
54.0145153348
54.0145153283
54.0145153218
54.0145153152
54.0145153086
54.0145153019
54.0145152953
54.0145152885
54.0145152818
54.014515275
54.0145152682
54.0145152613
54.0145152544
54.0145152474
54.0145152404
54.0145152334
54.0145152264
54.0145152193
54.0145152121
54.014515205
54.0145151978
54.0145151905
54.0145151832
54.0145151759
54.0145151686
54.0145151612
54.0145151537
54.0145151463
54.0145151387
54.0145151312
54.0145151236
54.014515116
54.0145151083
54.0145151006
54.0145150929
54.0145150851
54.0145150773
54.0145150695
54.0145150616
54.0145150537
54.0145150457
54.0145150377
54.0145150297
54.0145150216
54.0145150135
54.0145150054
54.0145149972
54.014514989
54.0145149807
54.0145149724
54.0145149641
54.0145149557
54.0145149473
54.0145149389
54.0145149304
54.0145149219
54.0145149133
54.0145149047
54.0145148961
54.0145148874
54.0145148787
54.0145148699
54.0145148612
54.0145148523
54.0145148435
54.0145148346
54.0145148256
54.0145148167
54.0145148077
54.0145147986
54.0145147895
54.0145147804
54.0145147713
54.0145147621
54.0145147528
54.0145147436
54.0145147343
54.0145147249
54.0145147155
54.0145147061
54.0145146966
54.0145146871
54.0145146776
54.014514668
54.0145146584
54.0145146488
54.0145146391
54.0145146294
54.0145146196
54.0145146098
54.0145146
54.0145145901
54.0145145802
54.0145145703
54.0145145603
54.0145145503
54.0145145402
54.0145145301
54.01451452
54.0145145098
54.0145144996
54.0145144893
54.0145144791
54.0145144687
54.0145144584
54.014514448
54.0145144375
54.0145144271
54.0145144166
54.014514406
54.0145143954
54.0145143848
54.0145143742
54.0145143635
54.0145143527
54.014514342
54.0145143311
54.0145143203
54.0145143094
54.0145142985
54.0145142875
54.0145142765
54.0145142655
54.0145142544
54.0145142433
54.0145142322
54.014514221
54.0145142098
54.0145141985
54.0145141872
54.0145141759
54.0145141645
54.0145141531
54.0145141417
54.0145141302
54.0145141186
54.0145141071
54.0145140955
54.0145140839
54.0145140722
54.0145140605
54.0145140487
54.0145140369
54.0145140251
54.0145140133
54.0145140014
54.0145139894
54.0145139775
54.0145139654
54.0145139534
54.0145139413
54.0145139292
54.014513917
54.0145139048
54.0145138926
54.0145138803
54.014513868
54.0145138557
54.0145138433
54.0145138309
54.0145138184
54.0145138059
54.0145137934
54.0145137808
54.0145137682
54.0145137555
54.0145137429
54.0145137301
54.0145137174
54.0145137046
54.0145136917
54.0145136789
54.014513666
54.014513653
54.01451364
54.014513627
54.014513614
54.0145136009
54.0145135877
54.0145135745
54.0145135613
54.0145135481
54.0145135348
54.0145135215
54.0145135081
54.0145134947
54.0145134813
54.0145134678
54.0145134543
54.0145134408
54.0145134272
54.0145134136
54.0145133999
54.0145133862
54.0145133725
54.0145133587
54.0145133449
54.014513331
54.0145133171
54.0145133032
54.0145132893
54.0145132753
54.0145132612
54.0145132472
54.014513233
54.0145132189
54.0145132047
54.0145131905
54.0145131762
54.0145131619
54.0145131476
54.0145131332
54.0145131188
54.0145131044
54.0145130899
54.0145130753
54.0145130608
54.0145130462
54.0145130316
54.0145130169
54.0145130022
54.0145129874
54.0145129726
54.0145129578
54.014512943
54.0145129281
54.0145129131
54.0145128981
54.0145128831
54.0145128681
54.014512853
54.0145128379
54.0145128227
54.0145128075
54.0145127923
54.014512777
54.0145127617
54.0145127463
54.014512731
54.0145127155
54.0145127001
54.0145126846
54.014512669
54.0145126535
54.0145126379
54.0145126222
54.0145126065
54.0145125908
54.014512575
54.0145125592
54.0145125434
54.0145125275
54.0145125116
54.0145124957
54.0145124797
54.0145124637
54.0145124476
54.0145124315
54.0145124154
54.0145123992
54.014512383
54.0145123667
54.0145123504
54.0145123341
54.0145123178
54.0145123014
54.0145122849
54.0145122684
54.0145122519
54.0145122354
54.0145122188
54.0145122022
54.0145121855
54.0145121688
54.0145121521
54.0145121353
54.0145121185
54.0145121016
54.0145120848
54.0145120678
54.0145120509
54.0145120339
54.0145120168
54.0145119998
54.0145119826
54.0145119655
54.0145119483
54.0145119311
54.0145119138
54.0145118965
54.0145118792
54.0145118618
54.0145118444
54.0145118269
54.0145118095
54.0145117919
54.0145117744
54.0145117568
54.0145117391
54.0145117215
54.0145117037
54.014511686
54.0145116682
54.0145116504
54.0145116325
54.0145116146
54.0145115967
54.0145115787
54.0145115607
54.0145115426
54.0145115246
54.0145115064
54.0145114883
54.0145114701
54.0145114518
54.0145114336
54.0145114152
54.0145113969
54.0145113785
54.0145113601
54.0145113416
54.0145113231
54.0145113046
54.014511286
54.0145112674
54.0145112487
54.0145112301
54.0145112113
54.0145111926
54.0145111738
54.0145111549
54.0145111361
54.0145111171
54.0145110982
54.0145110792
54.0145110602
54.0145110411
54.014511022
54.0145110029
54.0145109837
54.0145109645
54.0145109452
54.0145109259
54.0145109066
54.0145108873
54.0145108679
54.0145108484
54.0145108289
54.0145108094
54.0145107899
54.0145107703
54.0145107507
54.014510731
54.0145107113
54.0145106916
54.0145106718
54.014510652
54.0145106321
54.0145106122
54.0145105923
54.0145105723
54.0145105523
54.0145105323
54.0145105122
54.0145104921
54.014510472
54.0145104518
54.0145104315
54.0145104113
54.014510391
54.0145103706
54.0145103503
54.0145103298
54.0145103094
54.0145102889
54.0145102684
54.0145102478
54.0145102272
54.0145102066
54.0145101859
54.0145101652
54.0145101444
54.0145101236
54.0145101028
54.014510082
54.0145100611
54.0145100401
54.0145100191
54.0145099981
54.0145099771
54.014509956
54.0145099349
54.0145099137
54.0145098925
54.0145098712
54.01450985
54.0145098287
54.0145098073
54.0145097859
54.0145097645
54.014509743
54.0145097215
54.0145097
54.0145096784
54.0145096568
54.0145096351
54.0145096134
54.0145095917
54.01450957
54.0145095481
54.0145095263
54.0145095044
54.0145094825
54.0145094606
54.0145094386
54.0145094165
54.0145093945
54.0145093724
54.0145093502
54.0145093281
54.0145093058
54.0145092836
54.0145092613
54.014509239
54.0145092166
54.0145091942
54.0145091718
54.0145091493
54.0145091268
54.0145091042
54.0145090816
54.014509059
54.0145090363
54.0145090136
54.0145089909
54.0145089681
54.0145089453
54.0145089224
54.0145088996
54.0145088766
54.0145088537
54.0145088307
54.0145088076
54.0145087845
54.0145087614
54.0145087383
54.0145087151
54.0145086918
54.0145086686
54.0145086453
54.0145086219
54.0145085986
54.0145085751
54.0145085517
54.0145085282
54.0145085047
54.0145084811
54.0145084575
54.0145084339
54.0145084102
54.0145083865
54.0145083627
54.0145083389
54.0145083151
54.0145082912
54.0145082673
54.0145082434
54.0145082194
54.0145081954
54.0145081713
54.0145081472
54.0145081231
54.0145080989
54.0145080747
54.0145080505
54.0145080262
54.0145080019
54.0145079775
54.0145079531
54.0145079287
54.0145079043
54.0145078797
54.0145078552
54.0145078306
54.014507806
54.0145077814
54.0145077567
54.0145077319
54.0145077072
54.0145076824
54.0145076575
54.0145076326
54.0145076077
54.0145075828
54.0145075578
54.0145075327
54.0145075077
54.0145074826
54.0145074574
54.0145074322
54.014507407
54.0145073818
54.0145073565
54.0145073312
54.0145073058
54.0145072804
54.0145072549
54.0145072295
54.0145072039
54.0145071784
54.0145071528
54.0145071272
54.0145071015
54.0145070758
54.01450705
54.0145070243
54.0145069984
54.0145069726
54.0145069467
54.0145069208
54.0145068948
54.0145068688
54.0145068428
54.0145068167
54.0145067906
54.0145067644
54.0145067382
54.014506712
54.0145066857
54.0145066594
54.0145066331
54.0145066067
54.0145065803
54.0145065538
54.0145065273
54.0145065008
54.0145064742
54.0145064476
54.014506421
54.0145063943
54.0145063676
54.0145063408
54.014506314
54.0145062872
54.0145062603
54.0145062334
54.0145062065
54.0145061795
54.0145061525
54.0145061254
54.0145060983
54.0145060712
54.014506044
54.0145060168
54.0145059895
54.0145059623
54.0145059349
54.0145059076
54.0145058802
54.0145058528
54.0145058253
54.0145057978
54.0145057702
54.0145057427
54.014505715
54.0145056874
54.0145056597
54.014505632
54.0145056042
54.0145055764
54.0145055485
54.0145055207
54.0145054927
54.0145054648
54.0145054368
54.0145054087
54.0145053807
54.0145053526
54.0145053244
54.0145052962
54.014505268
54.0145052398
54.0145052115
54.0145051831
54.0145051548
54.0145051264
54.0145050979
54.0145050694
54.0145050409
54.0145050124
54.0145049838
54.0145049551
54.0145049265
54.0145048977
54.014504869
54.0145048402
54.0145048114
54.0145047825
54.0145047536
54.0145047247
54.0145046957
54.0145046667
54.0145046377
54.0145046086
54.0145045795
54.0145045503
54.0145045211
54.0145044919
54.0145044626
54.0145044333
54.014504404
54.0145043746
54.0145043452
54.0145043157
54.0145042862
54.0145042567
54.0145042271
54.0145041975
54.0145041678
54.0145041382
54.0145041084
54.0145040787
54.0145040489
54.014504019
54.0145039892
54.0145039593
54.0145039293
54.0145038993
54.0145038693
54.0145038393
54.0145038092
54.014503779
54.0145037489
54.0145037186
54.0145036884
54.0145036581
54.0145036278
54.0145035974
54.014503567
54.0145035366
54.0145035061
54.0145034756
54.0145034451
54.0145034145
54.0145033839
54.0145033532
54.0145033225
54.0145032918
54.014503261
54.0145032302
54.0145031993
54.0145031685
54.0145031375
54.0145031066
54.0145030756
54.0145030445
54.0145030135
54.0145029824
54.0145029512
54.01450292
54.0145028888
54.0145028575
54.0145028262
54.0145027949
54.0145027635
54.0145027321
54.0145027007
54.0145026692
54.0145026377
54.0145026061
54.0145025745
54.0145025429
54.0145025112
54.0145024795
54.0145024477
54.0145024159
54.0145023841
54.0145023523
54.0145023204
54.0145022884
54.0145022565
54.0145022244
54.0145021924
54.0145021603
54.0145021282
54.014502096
54.0145020638
54.0145020316
54.0145019993
54.014501967
54.0145019346
54.0145019023
54.0145018698
54.0145018374
54.0145018049
54.0145017723
54.0145017398
54.0145017072
54.0145016745
54.0145016418
54.0145016091
54.0145015763
54.0145015435
54.0145015107
54.0145014778
54.0145014449
54.014501412
54.014501379
54.0145013459
54.0145013129
54.0145012798
54.0145012466
54.0145012135
54.0145011803
54.014501147
54.0145011137
54.0145010804
54.014501047
54.0145010136
54.0145009802
54.0145009467
54.0145009132
54.0145008797
54.0145008461
54.0145008124
54.0145007788
54.0145007451
54.0145007113
54.0145006776
54.0145006437
54.0145006099
54.014500576
54.0145005421
54.0145005081
54.0145004741
54.0145004401
54.014500406
54.0145003719
54.0145003377
54.0145003036
54.0145002693
54.0145002351
54.0145002008
54.0145001664
