242.905197983
241.791032861
240.678108371
239.566428647
238.455998058
237.346821196
236.238902893
235.132248224
234.026862483
232.922751225
231.819920242
230.718375574
229.618123507
228.519170581
227.421523588
226.325189575
225.230175845
224.136489963
223.044139752
221.953133301
220.863478967
219.775185359
218.688261368
217.602716153
216.518559141
215.435800033
214.354448806
213.274515709
212.196011271
211.1189463
210.043331878
208.969179376
207.896500442
206.825306999
205.755611265
204.687425739
203.620763202
202.555636724
201.492059661
200.430045655
199.369608635
198.310762819
197.253522715
196.197903117
195.143919109
194.091586069
193.040919652
191.991935813
190.944650794
189.899081125
188.855243629
187.813155412
186.772833874
185.7342967
184.697561863
183.662647628
182.629572541
181.598355438
180.569015446
179.541571959
178.516044673
177.492453561
176.47081888
175.451161167
174.433501237
173.41786019
172.404259399
171.392720517
170.383265471
169.37591646
168.370695961
167.367626721
166.366731747
165.368034326
164.371558005
163.377326599
162.385364184
161.395695096
160.408343928
159.423335535
158.440695023
157.46044775
156.482619327
155.507235616
154.534322712
153.563906967
152.596014966
151.63067354
150.667909749
149.707750888
148.750224485
147.795358294
146.843180295
145.89371869
144.947001899
144.003058563
143.061917534
142.123607868
141.188158838
140.255599917
139.325960781
138.3992713
137.475561542
136.554861765
135.637202413
134.722614117
133.811127687
132.902774109
131.997584545
131.095590329
130.19682295
129.301314071
128.40909551
127.52019924
126.634657383
125.752502212
124.873766138
123.998481714
123.126681628
122.258398698
121.39366587
120.532516209
119.674982907
118.821099256
117.970898671
117.124414666
116.281680857
115.442730961
114.607598781
113.776318212
112.948923232
112.125447898
111.30592634
110.490392759
109.678881425
108.871426657
108.068062843
107.268824416
106.473745857
105.682861689
104.896206473
104.113814799
103.335721288
102.561960583
101.792567345
101.027576247
100.26702197
99.510939204
98.7593626254
98.0123269147
97.2698667368
96.5320167422
95.7988115577
95.0702857856
94.3464739947
93.62741072
92.9131304537
92.2036676411
91.4990566779
90.7993319009
90.1045275908
89.4146779513
88.729817124
88.0499791708
87.3751980715
86.7055077203
86.0409419181
85.3815343692
84.7273186785
84.0783283398
83.434596737
82.7961571371
82.1630426881
81.5352864005
80.9129211637
80.2959797244
79.6844946885
79.0784985147
78.4780235094
77.8831018214
77.2937654362
76.7100461751
76.1319756845
75.5595854352
74.9929067152
74.4319706281
73.8768080798
73.3274497852
72.7839262563
72.2462677976
71.7145045048
71.188666255
70.6687827062
70.1548832913
69.6469972118
69.1451534354
68.64938069
68.15970746
67.6761619817
67.1987722333
66.7275659412
66.262570567
65.8038133046
65.3513210796
64.9051205375
64.4652380474
64.0316996919
63.6045312653
63.1837582696
62.7694059079
62.3614990833
61.9600623932
61.5651201217
61.176696243
60.7948144117
60.4194979608
60.0507698963
59.6886528959
59.3331693008
58.9843411174
58.6421900095
58.306737294
57.9780039419
57.6560105705
57.340777437
57.0323244445
56.7306711299
56.4358366637
56.1478398466
55.8666991047
55.5924324879
55.3250576664
55.0645919258
54.8110521659
54.5644548969
54.3248162361
54.0921519056
53.8664772268
53.6478071224
53.4361561082
53.2315382954
53.0339673824
52.8434566582
52.6600189943
52.4836668454
52.3144122464
52.1522668087
51.9972417194
51.8493477388
51.7085951972
51.5749939923
51.4485535891
51.3292830174
51.2171908679
51.1122852922
51.0145740003
50.9240642586
50.8407628889
50.7646762651
50.6958103139
50.6341705112
50.5797618823
50.5325889985
50.4926559777
50.4599664828
50.4345237188
50.416330434
50.4053889173
50.4017009978
50.405268044
50.4160909624
50.4341701976
50.4595057302
50.492097077
50.5319432909
50.5790429595
50.6333942045
50.6949946827
50.7638415838
50.8399316314
50.9232610824
51.0138257277
51.1116208895
51.2166414258
51.3288817258
51.4483357137
51.5749968463
51.7088581148
51.8499120456
51.9981506993
52.1535656717
52.3161480946
52.4858886372
52.6627775046
52.8468044411
53.0379587302
53.2362291942
53.4416041968
53.6540716443
53.8736189854
54.1002332125
54.3339008657
54.5746080304
54.8223403399
55.0770829786
55.3388206814
55.6075377362
55.8832179862
56.16584483
56.4554012248
56.7518696882
57.0552322996
57.3654707015
57.6825661029
58.0064992837
58.3372505907
58.6747999444
59.0191268404
59.3702103523
59.7280291327
60.0925614167
60.4637850256
60.8416773664
61.2262154383
61.6173758319
62.0151347334
62.419467932
62.8303508141
63.2477583724
63.6716652073
64.1020455304
64.5388731675
64.9821215607
65.4317637752
65.8877724979
66.3501200443
66.8187783608
67.2937190272
67.7749132605
68.2623319256
68.7559455248
69.2557242143
69.7616378005
70.273655748
70.7917471815
71.31588089
71.8460253314
72.3821486364
72.9242186115
73.4722027443
74.0260682075
74.5857818596
75.1513102616
75.7226196633
76.2996760197
76.8824449909
77.4708919518
78.0649819875
78.6646799062
79.2699502407
79.8807572509
80.4970649319
81.1188370178
81.7460369833
82.378628051
83.0165732024
83.6598351689
84.3083764479
84.962159302
85.6211457678
86.2852976584
86.9545765678
87.6289438795
88.3083607662
88.9927882012
89.6821869555
90.3765176095
91.0757405618
91.7798160211
92.488704021
93.2023644242
93.920756927
94.643841063
95.3715762108
96.1039215983
96.8408363071
97.5822792792
98.3282093218
99.0785851136
99.8333652032
100.592508035
101.355971924
102.123715088
102.895695637
103.671871587
104.452200861
105.236641296
106.025150651
106.817686605
107.614206774
108.414668703
109.219029884
110.027247752
110.8392797
111.655083073
112.474615183
113.297833307
114.124694702
114.9551566
115.78917622
116.626710774
117.467717469
118.312153512
119.15997612
120.011142521
120.865609959
121.723335712
122.584277075
123.448391383
124.315636012
125.185968379
126.059345956
126.935726268
127.815066904
128.697325518
129.582459839
130.470427667
131.361186886
132.254695481
133.150911514
134.04979315
134.95129866
135.855386421
136.762014926
137.671142785
138.582728733
139.496731636
140.413110488
141.33182443
142.252832742
143.176094848
144.101570343
145.029218963
145.959000616
146.890875377
147.824803494
148.760745391
149.698661677
150.638513148
151.580260792
152.523865792
153.469289533
154.416493607
155.365439808
156.316090159
157.268406889
158.222352457
159.177889544
160.134981068
161.093590177
162.053680264
163.015214965
163.978158162
164.942473989
165.908126839
166.875081358
167.843302471
168.812755354
169.783405465
170.755218528
171.728160554
172.702197832
173.677296938
174.653424738
175.630548388
176.608635344
177.587653358
178.567570486
179.548355087
180.52997584
181.512401724
182.495602036
183.479546393
184.464204733
185.449547317
186.435544732
187.422167895
188.409388057
189.397176799
190.385506044
191.374348051
192.363675419
193.353461103
194.343678392
195.33430093
196.325302705
197.316658069
198.308341721
199.300328718
200.292594479
201.285114782
202.277865766
203.270823937
204.263966162
205.257269678
206.250712098
207.244271396
208.237925915
209.231654381
210.225435886
211.219249902
212.213076272
213.206895221
214.200687349
215.194433638
216.188115444
217.181714506
218.175212953
219.168593284
220.161838383
221.154931517
222.147856337
223.140596877
224.133137554
225.125463168
226.117558902
227.109410325
228.101003388
229.092324425
230.083360149
231.074097671
232.064524469
233.054628409
234.044397736
235.033821082
236.022887452
237.011586235
237.999907199
238.987840489
239.975376629
240.962506516
241.949221424
242.935512999
243.921373268
244.906794621
245.89176982
246.876291997
247.860354652
248.843951648
249.827077216
250.809725949
251.791892797
252.773573075
253.754762451
254.735456949
255.715652943
256.695347172
257.674536708
258.653218978
259.63139175
260.609053138
261.586201594
262.562835908
263.538955203
264.514558939
265.489646901
266.464219204
267.438276283
268.411818908
269.384848151
270.357365409
271.329372388
272.300871108
273.271863891
274.242353366
275.21234246
276.181834398
277.1508327
278.119341173
279.087363916
280.054905301
281.021969997
281.988562935
282.954689325
283.920354642
284.885564628
285.850325289
286.814642885
287.778523931
288.741975192
289.705003679
290.667616644
291.629821577
292.591626198
293.553038468
294.514066559
295.474718873
296.435004025
297.394930844
298.354508364
299.313745826
300.272652669
301.231238527
302.189513222
303.147486765
304.105169345
305.062571325
306.019703251
306.976575823
307.933199911
308.889586539
309.845746885
310.801692274
311.757434176
312.712984196
313.668354077
314.623555686
315.578601016
316.533502173
317.48827139
318.442920997
319.397463429
320.351911218
321.306276996
322.260573477
323.214813461
324.169009824
325.123175518
326.077323559
327.031467029
327.985619062
328.939792847
329.894001627
330.848258678
331.80257731
332.756970873
333.711452737
334.666036295
335.620734954
336.575562132
337.530531251
338.485655736
339.440949
340.396424451
341.352095474
342.307975445
343.264077701
344.220415552
345.177002268
346.13385108
347.090975169
348.048387662
349.00610163
349.964130079
350.922485947
351.881182097
352.840231312
353.799646291
354.759439649
355.719623899
356.680211456
357.64121463
358.602645622
359.564516515
360.526839276
361.489625743
362.452887624
363.416636491
364.38088378
365.345640769
366.310918606
367.276728267
368.243080573
369.209986179
370.177455571
371.145499059
372.114126774
373.083348663
374.053174484
375.023613799
375.994675973
376.96637017
377.938705337
378.911690227
379.885333358
380.859643035
381.834627334
382.810294104
383.786650958
384.763705268
385.741464166
386.719934533
387.699123004
388.679035951
389.659679489
390.641059468
391.623181476
392.606050822
393.589672539
394.574051382
395.559191823
396.545098044
397.531773937
398.519223098
399.507448824
400.496454112
401.486241652
402.476813821
403.468172684
404.46032
405.453257197
406.446985381
407.441505335
408.436817513
409.432922034
410.429818685
411.427506912
412.425985819
413.42525417
414.425310376
415.426152499
416.427778258
417.430185005
418.433369743
419.437329105
420.442059371
421.447556449
422.453815886
423.460832854
424.468602156
425.47711822
426.486375098
427.496366466
428.507085612
429.518525459
430.530678531
431.543536972
432.55709254
433.571336604
434.586260139
435.601853736
436.618107587
437.635011492
438.652554856
439.670726687
440.689515596
441.708909788
442.728897085
443.749464894
444.770600225
445.792289684
446.814519478
447.837275407
448.860542869
449.884306856
450.908551959
451.933262358
452.958421832
453.984013749
455.010021083
456.036426392
457.063211831
458.090359147
459.117849687
460.145664389
461.173783789
462.202188015
463.230856795
464.259769451
465.288904902
466.318241669
467.347757863
468.377431208
469.407239021
470.437158216
471.467165319
472.49723645
473.527347343
474.557473332
475.587589362
476.617669985
477.647689364
478.677621272
479.707439102
480.737115849
481.766624147
482.795936228
483.825023955
484.853858811
485.882411904
486.91065397
487.938555374
488.96608611
489.993215809
491.019913738
492.0461488
493.07188954
494.097104144
495.121760456
496.145825956
497.169267779
498.192052718
499.214147222
500.235517399
501.256129021
502.27594753
503.294938032
504.313065314
505.330293832
506.346587721
507.361910811
508.376226607
509.389498308
510.401688806
511.412760691
512.422676252
513.431397489
514.438886103
515.445103512
516.450010851
517.453568973
518.455738456
519.456479604
520.455752466
521.453516814
522.449732165
523.444357786
524.437352687
525.428675637
526.418285164
527.406139556
528.392196872
529.376414941
530.358751369
531.339163547
532.317608644
533.294043635
534.268425277
535.240710134
536.210854575
537.178814778
538.144546738
539.108006271
540.069149019
541.027930453
541.984305882
542.938230456
543.889659168
544.838546862
545.78484825
546.728517895
547.66951023
548.607779559
549.543280069
550.475965825
551.405790787
552.332708806
553.256673631
554.177638923
555.095558246
556.010385083
556.92207285
557.830574876
558.735844432
559.637834724
560.536498906
561.431790079
562.323661306
563.212065606
564.096955969
564.978285359
565.856006717
566.730072971
567.600437036
568.467051834
569.32987028
570.188845298
571.043929828
571.895076833
572.742239298
573.585370241
574.424422717
575.259349825
576.090104715
576.916640589
577.738910713
578.556868414
579.370467106
580.179660267
580.984401466
581.784644361
582.580342706
583.37145036
584.157921284
584.939709562
585.716769386
586.489055084
587.256521112
588.019122056
588.776812653
589.529547791
590.277282505
591.019971991
591.757571613
592.490036907
593.217323584
593.93938754
594.656184857
595.367671814
596.073804885
596.774540756
597.469836316
598.159648679
598.843935174
599.522653362
600.19576103
600.863216213
601.524977177
602.18100245
602.831250807
603.475681282
604.114253178
604.746926065
605.373659788
605.994414472
606.609150533
607.217828676
607.820409892
608.416855486
609.007127058
609.591186529
610.168996127
610.740518401
611.305716234
611.864552827
612.416991724
612.962996806
613.502532294
614.035562767
614.562053148
615.081968724
615.595275139
616.101938407
616.601924912
617.095201412
617.581735047
618.061493337
618.534444192
619.000555915
619.459797203
619.912137152
620.357545266
620.795991453
621.227446033
621.651879743
622.069263735
622.479569588
622.882769307
623.278835323
623.667740505
624.049458156
624.423962016
624.791226274
625.151225564
625.503934967
625.84933002
626.187386713
626.518081498
626.841391284
627.15729345
627.465765837
627.766786763
628.060335011
628.346389845
628.624931004
628.895938704
629.159393654
629.415277041
629.663570536
629.904256304
630.137317005
630.362735784
630.580496288
630.790582658
630.992979538
631.187672067
631.374645895
631.553887169
631.725382546
631.889119189
632.04508477
632.193267473
632.333655988
632.466239525
632.591007803
632.707951057
632.817060038
632.918326012
633.011740767
633.097296604
633.174986345
633.244803334
633.306741433
633.360795022
633.40695901
633.445228816
633.475600395
633.498070208
633.512635248
633.51929303
633.518041585
633.508879472
633.491805767
633.46682007
633.433922502
633.393113705
633.344394836
633.28776758
633.223234135
633.150797218
633.070460067
632.982226432
632.886100583
632.782087303
632.670191888
632.550420147
632.422778403
632.287273486
632.143912735
631.992703999
631.833655633
631.66677649
631.492075937
631.309563833
631.119250542
630.921146922
630.715264328
630.50161461
630.280210107
630.051063654
629.814188564
629.569598643
629.317308178
629.057331936
628.789685162
628.51438358
628.231443383
627.940881237
627.642714277
627.336960102
627.023636774
626.702762815
626.374357202
626.038439366
625.695029194
625.344147014
624.985813603
624.620050176
624.24687839
623.866320334
623.478398528
623.083135922
622.680555891
622.270682227
621.853539148
621.429151273
620.99754364
620.558741691
620.112771272
619.659658625
619.199430389
618.732113592
618.25773565
617.776324361
617.287907903
616.792514824
616.29017405
615.780914869
615.264766924
614.741760228
614.211925138
613.675292365
613.13189296
612.581758316
612.024920163
611.461410557
610.891261883
610.31450685
609.731178475
609.141310098
608.544935362
607.942088207
607.332802875
606.717113903
606.095056115
605.466664615
604.831974788
604.19102229
603.543843047
602.890473247
602.230949335
601.565308013
600.893586228
600.215821167
599.532050257
598.84231116
598.146641761
597.445080171
596.737664714
596.024433927
595.305426553
594.580681538
593.85023802
593.11413533
592.372412983
591.625110676
590.872268272
590.113925812
589.350123498
588.580901689
587.806300898
587.026361782
586.241125146
585.450631924
584.654923188
583.854040132
583.04802407
582.236916431
581.420758758
580.599592687
579.773459963
578.942402419
578.106461978
577.265680642
576.420100494
575.569763685
574.714712433
573.854989016
572.990635767
572.12169507
571.248209353
570.370221084
569.487772757
568.600906903
567.709666075
566.814092839
565.914229777
565.010119478
564.10180453
563.18932752
562.272731024
561.352057606
560.427349811
559.498650159
558.566001136
557.6294452
556.689024765
555.744782204
554.796759837
553.844999928
552.889544684
551.930436245
550.967716684
550.001427993
549.031612093
548.058310811
547.081565896
546.101418986
545.117911635
544.131085287
543.140981279
542.147640836
541.151105062
540.15141494
539.148611328
538.142734951
537.133826397
536.121926116
535.107074413
534.089311445
533.068677206
532.045211546
531.018954146
529.989944523
528.958222022
527.923825816
526.886794898
525.847168079
524.804983983
523.760281046
522.713097508
521.663471412
520.611440602
519.557042709
518.50031516
517.44129517
516.38001974
515.316525644
514.250849443
513.18302746
512.113095798
511.041090322
509.967046661
508.891000205
507.812986108
506.733039261
505.65119432
504.567485689
503.481947514
502.394613684
501.305517828
500.214693313
499.122173239
498.027990439
496.932177475
495.834766636
494.735789933
493.635279108
492.533265606
491.429780604
490.32485499
489.218519365
488.11080404
487.00173904
485.891354089
484.779678625
483.666741784
482.552572405
481.437199029
480.320649896
479.202952944
478.084135796
476.964225782
475.843249921
474.721234922
473.598207187
472.474192804
471.349217552
470.223306897
469.096485988
467.968779662
466.840212441
465.71080853
464.58059182
463.449585873
462.317813946
461.185298971
460.052063564
458.91813002
457.783520313
456.6482561
455.512358717
454.375849177
453.238748177
452.101076091
450.962852978
449.824098565
448.68483227
447.545073191
446.404840103
445.264151466
444.123025419
442.981479786
441.839532071
440.697199465
439.554498841
438.411446759
437.268059465
436.124352895
434.980342662
433.83604408
432.691472148
431.54664156
430.4015667
429.256261647
428.110740173
426.965015751
425.81910155
424.673010438
423.526754986
422.380347469
421.23379987
420.087123864
418.940330849
417.793431932
416.646437927
415.499359365
414.352206495
413.204989285
412.057717417
410.910400304
409.763047081
408.615666609
407.468267488
406.320858032
405.173446306
404.026040108
402.878646976
401.731274189
400.583928776
399.436617509
398.289346914
397.142123271
395.994952614
394.84784074
393.700793208
392.553815345
391.406912237
390.260088749
389.113349526
387.966698983
386.820141321
385.673680525
384.527320367
383.381064412
382.234916019
381.088878346
379.942954353
378.797146806
377.651458282
376.50589116
375.360447648
374.215129768
373.069939368
371.924878121
370.779947532
369.635148942
368.49048353
367.345952319
366.201556175
365.057295818
363.91317182
362.769184618
361.625334497
360.481621621
359.338046021
358.194607602
357.051306148
355.908141327
354.765112691
353.622219686
352.47946165
351.336837823
350.194347349
349.051989283
347.909762577
346.767666118
345.625698704
344.483859059
343.342145839
342.200557632
341.059092962
339.917750299
338.776528056
337.635424598
336.494438248
335.353567285
334.212809958
333.072164471
331.931629015
330.791201751
329.650880825
328.510664367
327.370550498
326.230537335
325.09062299
323.950805584
322.811083241
321.6714541
320.531916317
319.392468073
318.253107558
317.113833009
315.974642693
314.835534913
313.696508014
312.557560391
311.41869049
310.27989681
309.141177913
308.002532422
306.863959033
305.72545651
304.587023703
303.448659524
302.310362989
301.172133196
300.033969338
298.895870706
297.75783669
296.61986679
295.481960614
294.344117882
293.206338437
292.068622239
290.93096938
289.793380071
288.655854665
287.518393653
286.380997665
285.243667479
284.106404017
282.969208357
281.832081735
280.695025544
279.558041343
278.421130858
277.284295984
276.147538799
275.010861541
273.874266647
272.737756733
271.6013346
270.465003247
269.328765864
268.192625839
267.056586764
265.920652432
264.784826846
263.649114222
262.513518984
261.378045784
260.242699477
259.107485153
257.972408126
256.837473936
255.702688358
254.568057395
253.433587292
252.299284531
251.165155836
250.031208176
248.897448765
247.763885068
246.630524805
245.497375938
244.364446696
243.231745564
242.099281286
240.967062871
239.83509959
238.70340098
237.571976851
236.440837279
235.309992613
234.179453479
233.049230778
231.919335681
230.789779644
229.660574406
228.531731984
227.403264678
226.275185075
225.147506047
224.020240751
222.893402636
221.767005436
220.64106318
219.515590184
218.390601066
217.266110718
216.142134344
215.018687436
213.89578578
212.773445461
211.65168286
210.530514653
209.409957815
208.290029617
207.170747631
206.052129725
204.934194066
203.816959124
202.700443654
201.584666722
200.46964769
199.355406217
198.241962259
197.129336072
196.017548209
194.906619516
193.796571143
192.687424526
191.579201407
190.471923814
189.365614078
188.260294809
187.155988919
186.052719613
184.950510381
183.849385005
182.749367554
181.650482385
180.552754137
179.456207739
178.360868398
177.266761605
176.173913135
175.082349026
173.992095611
172.903179488
171.815627533
170.729466889
169.644724972
168.561429465
167.479608316
166.399289737
165.320502202
164.243274442
163.167635449
162.09361447
161.021240995
159.950544774
158.881555801
157.814304318
156.748820805
155.685135984
154.623280813
153.563286486
152.505184427
151.449006288
150.394783949
149.34254951
148.292335298
147.244173841
146.198097893
145.154140416
144.112334579
143.072713753
142.03531151
141.000161619
139.967298043
138.936754932
137.908566629
136.882767653
135.859392705
134.838476666
133.820054576
132.804161655
131.790833284
130.780105002
129.772012508
128.76659165
127.763878427
126.763908979
125.766719591
124.77234668
123.780826797
122.792196625
121.806492957
120.823752719
119.844012947
118.867310788
117.893683494
116.923168422
115.955803023
114.991624842
114.030671513
113.072980752
112.118590356
111.167538196
110.219862218
109.275600419
108.334790869
107.397471693
106.463681062
105.533457197
104.60683836
103.683862848
102.764568992
101.848995148
100.937179696
100.02916103
99.124977561
98.2246677061
97.3282698762
96.4358224899
95.5473639556
94.6629326658
93.7825669991
92.9063053087
92.03418592
91.1662471268
90.3025271851
89.4430643052
88.5878966507
87.7370623366
86.8905994068
86.0485458529
85.2109395948
84.377818478
83.5492202686
82.7251826491
81.9057432127
81.0909394573
80.2808087829
79.4753884835
78.6747157425
77.8788276297
77.0877610975
76.3015529625
75.5202399216
74.743858532
73.9724452115
73.2060362304
72.4446677091
71.6883756113
70.9371957401
70.1911637328
69.4503150544
68.7146849954
67.9843086619
67.2592209799
66.5394566731
65.8250502778
65.1160361273
64.4124483477
63.7143208546
63.0216873461
62.3345813011
61.6530359709
60.9770843774
60.3067593067
59.6420933036
58.9831186692
58.3298674564
57.6823714557
57.0406622058
56.4047709813
55.7747287843
55.1505663471
54.5323141219
53.9200022802
53.3136607053
52.7133189908
52.1190064333
51.5307520294
50.9485844739
50.3725321453
49.8026231161
49.2388851398
48.6813456472
48.1300317431
47.5849702041
47.0461874702
46.5137096459
45.9875624911
45.467771421
44.9543615009
44.4473574415
43.9467835983
43.4526639585
42.9650221503
42.4838814314
42.0092646862
41.5411944229
41.0796927707
40.6247814746
40.1764818928
39.7348149945
39.2998013535
38.8714611489
38.449814158
38.0348797579
37.6266769132
37.2252241844
36.8305397189
36.4426412475
36.0615460826
35.6872711164
35.3198328162
34.9592472232
34.6055299491
34.2586961732
33.9187606409
33.5857376595
33.2596410994
32.9404843845
32.6282804984
32.3230419776
32.0247809087
31.7335089291
31.4492372224
31.1719765176
30.9017370875
30.6385287452
30.3823608447
30.1332422768
29.8911814705
29.656186385
29.4282645171
29.2074228931
28.9936680694
28.7870061325
28.5874426953
28.3949828971
28.2096314027
28.0313924011
27.8602696049
27.6962662475
27.5393850851
27.3896283947
27.2469979706
27.1114951297
26.9831207049
26.8618750489
26.7477580312
26.6407690392
26.5409069762
26.4481702633
26.3625568382
26.2840641547
26.2126891825
26.1484284093
26.0912778385
26.0412329904
25.9982889024
25.9624401301
25.9336807459
25.912004341
25.8974040259
25.8898724295
25.8894017026
25.8959835152
25.90960906
25.9302690526
25.9579537312
25.9926528596
26.0343557269
26.0830511499
26.1387274725
26.2013725695
26.2709738452
26.347518238
26.4309922179
26.5213817924
26.6186725058
26.7228494409
26.8338972208
26.9518000115
27.0765415252
27.2081050183
27.3464732973
27.4916287175
27.6435531898
27.8022281784
27.9676347059
28.1397533544
28.318564269
28.5040471586
28.6961813013
28.8949455439
29.1003183069
29.3122775876
29.5308009591
29.7558655782
29.9874481857
30.2255251103
30.4700722694
30.7210651764
30.9784789406
31.242288272
31.5124674839
31.7889904959
32.0718308396
32.3609616576
32.6563557154
32.9579853941
33.2658227032
33.5798392783
33.9000063886
34.2262949393
34.5586754753
34.8971181871
35.2415929105
35.5920691354
35.9485160073
36.3109023322
36.6791965784
37.0533668889
37.4333810736
37.8192066224
38.2108107068
38.6081601843
39.0112216035
39.4199612075
39.8343449408
40.2543384513
40.6799070947
41.1110159436
41.5476297841
41.9897131337
42.4372302311
42.8901450507
43.3484213035
43.8120224454
44.2809116779
44.7550519565
45.2344059945
45.7189362686
46.2086050222
46.7033742729
47.2032058157
47.7080612291
48.2179018854
48.7326889426
49.2523833642
49.7769459152
50.306337172
50.8405175254
51.3794471886
51.9230861986
52.4713944253
53.0243315775
53.5818572025
54.1439306979
54.7105113131
55.2815581621
55.8570302179
56.4368863248
57.0210852039
57.6095854562
58.2023455724
58.7993239317
59.4004788163
60.005768408
60.6151508013
61.2285840041
61.8460259461
62.4674344802
63.0927674006
63.7219824298
64.3550372388
64.9918894462
65.6324966261
66.2768163139
66.9248060113
67.5764231909
68.2316253051
68.8903697887
69.5526140659
70.2183155533
70.8874316768
71.55991986
72.23573754
72.9148421742
73.5971912409
74.2827422497
74.971452743
75.6632803021
76.3581825579
77.0561171905
77.7570419378
78.4609145988
79.1676930393
79.8773352071
80.5897991207
81.3050428862
82.023024698
82.7437028499
83.4670357325
84.1929818475
84.9214998042
85.6525483315
86.3860862805
87.1220726304
87.8604664914
88.6012271129
89.3443138941
90.0896863756
90.8373042533
91.5871273855
92.3391157899
93.093229658
93.8494293532
94.6076754201
95.3679285846
96.1301497655
96.8943000733
97.660340815
98.4282335115
99.1979398825
99.9694218629
100.742641609
101.517561494
102.294144125
103.072352337
103.852149201
104.633498031
105.416362385
106.200706071
106.986493151
107.773687942
108.562255033
109.352159269
110.143365771
110.935839934
111.729547432
112.524454221
113.320526544
114.117730939
114.91603423
115.715403547
116.515806319
117.317210278
118.119583468
118.92289425
119.727111296
120.532203596
121.338140468
122.144891552
122.952426821
123.760716578
124.569731464
125.379442458
126.189820881
127.000838399
127.812467026
128.624679121
129.437447409
130.25074496
131.064545206
131.87882194
132.693549318
133.508701863
134.324254465
135.140182386
135.95646126
136.773067095
137.589976278
138.407165569
139.224612125
140.042293467
140.860187511
141.678272556
142.496527288
143.314930788
144.133462521
144.952102349
145.770830527
146.589627706
147.40847493
148.227353644
149.046245686
149.865133308
150.683999146
151.502826246
152.321598055
153.140298421
153.958911598
154.777422243
155.595815416
156.414076587
157.232191626
158.050146813
158.86792883
159.685524765
160.502922121
161.320108798
162.137073101
162.953803747
163.770289855
164.58652095
165.402486962
166.218178224
167.033585478
167.848699862
168.663512921
169.478016601
170.292203247
171.106065612
171.91959684
172.732790474
173.545640457
174.358141127
175.170287215
175.982073847
176.793496539
177.604551199
178.415234125
179.225541998
180.035471886
180.845021246
181.654187913
182.462970099
183.271366398
184.079375781
184.886997587
185.694231534
186.501077704
187.307536551
188.113608891
188.919295902
189.724599123
190.529520447
191.334062132
192.138226779
192.942017338
193.745437108
194.548489732
195.351179194
