  0.1005000       83588.06       1.000000    
  0.1015000       81403.60       1.000000    
  0.1025000       79297.95       1.000000    
  0.1035000       77267.41       1.000000    
  0.1045000       75308.74       1.000000    
  0.1055000       73418.55       1.000000    
  0.1065000       71593.96       1.000000    
  0.1075000       69832.09       1.000000    
  0.1085000       68130.09       1.000000    
  0.1095000       66496.65       1.000000    
  0.1105000       64917.57       1.000000    
  0.1115000       63390.54       1.000000    
  0.1125000       61913.41       1.000000    
  0.1135000       60484.15       1.000000    
  0.1145000       59088.31       1.000000    
  0.1155000       57724.83       1.000000    
  0.1165000       56404.74       1.000000    
  0.1175000       55126.23       1.000000    
  0.1185000       53889.37       1.000000    
  0.1195000       52689.45       1.000000    
  0.1205000       51526.40       1.000000    
  0.1215000       50398.80       1.000000    
  0.1225000       49305.27       1.000000    
  0.1235000       48244.49       1.000000    
  0.1245000       47215.24       1.000000    
  0.1255000       46216.36       1.000000    
  0.1265000       45246.64       1.000000    
  0.1275000       44305.12       1.000000    
  0.1285000       43390.62       1.000000    
  0.1295000       42502.23       1.000000    
  0.1305000       41639.03       1.000000    
  0.1315000       40800.09       1.000000    
  0.1325000       39984.54       1.000000    
  0.1335000       39178.11       1.000000    
  0.1345000       38388.44       1.000000    
  0.1355000       37620.66       1.000000    
  0.1365000       36874.02       1.000000    
  0.1375000       36147.75       1.000000    
  0.1385000       35441.20       1.000000    
  0.1395000       34753.63       1.000000    
  0.1405000       34084.45       1.000000    
  0.1415000       33433.01       1.000000    
  0.1425000       32798.72       1.000000    
  0.1435000       32181.03       1.000000    
  0.1445000       31579.38       1.000000    
  0.1455000       30993.22       1.000000    
  0.1465000       30422.07       1.000000    
  0.1475000       29865.46       1.000000    
  0.1485000       29322.89       1.000000    
  0.1495000       28791.18       1.000000    
  0.1505000       28272.11       1.000000    
  0.1515000       27763.88       1.000000    
  0.1525000       27265.16       1.000000    
  0.1535000       26778.71       1.000000    
  0.1545000       26304.15       1.000000    
  0.1555000       25841.10       1.000000    
  0.1565000       25389.21       1.000000    
  0.1575000       24948.16       1.000000    
  0.1585000       24517.63       1.000000    
  0.1595000       24097.27       1.000000    
  0.1605000       23686.79       1.000000    
  0.1615000       23285.90       1.000000    
  0.1625000       22894.33       1.000000    
  0.1635000       22629.21       1.000000    
  0.1645000       22254.66       1.000000    
  0.1655000       21888.64       1.000000    
  0.1665000       21530.88       1.000000    
  0.1675000       21181.18       1.000000    
  0.1685000       20839.30       1.000000    
  0.1695000       20505.00       1.000000    
  0.1705000       20178.08       1.000000    
  0.1715000       19858.35       1.000000    
  0.1725000       19539.74       1.000000    
  0.1735000       19226.65       1.000000    
  0.1745000       18920.42       1.000000    
  0.1755000       18620.85       1.000000    
  0.1765000       18327.75       1.000000    
  0.1775000       18040.94       1.000000    
  0.1785000       17760.25       1.000000    
  0.1795000       17485.54       1.000000    
  0.1805000       17216.62       1.000000    
  0.1815000       16953.36       1.000000    
  0.1825000       16695.58       1.000000    
  0.1835000       16443.22       1.000000    
  0.1845000       16196.26       1.000000    
  0.1855000       15954.36       1.000000    
  0.1865000       15717.42       1.000000    
  0.1875000       15485.30       1.000000    
  0.1885000       15257.88       1.000000    
  0.1895000       15035.03       1.000000    
  0.1905000       14816.65       1.000000    
  0.1915000       14602.60       1.000000    
  0.1925000       14392.81       1.000000    
  0.1935000       14180.41       1.000000    
  0.1945000       13976.27       1.000000    
  0.1955000       13776.12       1.000000    
  0.1965000       13579.89       1.000000    
  0.1975000       13387.46       1.000000    
  0.1985000       13198.74       1.000000    
  0.1995000       13013.65       1.000000    
  0.2005000       12832.10       1.000000    
  0.2015000       12653.98       1.000000    
  0.2025000       12479.25       1.000000    
  0.2035000       12307.81       1.000000    
  0.2045000       12139.56       1.000000    
  0.2055000       11974.46       1.000000    
  0.2065000       11812.42       1.000000    
  0.2075000       11653.37       1.000000    
  0.2085000       11497.24       1.000000    
  0.2095000       11343.96       1.000000    
  0.2105000       11193.46       1.000000    
  0.2115000       11045.70       1.000000    
  0.2125000       10899.66       1.000000    
  0.2135000       10754.10       1.000000    
  0.2145000       10611.17       1.000000    
  0.2155000       10470.83       1.000000    
  0.2165000       10333.00       1.000000    
  0.2175000       10197.62       1.000000    
  0.2185000       10064.64       1.000000    
  0.2195000       9934.023       1.000000    
  0.2205000       9805.697       1.000000    
  0.2215000       9679.621       1.000000    
  0.2225000       9555.733       1.000000    
  0.2235000       9434.002       1.000000    
  0.2245000       9314.380       1.000000    
  0.2255000       9196.804       1.000000    
  0.2265000       9081.243       1.000000    
  0.2275000       8967.653       1.000000    
  0.2285000       8855.989       1.000000    
  0.2295000       8746.211       1.000000    
  0.2305000       8638.283       1.000000    
  0.2315000       8532.158       1.000000    
  0.2325000       8427.800       1.000000    
  0.2335000       8325.179       1.000000    
  0.2345000       8224.250       1.000000    
  0.2355000       8124.986       1.000000    
  0.2365000       8027.346       1.000000    
  0.2375000       7931.299       1.000000    
  0.2385000       7836.815       1.000000    
  0.2395000       7743.855       1.000000    
  0.2405000       7652.396       1.000000    
  0.2415000       7562.400       1.000000    
  0.2425000       7473.845       1.000000    
  0.2435000       7386.701       1.000000    
  0.2445000       7300.928       1.000000    
  0.2455000       7234.401       1.000000    
  0.2465000       7151.226       1.000000    
  0.2475000       7069.352       1.000000    
  0.2485000       6988.747       1.000000    
  0.2495000       6909.399       1.000000    
  0.2505000       6831.273       1.000000    
  0.2515000       6754.354       1.000000    
  0.2525000       6678.613       1.000000    
  0.2535000       6604.023       1.000000    
  0.2545000       6530.572       1.000000    
  0.2555000       6458.231       1.000000    
  0.2565000       6386.978       1.000000    
  0.2575000       6316.798       1.000000    
  0.2585000       6247.672       1.000000    
  0.2595000       6179.573       1.000000    
  0.2605000       6112.481       1.000000    
  0.2615000       6046.385       1.000000    
  0.2625000       5981.264       1.000000    
  0.2635000       5917.099       1.000000    
  0.2645000       5853.871       1.000000    
  0.2655000       5791.563       1.000000    
  0.2665000       5730.161       1.000000    
  0.2675000       5669.642       1.000000    
  0.2685000       5609.998       1.000000    
  0.2695000       5551.207       1.000000    
  0.2705000       5493.258       1.000000    
  0.2715000       5436.133       1.000000    
  0.2725000       5379.818       1.000000    
  0.2735000       5324.300       1.000000    
  0.2745000       5269.563       1.000000    
  0.2755000       5215.592       1.000000    
  0.2765000       5162.379       1.000000    
  0.2775000       5108.326       1.000000    
  0.2785000       5053.493       1.000000    
  0.2795000       4999.477       1.000000    
  0.2805000       4946.250       1.000000    
  0.2815000       4893.808       1.000000    
  0.2825000       5579.021       1.000000    
  0.2835000       5521.699       1.000000    
  0.2845000       5465.202       1.000000    
  0.2855000       5409.506       1.000000    
  0.2865000       5349.395       1.000000    
  0.2875000       5294.676       1.000000    
  0.2885000       5240.713       1.000000    
  0.2895000       5187.487       1.000000    
  0.2905000       5134.995       1.000000    
  0.2915000       5083.219       1.000000    
  0.2925000       5032.147       1.000000    
  0.2935000       4981.768       1.000000    
  0.2945000       4932.065       1.000000    
  0.2955000       4883.034       1.000000    
  0.2965000       4834.662       1.000000    
  0.2975000       4786.935       1.000000    
  0.2985000       4739.844       1.000000    
  0.2995000       4693.380       1.000000    
  0.3005000       4647.531       1.000000    
  0.3015000       4602.283       1.000000    
  0.3025000       4557.632       1.000000    
  0.3035000       4513.566       1.000000    
  0.3045000       4470.079       1.000000    
  0.3055000       4427.154       1.000000    
  0.3065000       4384.782       1.000000    
  0.3075000       4342.966       1.000000    
  0.3085000       4301.680       1.000000    
  0.3095000       4260.933       1.000000    
  0.3105000       4220.701       1.000000    
  0.3115000       4180.982       1.000000    
  0.3125000       4141.769       1.000000    
  0.3135000       4103.051       1.000000    
  0.3145000       4064.823       1.000000    
  0.3155000       4027.074       1.000000    
  0.3165000       3989.797       1.000000    
  0.3175000       3952.986       1.000000    
  0.3185000       3916.635       1.000000    
  0.3195000       3880.736       1.000000    
  0.3205000       3845.283       1.000000    
  0.3215000       3810.266       1.000000    
  0.3225000       3775.677       1.000000    
  0.3235000       3741.514       1.000000    
  0.3245000       3707.770       1.000000    
  0.3255000       3674.437       1.000000    
  0.3265000       3641.508       1.000000    
  0.3275000       3608.977       1.000000    
  0.3285000       3576.841       1.000000    
  0.3295000       3545.091       1.000000    
  0.3305000       3513.722       1.000000    
  0.3315000       3482.727       1.000000    
  0.3325000       3452.102       1.000000    
  0.3335000       3421.841       1.000000    
  0.3345000       3391.939       1.000000    
  0.3355000       3362.389       1.000000    
  0.3365000       3333.189       1.000000    
  0.3375000       3304.332       1.000000    
  0.3385000       3275.811       1.000000    
  0.3395000       3247.622       1.000000    
  0.3405000       3219.765       1.000000    
  0.3415000       3192.228       1.000000    
  0.3425000       3174.268       1.000000    
  0.3435000       3147.310       1.000000    
  0.3445000       3120.665       1.000000    
  0.3455000       3094.323       1.000000    
  0.3465000       3068.284       1.000000    
  0.3475000       3042.539       1.000000    
  0.3485000       3017.089       1.000000    
  0.3495000       2991.927       1.000000    
  0.3505000       2967.048       1.000000    
  0.3515000       2942.450       1.000000    
  0.3525000       2918.128       1.000000    
  0.3535000       2894.076       1.000000    
  0.3545000       2870.294       1.000000    
  0.3555000       2846.777       1.000000    
  0.3565000       2823.522       1.000000    
  0.3575000       2800.523       1.000000    
  0.3585000       2777.779       1.000000    
  0.3595000       2755.282       1.000000    
  0.3605000       2733.036       1.000000    
  0.3615000       2711.031       1.000000    
  0.3625000       2689.266       1.000000    
  0.3635000       2667.738       1.000000    
  0.3645000       2646.443       1.000000    
  0.3655000       2625.381       1.000000    
  0.3665000       2604.543       1.000000    
  0.3675000       2583.932       1.000000    
  0.3685000       2563.540       1.000000    
  0.3695000       2543.366       1.000000    
  0.3705000       2523.408       1.000000    
  0.3715000       2503.662       1.000000    
  0.3725000       2484.126       1.000000    
  0.3735000       2464.795       1.000000    
  0.3745000       2445.669       1.000000    
  0.3755000       2426.746       1.000000    
  0.3765000       2408.019       1.000000    
  0.3775000       2389.490       1.000000    
  0.3785000       2371.153       1.000000    
  0.3795000       2353.008       1.000000    
  0.3805000       2335.049       1.000000    
  0.3815000       2317.278       1.000000    
  0.3825000       2299.690       1.000000    
  0.3835000       2282.283       1.000000    
  0.3845000       2265.055       1.000000    
  0.3855000       2248.003       1.000000    
  0.3865000       2231.125       1.000000    
  0.3875000       2214.419       1.000000    
  0.3885000       2197.883       1.000000    
  0.3895000       2181.516       1.000000    
  0.3905000       2165.313       1.000000    
  0.3915000       2149.273       1.000000    
  0.3925000       2133.155       1.000000    
  0.3935000       2115.071       1.000000    
  0.3945000       2097.187       1.000000    
  0.3955000       2079.925       1.000000    
  0.3965000       2064.515       1.000000    
  0.3975000       2099.426       1.000000    
  0.3985000       2084.016       1.000000    
  0.3995000       2068.760       1.000000    
  0.4005000       2053.655       1.000000    
  0.4015000       2038.699       1.000000    
  0.4025000       2023.890       1.000000    
  0.4035000       2010.328       1.000000    
  0.4045000       1995.798       1.000000    
  0.4055000       1981.412       1.000000    
  0.4065000       1967.165       1.000000    
  0.4075000       1953.057       1.000000    
  0.4085000       1939.086       1.000000    
  0.4095000       1925.250       1.000000    
  0.4105000       1911.547       1.000000    
  0.4115000       1897.977       1.000000    
  0.4125000       1884.538       1.000000    
  0.4135000       1871.227       1.000000    
  0.4145000       1858.043       1.000000    
  0.4155000       1844.985       1.000000    
  0.4165000       1832.051       1.000000    
  0.4175000       1819.240       1.000000    
  0.4185000       1806.551       1.000000    
  0.4195000       1793.980       1.000000    
  0.4205000       1781.529       1.000000    
  0.4215000       1769.195       1.000000    
  0.4225000       1756.976       1.000000    
  0.4235000       1744.872       1.000000    
  0.4245000       1732.881       1.000000    
  0.4255000       1721.000       1.000000    
  0.4265000       1709.231       1.000000    
  0.4275000       1697.570       1.000000    
  0.4285000       1686.018       1.000000    
  0.4295000       1674.571       1.000000    
  0.4305000       1663.231       1.000000    
  0.4315000       1651.993       1.000000    
  0.4325000       1640.859       1.000000    
  0.4335000       1629.827       1.000000    
  0.4345000       1618.895       1.000000    
  0.4355000       1608.063       1.000000    
  0.4365000       1597.328       1.000000    
  0.4375000       1586.691       1.000000    
  0.4385000       1576.149       1.000000    
  0.4395000       1565.703       1.000000    
  0.4405000       1555.350       1.000000    
  0.4415000       1545.090       1.000000    
  0.4425000       1534.923       1.000000    
  0.4435000       1524.845       1.000000    
  0.4445000       1514.858       1.000000    
  0.4455000       1504.959       1.000000    
  0.4465000       1495.148       1.000000    
  0.4475000       1485.423       1.000000    
  0.4485000       1475.784       1.000000    
  0.4495000       1466.230       1.000000    
  0.4505000       1456.760       1.000000    
  0.4515000       1447.373       1.000000    
  0.4525000       1438.052       1.000000    
  0.4535000       1428.774       1.000000    
  0.4545000       1419.578       1.000000    
  0.4555000       1410.461       1.000000    
  0.4565000       1401.424       1.000000    
  0.4575000       1392.467       1.000000    
  0.4585000       1383.586       1.000000    
  0.4595000       1374.782       1.000000    
  0.4605000       1366.054       1.000000    
  0.4615000       1357.402       1.000000    
  0.4625000       1348.823       1.000000    
  0.4635000       1340.319       1.000000    
  0.4645000       1331.887       1.000000    
  0.4655000       1323.527       1.000000    
  0.4665000       1315.238       1.000000    
  0.4675000       1307.020       1.000000    
  0.4685000       1298.871       1.000000    
  0.4695000       1290.791       1.000000    
  0.4705000       1282.780       1.000000    
  0.4715000       1274.836       1.000000    
  0.4725000       1266.958       1.000000    
  0.4735000       1259.147       1.000000    
  0.4745000       1251.401       1.000000    
  0.4755000       1243.719       1.000000    
  0.4765000       1236.102       1.000000    
  0.4775000       1228.548       1.000000    
  0.4785000       1221.057       1.000000    
  0.4795000       1213.628       1.000000    
  0.4805000       1206.260       1.000000    
  0.4815000       1198.953       1.000000    
  0.4825000       1191.706       1.000000    
  0.4835000       1184.519       1.000000    
  0.4845000       1177.390       1.000000    
  0.4855000       1170.320       1.000000    
  0.4865000       1163.307       1.000000    
  0.4875000       1156.351       1.000000    
  0.4885000       1149.452       1.000000    
  0.4895000       1142.609       1.000000    
  0.4905000       1135.821       1.000000    
  0.4915000       1129.088       1.000000    
  0.4925000       1122.409       1.000000    
  0.4935000       1115.784       1.000000    
  0.4945000       1109.212       1.000000    
  0.4955000       1102.692       1.000000    
  0.4965000       1096.225       1.000000    
  0.4975000       1089.809       1.000000    
  0.4985000       1083.444       1.000000    
  0.4995000       1077.130       1.000000    
  0.5005000       1070.865       1.000000    
  0.5015000       1064.651       1.000000    
  0.5025000       1058.485       1.000000    
  0.5035000       1052.367       1.000000    
  0.5045000       1046.299       1.000000    
  0.5055000       1040.277       1.000000    
  0.5065000       1034.302       1.000000    
  0.5075000       1028.375       1.000000    
  0.5085000       1022.493       1.000000    
  0.5095000       1016.657       1.000000    
  0.5105000       1010.866       1.000000    
  0.5115000       1005.113       1.000000    
  0.5125000       999.3756       1.000000    
  0.5135000       993.6823       1.000000    
  0.5145000       988.0330       1.000000    
  0.5155000       982.4276       1.000000    
  0.5165000       976.8651       1.000000    
  0.5175000       971.3445       1.000000    
  0.5185000       965.8674       1.000000    
  0.5195000       960.4318       1.000000    
  0.5205000       955.0376       1.000000    
  0.5215000       949.6850       1.000000    
  0.5225000       944.3722       1.000000    
  0.5235000       939.1005       1.000000    
  0.5245000       933.8683       1.000000    
  0.5255000       928.7097       1.000000    
  0.5265000       923.6115       1.000000    
  0.5275000       918.5513       1.000000    
  0.5285000       913.5287       1.000000    
  0.5295000       908.5438       1.000000    
  0.5305000       903.5955       1.000000    
  0.5315000       898.6836       1.000000    
  0.5325000       893.8079       1.000000    
  0.5335000       1513.610       1.000000    
  0.5345000       1505.923       1.000000    
  0.5355000       1498.289       1.000000    
  0.5365000       1490.709       1.000000    
  0.5375000       1483.182       1.000000    
  0.5385000       1475.707       1.000000    
  0.5395000       1468.284       1.000000    
  0.5405000       1460.913       1.000000    
  0.5415000       1453.593       1.000000    
  0.5425000       1446.323       1.000000    
  0.5435000       1439.104       1.000000    
  0.5445000       1431.935       1.000000    
  0.5455000       1424.815       1.000000    
  0.5465000       1417.743       1.000000    
  0.5475000       1410.720       1.000000    
  0.5485000       1403.745       1.000000    
  0.5495000       1396.818       1.000000    
  0.5505000       1389.938       1.000000    
  0.5515000       1383.105       1.000000    
  0.5525000       1376.318       1.000000    
  0.5535000       1369.578       1.000000    
  0.5545000       1362.882       1.000000    
  0.5555000       1356.232       1.000000    
  0.5565000       1349.585       1.000000    
  0.5575000       1342.817       1.000000    
  0.5585000       1336.096       1.000000    
  0.5595000       1329.421       1.000000    
  0.5605000       1322.792       1.000000    
  0.5615000       1316.208       1.000000    
  0.5625000       1309.669       1.000000    
  0.5635000       1303.175       1.000000    
  0.5645000       1296.725       1.000000    
  0.5655000       1290.319       1.000000    
  0.5665000       1283.957       1.000000    
  0.5675000       1277.638       1.000000    
  0.5685000       1271.361       1.000000    
  0.5695000       1265.126       1.000000    
  0.5705000       1258.934       1.000000    
  0.5715000       1252.783       1.000000    
  0.5725001       1246.674       1.000000    
  0.5735000       1240.744       1.000000    
  0.5745000       1234.912       1.000000    
  0.5755000       1229.118       1.000000    
  0.5765000       1223.362       1.000000    
  0.5775000       1217.643       1.000000    
  0.5785000       1211.962       1.000000    
  0.5795000       1206.317       1.000000    
  0.5805000       1200.709       1.000000    
  0.5815000       1195.136       1.000000    
  0.5825000       1189.600       1.000000    
  0.5835000       1184.099       1.000000    
  0.5845000       1178.634       1.000000    
  0.5855000       1173.204       1.000000    
  0.5865000       1167.807       1.000000    
  0.5875000       1162.446       1.000000    
  0.5885000       1157.119       1.000000    
  0.5895000       1151.826       1.000000    
  0.5905000       1146.566       1.000000    
  0.5915000       1141.340       1.000000    
  0.5925000       1136.146       1.000000    
  0.5935000       1130.986       1.000000    
  0.5945000       1125.858       1.000000    
  0.5955001       1120.762       1.000000    
  0.5965000       1115.698       1.000000    
  0.5975000       1110.667       1.000000    
  0.5985000       1105.667       1.000000    
  0.5995000       1100.697       1.000000    
  0.6005000       1095.759       1.000000    
  0.6015000       1090.851       1.000000    
  0.6025000       1085.975       1.000000    
  0.6035000       1081.128       1.000000    
  0.6045000       1076.312       1.000000    
  0.6055000       1071.524       1.000000    
  0.6065000       1066.768       1.000000    
  0.6075000       1062.040       1.000000    
  0.6085000       1057.341       1.000000    
  0.6095001       1052.671       1.000000    
  0.6105000       1048.030       1.000000    
  0.6115000       1043.417       1.000000    
  0.6125000       1038.832       1.000000    
  0.6135000       1034.275       1.000000    
  0.6145000       1029.746       1.000000    
  0.6155000       1025.245       1.000000    
  0.6165000       1020.771       1.000000    
  0.6175000       1016.324       1.000000    
  0.6185000       1011.904       1.000000    
  0.6195000       1007.510       1.000000    
  0.6205000       1003.143       1.000000    
  0.6215000       998.8031       1.000000    
  0.6225000       994.4883       1.000000    
  0.6235000       990.1998       1.000000    
  0.6245000       985.9371       1.000000    
  0.6255000       981.6994       1.000000    
  0.6265000       977.4875       1.000000    
  0.6275000       973.3004       1.000000    
  0.6285000       969.1379       1.000000    
  0.6295000       965.0009       1.000000    
  0.6305000       960.8878       1.000000    
  0.6315000       956.7997       1.000000    
  0.6325001       952.7350       1.000000    
  0.6335000       948.6946       1.000000    
  0.6345000       944.6779       1.000000    
  0.6355000       940.6852       1.000000    
  0.6365000       936.7156       1.000000    
  0.6375000       932.7410       1.000000    
  0.6385000       928.5356       1.000000    
  0.6395000       924.3560       1.000000    
  0.6405000       920.2022       1.000000    
  0.6415000       916.0739       1.000000    
  0.6425000       911.9703       1.000000    
  0.6435000       907.8922       1.000000    
  0.6445000       903.8386       1.000000    
  0.6455000       899.8094       1.000000    
  0.6465001       895.8050       1.000000    
  0.6475000       891.8246       1.000000    
  0.6485000       887.8681       1.000000    
  0.6495000       883.9359       1.000000    
  0.6505001       880.0271       1.000000    
  0.6515000       876.1417       1.000000    
  0.6525000       872.2797       1.000000    
  0.6535000       868.4412       1.000000    
  0.6545000       864.6256       1.000000    
  0.6555001       860.8327       1.000000    
  0.6565000       857.0623       1.000000    
  0.6575000       853.3143       1.000000    
  0.6585000       849.5886       1.000000    
  0.6595001       845.8852       1.000000    
  0.6605000       842.2039       1.000000    
  0.6615000       838.5438       1.000000    
  0.6625000       834.9061       1.000000    
  0.6635000       831.2893       1.000000    
  0.6645001       827.6940       1.000000    
  0.6655000       824.1201       1.000000    
  0.6665000       820.5670       1.000000    
  0.6675000       817.0346       1.000000    
  0.6685000       813.5228       1.000000    
  0.6695001       810.0317       1.000000    
  0.6705000       806.5610       1.000000    
  0.6715000       803.1110       1.000000    
  0.6725000       799.6801       1.000000    
  0.6735001       796.2698       1.000000    
  0.6745000       792.8790       1.000000    
  0.6755000       789.5082       1.000000    
  0.6765000       786.1564       1.000000    
  0.6775000       783.0942       1.000000    
  0.6785001       780.1643       1.000000    
  0.6795000       777.2495       1.000000    
  0.6805000       774.3500       1.000000    
  0.6815000       771.4661       1.000000    
  0.6825000       768.5974       1.000000    
  0.6835001       765.7432       1.000000    
  0.6845000       762.9043       1.000000    
  0.6855000       760.0807       1.000000    
  0.6865000       757.2715       1.000000    
  0.6875001       754.4767       1.000000    
  0.6885000       751.6967       1.000000    
  0.6895000       748.9313       1.000000    
  0.6905000       746.1803       1.000000    
  0.6915000       743.4433       1.000000    
  0.6925001       740.7204       1.000000    
  0.6935000       738.0118       1.000000    
  0.6945000       735.3174       1.000000    
  0.6955000       732.6365       1.000000    
  0.6965001       729.9696       1.000000    
  0.6975001       727.3164       1.000000    
  0.6985000       724.6770       1.000000    
  0.6995000       722.0508       1.000000    
  0.7005000       719.4382       1.000000    
  0.7015001       716.8392       1.000000    
  0.7025000       714.2531       1.000000    
  0.7035000       711.6803       1.000000    
  0.7045000       709.1207       1.000000    
  0.7055000       706.4583       1.000000    
  0.7065001       703.6946       1.000000    
  0.7075000       700.9460       1.000000    
  0.7085000       761.7048       1.000000    
  0.7095000       758.9077       1.000000    
  0.7105001       756.1255       1.000000    
  0.7115000       753.3579       1.000000    
  0.7125000       750.6050       1.000000    
  0.7135000       747.8663       1.000000    
  0.7145000       745.1422       1.000000    
  0.7155001       742.4320       1.000000    
  0.7165000       739.7364       1.000000    
  0.7175000       737.0545       1.000000    
  0.7185000       734.3868       1.000000    
  0.7195001       731.7326       1.000000    
  0.7205001       729.0926       1.000000    
  0.7215000       726.4664       1.000000    
  0.7225000       723.8533       1.000000    
  0.7235000       721.2538       1.000000    
  0.7245001       718.6678       1.000000    
  0.7255000       716.0953       1.000000    
  0.7265000       713.5361       1.000000    
  0.7275000       710.9900       1.000000    
  0.7285000       708.4567       1.000000    
  0.7295001       705.9366       1.000000    
  0.7305000       703.4293       1.000000    
  0.7315000       700.9351       1.000000    
  0.7325000       698.4532       1.000000    
  0.7335001       695.9839       1.000000    
  0.7345001       693.5275       1.000000    
  0.7355000       691.0835       1.000000    
  0.7365000       688.6520       1.000000    
  0.7375000       686.2326       1.000000    
  0.7385001       683.8256       1.000000    
  0.7395000       681.4307       1.000000    
  0.7405000       679.0479       1.000000    
  0.7415000       676.6772       1.000000    
  0.7425001       674.3179       1.000000    
  0.7435001       671.9712       1.000000    
  0.7445000       669.6357       1.000000    
  0.7455000       667.3123       1.000000    
  0.7465000       665.0004       1.000000    
  0.7475001       662.7000       1.000000    
  0.7485000       660.4111       1.000000    
  0.7495000       658.1334       1.000000    
  0.7505000       655.8672       1.000000    
  0.7515000       653.6123       1.000000    
  0.7525001       651.3683       1.000000    
  0.7535000       649.1355       1.000000    
  0.7545000       646.9141       1.000000    
  0.7555000       644.7034       1.000000    
  0.7565001       642.5034       1.000000    
  0.7575001       640.3149       1.000000    
  0.7585000       638.1367       1.000000    
  0.7595000       635.9692       1.000000    
  0.7605000       633.8123       1.000000    
  0.7615001       631.6659       1.000000    
  0.7625000       629.5301       1.000000    
  0.7635000       627.4047       1.000000    
  0.7645000       625.2899       1.000000    
  0.7655000       623.1852       1.000000    
  0.7665001       621.0909       1.000000    
  0.7675000       619.0065       1.000000    
  0.7685000       616.9324       1.000000    
  0.7695000       614.8681       1.000000    
  0.7705001       612.8139       1.000000    
  0.7715001       610.7697       1.000000    
  0.7725000       608.7354       1.000000    
  0.7735000       606.7110       1.000000    
  0.7745000       604.6960       1.000000    
  0.7755001       602.6907       1.000000    
  0.7765000       601.2231       1.000000    
  0.7775000       601.0237       1.000000    
  0.7785000       600.8762       1.000000    
  0.8650000       455.4704       1.000000    
  0.8750000       441.6423       1.000000    
  0.8850000       495.9545       1.000000    
  0.8950000       481.4134       1.000000    
  0.9050000       467.4599       1.000000    
  0.9150000       454.0639       1.000000    
  0.9250000       441.1971       1.000000    
  0.9350000       428.7150       1.000000    
  0.9450000       416.6168       1.000000    
  0.9550000       404.9863       1.000000    
  0.9650000       393.8007       1.000000    
  0.9750000       383.0389       1.000000    
  0.9850000       372.6805       1.000000    
  0.9950000       362.7063       1.000000    
   1.005000       353.0983       1.000000    
   1.015000       343.7239       1.000000    
   1.025000       334.4115       1.000000    
   1.035000       325.4468       1.000000    
   1.045000       316.8791       1.000000    
   1.055000       308.7215       1.000000    
   1.065000       300.8500       1.000000    
   1.075000       293.2515       1.000000    
   1.085000       286.7571       1.000000    
   1.095000       279.6507       1.000000    
   1.105000       272.7842       1.000000    
   1.115000       266.1475       1.000000    
   1.125000       259.7307       1.000000    
   1.135000       253.5247       1.000000    
   1.145000       247.5209       1.000000    
   1.155000       241.7109       1.000000    
   1.165000       236.0868       1.000000    
   1.175000       230.6410       1.000000    
   1.185000       225.3667       1.000000    
   1.195000       220.2277       1.000000    
   1.205000       215.2363       1.000000    
   1.215000       210.3988       1.000000    
   1.225000       205.7095       1.000000    
   1.235000       201.1624       1.000000    
   1.245000       196.7522       1.000000    
   1.255000       192.4723       1.000000    
   1.265000       188.3098       1.000000    
   1.275000       184.2695       1.000000    
   1.285000       180.3471       1.000000    
   1.295000       176.5382       1.000000    
   1.305000       172.8386       1.000000    
   1.315000       182.1542       1.000000    
   1.325000       178.4263       1.000000    
   1.335000       174.8025       1.000000    
   1.345000       171.2791       1.000000    
   1.355000       167.8523       1.000000    
   1.365000       164.5193       1.000000    
   1.375000       161.2763       1.000000    
   1.385000       158.1206       1.000000    
   1.395000       155.0491       1.000000    
   1.405000       152.0590       1.000000    
   1.415000       149.1476       1.000000    
   1.425000       146.3121       1.000000    
   1.435000       143.5503       1.000000    
   1.445000       140.8596       1.000000    
   1.455000       138.2377       1.000000    
   1.465000       135.6824       1.000000    
   1.475000       133.1916       1.000000    
   1.485000       130.7632       1.000000    
   1.495000       128.3367       1.000000    
   1.505000       125.9595       1.000000    
   1.515000       123.6421       1.000000    
   1.525000       121.3824       1.000000    
   1.535000       119.1788       1.000000    
   1.545000       117.0294       1.000000    
   1.555000       114.9326       1.000000    
   1.565000       113.6852       1.000000    
   1.575000       111.6763       1.000000    
   1.585000       109.7156       1.000000    
   1.595000       107.8015       1.000000    
   1.605000       105.9328       1.000000    
   1.615000       104.1080       1.000000    
   1.625000       102.3259       1.000000    
   1.635000       100.5852       1.000000    
   1.645000       98.88470       1.000000    
   1.655000       97.22323       1.000000    
   1.665000       95.59961       1.000000    
   1.675000       94.01286       1.000000    
   1.685000       92.46186       1.000000    
   1.695000       90.94558       1.000000    
   1.705000       89.46313       1.000000    
   1.715000       88.01346       1.000000    
   1.725000       86.59566       1.000000    
   1.735000       85.20889       1.000000    
   1.745000       83.84464       1.000000    
   1.755000       82.50239       1.000000    
   1.765000       81.18929       1.000000    
   1.775000       79.90443       1.000000    
   1.785000       78.64709       1.000000    
   1.795000       77.41655       1.000000    
   1.805000       76.21204       1.000000    
   1.815000       75.03292       1.000000    
   1.825000       73.87856       1.000000    
   1.835000       72.74818       1.000000    
   1.845000       79.62597       1.000000    
   1.855000       78.43902       1.000000    
   1.865000       77.27612       1.000000    
   1.875000       76.13671       1.000000    
   1.885000       75.02019       1.000000    
   1.895000       73.92593       1.000000    
   1.905000       72.85337       1.000000    
   1.915000       71.80206       1.000000    
   1.925000       70.77137       1.000000    
   1.935000       69.76083       1.000000    
   1.945000       68.76990       1.000000    
   1.955000       67.79819       1.000000    
   1.965000       66.84513       1.000000    
   1.975000       65.91037       1.000000    
   1.985000       64.99337       1.000000    
   1.995000       64.09376       1.000000    
   2.005000       63.21109       1.000000    
   2.015000       62.34502       1.000000    
   2.025000       61.49503       1.000000    
   2.035000       60.66088       1.000000    
   2.045000       59.83921       1.000000    
   2.055000       59.02452       1.000000    
   2.065000       58.22490       1.000000    
   2.075000       57.43995       1.000000    
   2.085000       56.66938       1.000000    
   2.095000       55.91286       1.000000    
   2.105000       55.17004       1.000000    
   2.115000       54.44063       1.000000    
   2.125000       53.72431       1.000000    
   2.135000       53.02077       1.000000    
   2.145000       52.32976       1.000000    
   2.155000       51.65098       1.000000    
   2.165000       50.98414       1.000000    
   2.175000       50.32443       1.000000    
   2.185000       49.67581       1.000000    
   2.195000       49.03853       1.000000    
   2.205000       48.41234       1.000000    
   2.215000       47.79697       1.000000    
   2.225000       47.19221       1.000000    
   2.235000       46.59781       1.000000    
   2.245000       46.01357       1.000000    
   2.255000       45.43924       1.000000    
   2.265000       44.87465       1.000000    
   2.275000       44.31953       1.000000    
   2.285000       43.77374       1.000000    
   2.295000       43.23634       1.000000    
   2.305000       42.70464       1.000000    
   2.315000       42.18179       1.000000    
   2.325000       41.66758       1.000000    
   2.335000       41.16185       1.000000    
   2.345000       40.66444       1.000000    
   2.355000       40.17515       1.000000    
   2.365000       39.69381       1.000000    
   2.375000       39.22029       1.000000    
   2.385000       38.75441       1.000000    
   2.395000       38.29600       1.000000    
   2.405000       37.84494       1.000000    
   2.415000       37.40105       1.000000    
   2.425000       36.96422       1.000000    
   2.435000       36.53428       1.000000    
   2.445000       36.11111       1.000000    
   2.455000       35.69459       1.000000    
   2.465000       35.28455       1.000000    
   2.475000       37.87855       1.000000    
   2.485000       37.45172       1.000000    
   2.495000       37.03143       1.000000    
   2.505000       36.61754       1.000000    
   2.515000       36.20995       1.000000    
   2.525000       35.80851       1.000000    
   2.535000       35.41310       1.000000    
   2.545000       35.02362       1.000000    
   2.555000       34.63999       1.000000    
   2.565000       34.26204       1.000000    
   2.575000       33.88971       1.000000    
   2.585000       33.52287       1.000000    
   2.595000       33.16140       1.000000    
   2.605000       32.80525       1.000000    
   2.615000       32.45428       1.000000    
   2.625000       32.10728       1.000000    
   2.635000       31.76204       1.000000    
   2.645000       31.42182       1.000000    
   2.655000       31.08652       1.000000    
   2.665000       30.75609       1.000000    
   2.675000       30.43041       1.000000    
   2.685000       30.10938       1.000000    
   2.695000       29.79296       1.000000    
   2.705000       29.48103       1.000000    
   2.715000       29.17353       1.000000    
   2.725000       28.87037       1.000000    
   2.735000       28.57147       1.000000    
   2.745000       28.27676       1.000000    
   2.755000       27.98617       1.000000    
   2.765000       27.69962       1.000000    
   2.775000       27.41705       1.000000    
   2.785000       27.13837       1.000000    
   2.795000       26.86354       1.000000    
   2.805000       26.59248       1.000000    
   2.815000       26.32512       1.000000    
   2.825000       26.06141       1.000000    
   2.835000       25.80126       1.000000    
   2.845000       25.54464       1.000000    
   2.855000       25.29147       1.000000    
   2.865000       25.04171       1.000000    
   2.875000       24.79528       1.000000    
   2.885000       24.55214       1.000000    
   2.895000       24.31223       1.000000    
   2.905000       24.07549       1.000000    
   2.915000       23.84188       1.000000    
   2.925000       23.61133       1.000000    
   2.935000       23.38381       1.000000    
   2.945000       23.15927       1.000000    
   2.955000       22.93764       1.000000    
   2.965000       22.71888       1.000000    
   2.975000       22.50294       1.000000    
   2.985000       22.28953       1.000000    
   2.995000       22.07528       1.000000    
   3.005000       21.86381       1.000000    
   3.015000       21.65507       1.000000    
   3.025000       21.44901       1.000000    
   3.035000       21.24560       1.000000    
   3.045000       21.04479       1.000000    
   3.055000       20.84653       1.000000    
   3.065000       20.65078       1.000000    
   3.075000       20.45753       1.000000    
   3.085000       20.26670       1.000000    
   3.095000       20.07828       1.000000    
   3.105000       19.89221       1.000000    
   3.115000       19.70847       1.000000    
   3.125000       19.52702       1.000000    
   3.135000       19.34782       1.000000    
   3.145000       19.17084       1.000000    
   3.155000       18.99604       1.000000    
   3.165000       18.82339       1.000000    
   3.175000       18.65285       1.000000    
   3.185000       18.48439       1.000000    
   3.195000       18.31799       1.000000    
   3.205000       18.63381       1.000000    
   3.215000       18.46756       1.000000    
   3.225000       18.30332       1.000000    
   3.235000       18.14104       1.000000    
   3.245000       17.98071       1.000000    
   3.255000       17.82229       1.000000    
   3.265000       17.66575       1.000000    
   3.275000       17.51107       1.000000    
   3.285000       17.35822       1.000000    
   3.295000       17.20716       1.000000    
   3.305000       17.05788       1.000000    
   3.315000       16.91035       1.000000    
   3.325000       16.76454       1.000000    
   3.335000       16.62042       1.000000    
   3.345000       16.47798       1.000000    
   3.355000       16.33719       1.000000    
   3.365000       16.19801       1.000000    
   3.375000       16.06044       1.000000    
   3.385000       15.92445       1.000000    
   3.395000       15.79001       1.000000    
   3.405000       15.65710       1.000000    
   3.415000       15.52571       1.000000    
   3.425000       15.39580       1.000000    
   3.435000       15.26736       1.000000    
   3.445000       15.14036       1.000000    
   3.455000       15.01480       1.000000    
   3.465000       14.89063       1.000000    
   3.475000       14.76785       1.000000    
   3.485000       14.64644       1.000000    
   3.495000       14.52638       1.000000    
   3.505000       14.40765       1.000000    
   3.515000       14.29021       1.000000    
   3.525000       14.17408       1.000000    
   3.535000       14.05923       1.000000    
   3.545000       13.94563       1.000000    
   3.555000       13.83326       1.000000    
   3.565000       13.72212       1.000000    
   3.575000       13.61219       1.000000    
   3.585000       13.50344       1.000000    
   3.595000       13.39587       1.000000    
   3.605000       13.28945       1.000000    
   3.615000       13.18418       1.000000    
   3.625000       13.08003       1.000000    
   3.635000       12.97699       1.000000    
   3.645000       12.87505       1.000000    
   3.655000       12.77419       1.000000    
   3.665000       12.67440       1.000000    
   3.675000       12.57566       1.000000    
   3.685000       12.47796       1.000000    
   3.695000       12.38074       1.000000    
   3.705000       12.28349       1.000000    
   3.715000       12.18726       1.000000    
   3.725000       12.09204       1.000000    
   3.735000       11.99782       1.000000    
   3.745000       11.90459       1.000000    
   3.755000       11.81232       1.000000    
   3.765000       11.72102       1.000000    
   3.775000       11.63067       1.000000    
   3.785000       11.54127       1.000000    
   3.795000       11.45277       1.000000    
   3.805000       11.36519       1.000000    
   3.815000       11.27852       1.000000    
   3.825000       11.19273       1.000000    
   3.835000       11.10782       1.000000    
   3.845000       11.02377       1.000000    
   3.855000       10.94057       1.000000    
   3.865000       10.85823       1.000000    
   3.875000       10.77671       1.000000    
   3.885000       10.69602       1.000000    
   3.895000       10.61614       1.000000    
   3.905000       10.53706       1.000000    
   3.915000       10.45877       1.000000    
   3.925000       10.38127       1.000000    
   3.935000       10.30454       1.000000    
   3.945000       10.22857       1.000000    
   3.955000       10.15335       1.000000    
   3.965000       10.07887       1.000000    
   3.975000       10.00513       1.000000    
   3.985000       9.932118       1.000000    
   3.995000       9.859816       1.000000    
   4.050000       9.687997       1.000000    
   4.150000       9.025010       1.000000    
   4.250000       8.421794       1.000000    
   4.350000       7.871722       1.000000    
   4.450000       7.369042       1.000000    
   4.550000       6.907180       1.000000    
   4.650000       6.480021       1.000000    
   4.750000       6.087642       1.000000    
   4.850000       5.726562       1.000000    
   4.950000       5.393706       1.000000    
   5.050000       5.085447       1.000000    
   5.150000       4.800381       1.000000    
   5.250000       4.536382       1.000000    
   5.350000       4.291528       1.000000    
   5.450000       4.063534       1.000000    
   5.550000       3.850534       1.000000    
   5.650000       3.652244       1.000000    
   5.750000       3.467415       1.000000    
   5.850000       3.294919       1.000000    
   5.950000       3.133548       1.000000    
   6.050000       2.982428       1.000000    
   6.150000       2.840917       1.000000    
   6.250000       2.708263       1.000000    
   6.350000       2.583783       1.000000    
   6.450000       2.466853       1.000000    
   6.550000       2.356911       1.000000    
   6.650000       2.253438       1.000000    
   6.750000       2.155966       1.000000    
   6.850000       2.064064       1.000000    
   6.950000       1.977273       1.000000    
   7.050000       1.895051      0.9903484    
   7.150000       3.448479      0.9630162    
   7.250000       3.319524      0.9695447    
   7.350000       3.197103      0.9764144    
   7.450000       3.080801      0.9826369    
   7.550000       2.969637      0.9583690    
   7.650000       2.863684      0.9654149    
   7.750000       2.762853      0.9693685    
   7.850000       2.666834      0.9752408    
   7.950000       2.575337      0.9801607    
   8.050000       2.488102      0.9606156    
   8.150001       2.405123      0.9657595    
   8.250000       2.325897      0.9703879    
   8.350000       2.326628      0.9738811    
   8.450001       2.252075      0.9782225    
   8.550000       2.180771      0.9620842    
   8.650001       2.112340      0.9661978    
   8.750000       2.045325      0.9693018    
   8.850000       1.981175      0.9725738    
   8.950001       1.919738      0.9585247    
   9.050000       1.860872      0.9615889    
   9.150001       1.804437      0.9647789    
   9.250000       1.750314      0.9675906    
   9.350000       1.698378      0.9700457    
   9.450001       1.648523      0.9586712    
   9.550000       1.600643      0.9613303    
   9.650001       1.554640      0.9644951    
   9.750000       1.510422      0.9664700    
   9.850000       1.467902      0.9685424    
   9.950001       1.425148      0.9587371    
   10.05000       1.383029      0.9609309    
   10.15000       1.342552      0.9635462    
   10.25000       1.303641      0.9651257    
   10.35000       1.266217      0.9558015    
   10.45000       1.230213      0.9581559    
   10.55000       1.195562      0.9598786    
   10.65000       1.162199      0.9619595    
   10.75000       1.130067      0.9637498    
   10.85000       1.099108      0.9557288    
   10.95000       1.069269      0.9575323    
   11.05000       1.040501      0.9590663    
   11.15000       1.012756      0.9606209    
   11.25000      0.9859886      0.9619215    
   11.35000      0.9601561      0.9549032    
   11.45000      0.9352179      0.9564521    
   11.55000      0.9111366      0.9577528    
   11.65000      0.8878746      0.9590607    
   11.75000      0.8653979      0.9601351    
   11.85000      0.8436734      0.9538839    
   11.95000      0.8226698      0.9551507    
   12.05000      0.8023582      0.9564103    
   12.15000      0.7827094      0.9574456    
   12.25000      0.7636971      0.9516257    
   12.35000      0.7452955      0.9528120    
   12.45000      0.7274805      0.9537840    
   12.55000      0.7102287      0.9551316    
   12.65000      0.6935181      0.9560705    
   12.75000      0.6773278      0.9509127    
   12.85000      0.6616374      0.9515975    
   12.95000      0.6464280      0.9526265    
   13.05000      0.6316811      0.9536291    
   13.15000      0.6173794      0.9540991    
   13.25000      0.6035061      0.9496314    
   13.35000      0.5900456      0.9503551    
   13.45000      0.5769825      0.9512145    
   13.55000      0.5643018      0.9521983    
   13.65000      0.5519903      0.9477283    
   13.75000      0.5400344      0.9484589    
   13.85000      0.5284210      0.9490162    
   13.95000      0.5171384      0.9496906    
   14.05000      0.5061747      0.9503351    
   14.15000      0.4955187      0.9466225    
   14.25000      0.4851598      0.9470297    
   14.35000      0.4750876      0.9476724    
   14.45000      0.4652923      0.9482807    
   14.55000      0.4557645      0.9488543    
   14.65000      0.4464948      0.9451260    
   14.75000      0.4374751      0.9457160    
   14.85000      0.4286966      0.9462685    
   14.95000      0.4201515      0.9466698    
   15.05000      0.4118318      0.9435505    
   15.15000      0.4037304      0.9439557    
   15.25000      0.3958402      0.9443276    
   15.35000      0.3881542      0.9447721    
   15.45000      0.3806659      0.9451793    
   15.55000      0.3733689      0.9421802    
   15.65000      0.3662574      0.9423773    
   15.75000      0.3593253      0.9428404    
   15.85000      0.3525670      0.9431657    
   15.95000      0.3459771      0.9434550    
   16.05000      0.3395503      0.9409196    
   16.15000      0.3332819      0.9411882    
   16.25000      0.3271669      0.9414213    
   16.35000      0.3212004      0.9417073    
   16.45000      0.3153782      0.9391035    
   16.55000      0.3096958      0.9394499    
   16.65000      0.3041491      0.9396720    
   16.75000      0.2987342      0.9400213    
   16.85000      0.2934470      0.9401678    
   16.95000      0.2882838      0.9379072    
   17.05000      0.2832410      0.9381801    
   17.15000      0.2783152      0.9384126    
   17.25000      0.2735030      0.9384559    
   17.35000      0.2688010      0.9386140    
   17.45000      0.2642063      0.9364132    
   17.55000      0.2597156      0.9363930    
   17.65000      0.2553261      0.9367616    
   17.75000      0.2510351      0.9369473    
   17.85000      0.2468395      0.9369575    
   17.95000      0.2427370      0.9349333    
   18.05000      0.2387249      0.9350404    
   18.15000      0.2348007      0.9353681    
   18.25000      0.2309621      0.9352701    
   18.35000      0.2272067      0.9333920    
   18.45000      0.2235323      0.9333826    
   18.55000      0.2199367      0.9334602    
   18.65000      0.2164177      0.9336193    
   18.75000      0.2129735      0.9337383    
   18.85000      0.2096020      0.9318575    
   18.95000      0.2063012      0.9319298    
   19.05000      0.2030693      0.9320767    
   19.15000      0.1999047      0.9321831    
   19.25000      0.1968055      0.9320338    
   19.35000      0.1937700      0.9304660    
   19.45000      0.1907966      0.9304858    
   19.55000      0.1878837      0.9305732    
   19.65000      0.1850298      0.9306216    
   19.75000      0.1822335      0.9290254    
   19.85000      0.1794932      0.9290239    
   19.95000      0.1768075      0.9289860    
   20.05000      0.1741752      0.9289134    
   20.15000      0.1715949      0.9289012    
   20.25000      0.1690652      0.9274539    
   20.35000      0.1665851      0.9274833    
   20.45000      0.1641532      0.9275661    
   20.55000      0.1617685      0.9274317    
   20.65000      0.1594297      0.9274410    
   20.75000      0.1571358      0.9260253    
   20.85000      0.1548857      0.9259822    
   20.95000      0.1526783      0.9260727    
   21.05000      0.1505127      0.9258749    
   21.15000      0.1483878      0.9258928    
   21.25000      0.1463028      0.9245800    
   21.35000      0.1442566      0.9245434    
   21.45000      0.1422484      0.9244718    
   21.55000      0.1402774      0.9243661    
   21.65000      0.1383425      0.9231566    
   21.75000      0.1364431      0.9229997    
   21.85000      0.1345783      0.9229612    
   21.95000      0.1327473      0.9230344    
   22.05000      0.1309494      0.9228526    
   22.15000      0.1291839      0.9216391    
   22.25000      0.1274499      0.9215507    
   22.35000      0.1257468      0.9214993    
   22.45000      0.1240739      0.9214826    
   22.55000      0.1224305      0.9212272    
   22.65000      0.1208161      0.9200733    
   22.75000      0.1192299      0.9200372    
   22.85000      0.1176714      0.9199672    
   22.95000      0.1161399      0.9199284    
   23.05000      0.1146348      0.9187751    
   23.15000      0.1131557      0.9186834    
   23.25000      0.1117019      0.9185591    
   23.35000      0.1102729      0.9184647    
   23.45000      0.1088681      0.9183984    
   23.55000      0.1074872      0.9172257    
   23.65000      0.1061295      0.9171676    
   23.75000      0.1047945      0.9171346    
   23.85000      0.1034819      0.9168959    
   23.95000      0.1021910      0.9168564    
   24.05000      0.1009216      0.9157749    
   24.15000      9.9673122E-02  0.9156827    
   24.25000      9.8445125E-02  0.9156137    
   24.35000      9.7237222E-02  0.9154590    
   24.45000      9.6048981E-02  0.9144739    
   24.55000      9.4880037E-02  0.9143229    
   24.65000      9.3730018E-02  0.9141946    
   24.75000      9.2598476E-02  0.9140875    
   24.85000      9.1485083E-02  0.9138994    
   24.95000      9.0389445E-02  0.9129788    
   25.05000      8.9311250E-02  0.9127926    
   25.15000      8.8250153E-02  0.9127256    
   25.25000      8.7205783E-02  0.9126276    
   25.35000      8.6177826E-02  0.9124035    
   25.45000      8.5165963E-02  0.9115834    
   25.55000      8.4169865E-02  0.9113593    
   25.65000      8.3189279E-02  0.9112013    
   25.75000      8.2223840E-02  0.9111521    
   25.85000      8.1273280E-02  0.9109365    
   25.95000      8.0337331E-02  0.9101121    
   26.05000      7.9415657E-02  0.9098947    
   26.15000      7.8508079E-02  0.9097382    
   26.25000      7.7614255E-02  0.9095975    
   26.35000      7.6733954E-02  0.9087009    
   26.45000      7.5866908E-02  0.9085974    
   26.55000      7.5012863E-02  0.9084235    
   26.65000      7.4171625E-02  0.9082642    
   26.75000      7.3342897E-02  0.9081185    
   26.85000      7.2526470E-02  0.9072570    
   26.95000      7.1722120E-02  0.9071452    
   27.05000      7.0929617E-02  0.9070054    
   27.15000      7.0148751E-02  0.9067601    
   27.25000      6.9379300E-02  0.9066449    
   27.35000      6.8621062E-02  0.9057738    
   27.45000      6.7873828E-02  0.9056883    
   27.55000      6.7137413E-02  0.9055000    
   27.65000      6.6411614E-02  0.9052860    
   27.75000      6.5696232E-02  0.9045696    
   27.85000      6.4991087E-02  0.9043477    
   27.95000      6.4296000E-02  0.9042093    
   28.05000      6.3610792E-02  0.9040448    
   28.15000      6.2935285E-02  0.9038195    
   28.25000      6.2269308E-02  0.9031171    
   28.35000      6.1612699E-02  0.9028836    
   28.45000      6.0965281E-02  0.9027282    
   28.55000      6.0326904E-02  0.9025485    
   28.65000      5.9697416E-02  0.9023434    
   28.75000      5.9076648E-02  0.9016843    
   28.85000      5.8464460E-02  0.9014691    
   28.95000      5.7860702E-02  0.9012951    
   29.05000      5.7265230E-02  0.9010969    
   29.15000      5.6677893E-02  0.9008749    
   29.25000      5.6098565E-02  0.9002210    
   29.35000      5.5527113E-02  0.8999885    
   29.45000      5.4963384E-02  0.8998566    
   29.55000      5.4407269E-02  0.8996697    
   29.65000      5.3858645E-02  0.8989457    
   29.75000      5.3317338E-02  0.8987771    
   29.85000      5.2783284E-02  0.8985556    
   29.95000      5.2256331E-02  0.8983996    
   30.05000      5.1736370E-02  0.8981909    
   30.15000      5.1223297E-02  0.8974997    
   30.25000      5.0716963E-02  0.8973364    
   30.35000      5.0217289E-02  0.8971785    
   30.45000      4.9724162E-02  0.8969133    
   30.55000      4.9237471E-02  0.8967658    
   30.65000      4.8757117E-02  0.8960742    
   30.75000      4.8282985E-02  0.8959130    
   30.85000      4.7814973E-02  0.8957022    
   30.95000      4.7352992E-02  0.8954962    
   31.05000      4.6896946E-02  0.8948997    
   31.15000      4.6446748E-02  0.8946546    
   31.25000      4.6002284E-02  0.8944407    
   31.35000      4.5563463E-02  0.8942825    
   31.45000      4.5130216E-02  0.8940511    
   31.55000      4.4702444E-02  0.8934474    
   31.65000      4.4280075E-02  0.8932036    
   31.75000      4.3862995E-02  0.8930386    
   31.85000      4.3451138E-02  0.8928273    
   31.95000      4.3044414E-02  0.8925955    
   32.05000      4.2642746E-02  0.8920789    
   32.15000      4.2246081E-02  0.8918338    
   32.25000      4.1854318E-02  0.8915924    
   32.35000      4.1467369E-02  0.8914475    
   32.45000      4.1085184E-02  0.8907955    
   32.55000      4.0707670E-02  0.8906593    
   32.65000      4.0334787E-02  0.8904560    
   32.75000      3.9966445E-02  0.8901878    
   32.85000      3.9602555E-02  0.8900350    
   32.95000      3.9243083E-02  0.8893964    
   33.05000      3.8887940E-02  0.8892501    
   33.15000      3.8537074E-02  0.8890187    
   33.25000      3.8190424E-02  0.8887895    
   33.35000      3.7847903E-02  0.8882632    
   33.45000      3.7509482E-02  0.8879987    
   33.55000      3.7175067E-02  0.8878212    
   33.65000      3.6844626E-02  0.8876446    
   33.75000      3.6518093E-02  0.8873870    
   33.85000      3.6195397E-02  0.8868654    
   33.95000      3.5876501E-02  0.8866147    
   34.05000      3.5561331E-02  0.8864461    
   34.15000      3.5249848E-02  0.8862386    
   34.25000      3.4941994E-02  0.8859134    
   34.35000      3.4637704E-02  0.8854738    
   34.45000      3.4336954E-02  0.8852337    
   34.55000      3.4039658E-02  0.8850335    
   34.65000      3.3745792E-02  0.8848720    
   34.75000      3.3455305E-02  0.8845594    
   34.85000      3.3168130E-02  0.8840615    
   34.95000      3.2884244E-02  0.8838295    
   35.05000      3.2603573E-02  0.8836725    
   35.15000      3.2326102E-02  0.8834055    
   35.25000      3.2051772E-02  0.8831760    
   35.35000      3.1780522E-02  0.8827309    
   35.45000      3.1512342E-02  0.8824333    
   35.55000      3.1247156E-02  0.8822435    
   35.65000      3.0984951E-02  0.8820537    
   35.75000      3.0725662E-02  0.8815154    
   35.85000      3.0469257E-02  0.8812934    
   35.95000      3.0215705E-02  0.8810377    
   36.05000      2.9964959E-02  0.8808503    
   36.15000      2.9716970E-02  0.8806287    
   36.25000      2.9471712E-02  0.8801064    
   36.35000      2.9229142E-02  0.8799536    
   36.45000      2.8989239E-02  0.8797013    
   36.55000      2.8751954E-02  0.8794491    
   36.65000      2.8517239E-02  0.8790351    
   36.75000      2.8285077E-02  0.8787528    
   36.85000      2.8055426E-02  0.8785348    
   36.95000      2.7828263E-02  0.8783165    
   37.05000      2.7603542E-02  0.8780977    
   37.15000      2.7381228E-02  0.8776295    
   37.25000      2.7161300E-02  0.8773809    
   37.35000      2.6943717E-02  0.8772238    
   37.45000      2.6728459E-02  0.8769441    
   37.55000      2.6515491E-02  0.8766945    
   37.65000      2.6304765E-02  0.8762651    
   37.75000      2.6096273E-02  0.8760166    
   37.85000      2.5889976E-02  0.8757970    
   37.95000      2.5685854E-02  0.8756062    
   38.05000      2.5483878E-02  0.8753557    
   38.15000      2.5284000E-02  0.8749036    
   38.25000      2.5086218E-02  0.8746256    
   38.35000      2.4890481E-02  0.8744603    
   38.45000      2.4696782E-02  0.8742376    
   38.55000      2.4505092E-02  0.8739858    
   38.65000      2.4315372E-02  0.8735668    
   38.75000      2.4127612E-02  0.8733152    
   38.85000      2.3941774E-02  0.8731173    
   38.95000      2.3757843E-02  0.8728639    
   39.05000      2.3575794E-02  0.8724215    
   39.15000      2.3395594E-02  0.8722212    
   39.25000      2.3217231E-02  0.8719402    
   39.35000      2.3040671E-02  0.8717635    
   39.45000      2.2865901E-02  0.8715332    
   39.55000      2.2692898E-02  0.8710944    
   39.65000      2.2521630E-02  0.8708884    
   39.75000      2.2352085E-02  0.8706556    
   39.85000      2.2184232E-02  0.8704215    
   39.95000      2.2018064E-02  0.8701611    
   40.05000      2.1853549E-02  0.8697498    
   40.15000      2.1690661E-02  0.8695380    
   40.25000      2.1529391E-02  0.8693004    
   40.35000      2.1369712E-02  0.8690606    
   40.45000      2.1211619E-02  0.8686507    
   40.55000      2.1055080E-02  0.8684100    
   40.65000      2.0900069E-02  0.8682156    
   40.75000      2.0746583E-02  0.8679720    
   40.85000      2.0594593E-02  0.8677267    
   40.95000      2.0444088E-02  0.8673170    
   41.05000      2.0295046E-02  0.8670704    
   41.15000      2.0147443E-02  0.8668684    
   41.25000      2.0001268E-02  0.8666418    
   41.35000      1.9856503E-02  0.8662539    
   41.45000      1.9713137E-02  0.8660026    
   41.55000      1.9571150E-02  0.8657496    
   41.65000      1.9430516E-02  0.8655618    
   41.75000      1.9291233E-02  0.8653278    
   41.85000      1.9153271E-02  0.8648943    
   41.95000      1.9016629E-02  0.8646585    
   42.05000      1.8881284E-02  0.8644422    
   42.15000      1.8747214E-02  0.8642240    
   42.25000      1.8614411E-02  0.8640041    
   42.35000      1.8482862E-02  0.8636119    
   42.45000      1.8352544E-02  0.8633893    
   42.55000      1.8223455E-02  0.8631016    
   42.65000      1.8095570E-02  0.8629374    
   42.75000      1.7968882E-02  0.8626676    
   42.85000      1.7843369E-02  0.8622938    
   42.95000      1.7719030E-02  0.8620627    
   43.05000      1.7595841E-02  0.8618295    
   43.15000      1.7473787E-02  0.8615940    
   43.25000      1.7352864E-02  0.8613771    
   43.35000      1.7233048E-02  0.8609993    
   43.45000      1.7114334E-02  0.8607593    
   43.55000      1.6996713E-02  0.8605177    
   43.65000      1.6880162E-02  0.8603124    
   43.75000      1.6764678E-02  0.8599321    
   43.85000      1.6650241E-02  0.8597043    
   43.95000      1.6536849E-02  0.8594557    

